9.87829746880426818e+00
2.02086515626795986e+01
2.02086816853680986e+01
2.02087640353212663e+01
3.32475545518924847e+01
3.32475733960855493e+01
3.32476998678942337e+01
3.32477188368101437e+01
3.32479018638288792e+01
3.95150435075584952e+01
4.88771279612482914e+01
4.88771992314571904e+01
4.88772896016129295e+01
4.88773298229166571e+01
4.88775274932252941e+01
4.88776147971910149e+01
4.88777291852643216e+01
5.97384702732366222e+01
5.97384826848198927e+01
5.97388060527675862e+01
6.70210944928863341e+01
6.70211827102177580e+01
6.70213446594637645e+01
6.70214480752369184e+01
6.70216443583846058e+01
6.70217703767145139e+01
6.70217910576692901e+01
6.70219298714496148e+01
6.70221649060310227e+01
8.28087574166479214e+01
8.28088587577248347e+01
8.28091441882860551e+01
8.28092878605131091e+01
8.28097563537551338e+01
8.76261205940472223e+01
8.76262912385251695e+01
8.76265536625580665e+01
8.76266307312691879e+01
8.76267140475685409e+01
8.76268319097334114e+01
8.76269385022680041e+01
8.76271048277375968e+01
8.76271826607405018e+01
8.76274297101495563e+01
8.76278456052581021e+01
8.89263464070519518e+01
1.08649207030090039e+02
1.08649429662640713e+02
1.08649530570105910e+02
1.08649779948079228e+02
1.08650163320759731e+02
1.08650297628508369e+02
1.08650880685951577e+02
1.10653065780859635e+02
1.10653201720312794e+02
1.10653469666328505e+02
1.10653731358386295e+02
1.10653791989753358e+02
1.10654034695201958e+02
1.10654317576395243e+02
1.10654446399583762e+02
1.10654703398985163e+02
1.10654861606548451e+02
1.10655097869870630e+02
1.10655282372939539e+02
1.10655396397013575e+02
1.19055026130424267e+02
1.19056222159123962e+02
1.19056505816081909e+02
1.36072857654135873e+02
1.36073160986501904e+02
1.36073555821566657e+02
1.36073637865204972e+02
1.36073856968140063e+02
1.36074206745213900e+02
1.36074772117258817e+02
1.36074964183556204e+02
1.36075153552380840e+02
1.36075420099091417e+02
1.36075727862545733e+02
1.36076005968796721e+02
1.36076264068729415e+02
1.36076365406941676e+02
1.36076705104158663e+02
1.37199092322219087e+02
1.37199660045910520e+02
1.37199918269222849e+02
1.37200032661227340e+02
1.37200820814123745e+02
1.37201014724249262e+02
1.37201558653395409e+02
1.37201784119567833e+02
1.37202059566550929e+02
1.52091957171007465e+02
1.52092753389084493e+02
1.52093310242098426e+02
1.52093962324715619e+02
1.52095658227582305e+02
1.58171744756933663e+02
1.63864091994880852e+02
1.63864330102761954e+02
1.63864865949382789e+02
1.63865377374934383e+02
1.63865953881153189e+02
1.63866236387673098e+02
1.63866659395195853e+02
1.63866905559250029e+02
1.63867332056376455e+02
1.63867817460020746e+02
1.63868352663948230e+02
1.63868583431031368e+02
1.63868719554439849e+02
1.63869170415796788e+02
1.63869754798267621e+02
1.63870194626629285e+02
1.63870885477271969e+02
1.68412717729373838e+02
1.68413649713397376e+02
1.68414326209852192e+02
1.68414495588744444e+02
1.68415187172206743e+02
1.68415479594022230e+02
1.68415786688692549e+02
1.68416207390241226e+02
1.68417225237519119e+02
1.68417526188064301e+02
1.68417696755370855e+02
1.87991012550085429e+02
1.87992849979496299e+02
1.87993782010168758e+02
1.87994320045816124e+02
1.87994658418340322e+02
1.87996491708806417e+02
1.87998291107743768e+02
1.94010720115293879e+02
1.94012478147909405e+02
1.94013608883792330e+02
1.94013697514523898e+02
1.94014370505830584e+02
1.94015139183165189e+02
1.94015578608396766e+02
1.94015790909753377e+02
1.94016119737682089e+02
1.94016694076512778e+02
1.94016950898086975e+02
1.94017324795010950e+02
1.94017764932984733e+02
1.94018654810264053e+02
1.94018713962008576e+02
1.94019846301332336e+02
1.94021312486348137e+02
1.94021648080952957e+02
1.94022316759612067e+02
1.98257788775285093e+02
1.98259938733331296e+02
1.98263420445829240e+02
2.02254331061066978e+02
2.02256618201662008e+02
2.02257871898901016e+02
2.02258352682354428e+02
2.02258781261077729e+02
2.02259227899820644e+02
2.02259935484453109e+02
2.02260969529839969e+02
2.02261655415913168e+02
2.02262160139765484e+02
2.02263534507524469e+02
2.02264133443619642e+02
2.02265428986824105e+02
2.26503077661822488e+02
2.26506394997825566e+02
2.26507762153266697e+02
2.26508448094844624e+02
2.26508768851106964e+02
2.26509302599920147e+02
2.26510588068149332e+02
2.26511073820153229e+02
2.26511896464437854e+02
2.26512717415294759e+02
2.26513427687146162e+02
2.26513755964620287e+02
2.26514898146150017e+02
2.26515946751075035e+02
2.26516567230200394e+02
2.26516795395732117e+02
2.26517448383741936e+02
2.26518453409016729e+02
2.26520211909102699e+02
2.26520294643004604e+02
2.26521992843340342e+02
2.26717191724216804e+02
2.26717826965839151e+02
2.26721706669008199e+02
2.26722703082211837e+02
2.26723245294690912e+02
2.26724442708036236e+02
2.26726713830285547e+02
2.26727315258725156e+02
2.26729272758191371e+02
2.38702897953043390e+02
2.38704084938498227e+02
2.38705068042378713e+02
2.38706662519529090e+02
2.38707272011059416e+02
2.38708440564280011e+02
2.38710087133648557e+02
2.38710956924033383e+02
2.38711228159911627e+02
2.38711612495503601e+02
2.38714043127052406e+02
2.38714237524268583e+02
2.38715759292997689e+02
2.38716185765444408e+02
2.38717893965316847e+02
2.41313090459567491e+02
2.41317738614791381e+02
2.41320663053540187e+02
2.41322700024776140e+02
2.41325196783159981e+02
2.47393260811121849e+02
2.61333082998811449e+02
2.61340688972505916e+02
2.61343094782848937e+02
2.61344144911524722e+02
2.61345075965005321e+02
2.61346288972080742e+02
2.61348191903760664e+02
2.61349691952798082e+02
2.61350351084915758e+02
2.61350845226166882e+02
2.61351850778653557e+02
2.61352213661506198e+02
2.61352993188252015e+02
2.61353730959335223e+02
2.61354458058965633e+02
2.61356850262304306e+02
2.61357350744479845e+02
2.61358011608079096e+02
2.61358630181293222e+02
2.61360242925273610e+02
2.61361586357501096e+02
2.61362966279652653e+02
2.61365819803983356e+02
2.68236813196433616e+02
2.68244584579954278e+02
2.68246314013158269e+02
2.68248239566125733e+02
2.68250890613470574e+02
2.68253040119328148e+02
2.68254267811630541e+02
2.68256652664538990e+02
2.68259163115681247e+02
2.68261925897712047e+02
2.68264428110312963e+02
2.77735750544169093e+02
2.77739555829876053e+02
2.77740352062354134e+02
2.77742425181052511e+02
2.77743716476916859e+02
2.77745288302359654e+02
2.77746392926857482e+02
2.77747816179781125e+02
2.77748604884318468e+02
2.77750727842674110e+02
2.77753128530922197e+02
2.77754455456347841e+02
2.77754984380088615e+02
2.77756372387681040e+02
2.77760198877459004e+02
2.77760981652684507e+02
2.77766499273587726e+02
2.87316208247471479e+02
2.87323311132419860e+02
2.87328902284475987e+02
2.87334349435530271e+02
2.87335534513050561e+02
2.87339672394765557e+02
2.87340013932465467e+02
2.97551715669345185e+02
2.97564849719972301e+02
2.97569490884932407e+02
2.98512043909634087e+02
2.98516814938160906e+02
2.98517595582145134e+02
2.98519800352019558e+02
2.98520996220561983e+02
2.98521815560556831e+02
2.98524465652216293e+02
2.98525566504816254e+02
2.98526642440429669e+02
2.98528149666418756e+02
2.98531019546261405e+02
2.98532138965721742e+02
2.98532685776765959e+02
2.98533111630785754e+02
2.98535398783873688e+02
2.98535899506073747e+02
2.98536969320923845e+02
2.98538918453321628e+02
2.98540202674352486e+02
2.98541702111852373e+02
2.98542950084637880e+02
2.98544270850339728e+02
2.98548822944981339e+02
2.98550530457932553e+02
2.98554719867098925e+02
3.12543071745414807e+02
3.12548209354325650e+02
3.12552995716917280e+02
3.12554474486352433e+02
3.12556471459417537e+02
3.12558702758947959e+02
3.12560288996145857e+02
3.12567810359752173e+02
3.12568772146588742e+02
3.12570936834039969e+02
3.12571989288327586e+02
3.12573813155534310e+02
3.12584711624246040e+02
3.19345366211319174e+02
3.19347217232036314e+02
3.19350620077848021e+02
3.19355584881270715e+02
3.19356985842087624e+02
3.19360546402996704e+02
3.19363008871481952e+02
3.19365788272694317e+02
3.19366528970693651e+02
3.19369698272586504e+02
3.19373836544633093e+02
3.19374465147012700e+02
3.19377413477221069e+02
3.19381138254803147e+02
3.19382125197358732e+02
3.19383937455348132e+02
3.19387648903304751e+02
3.19389558300705744e+02
3.19391088939986616e+02
3.36257344715241345e+02
3.36263441844130000e+02
3.36267424908787746e+02
3.36272918610747809e+02
3.36278211108226174e+02
3.36280370183709863e+02
3.36288238955899828e+02
3.36295007259828367e+02
3.36297268498739072e+02
3.38027097231798962e+02
3.38033207951074075e+02
3.38035518189557081e+02
3.38036559641647329e+02
3.38041318564788924e+02
3.38042026239158702e+02
3.38042364082253016e+02
3.38044460859900994e+02
3.38047442024069881e+02
3.38049052752408898e+02
3.38053980969120346e+02
3.38054752241441122e+02
3.38056879881030056e+02
3.38058343275581592e+02
3.38060857996135951e+02
3.38062095458219403e+02
3.38063618911436151e+02
3.38066349255582907e+02
3.38068172827950150e+02
3.38069639398942456e+02
3.38071274396762703e+02
3.38075145038502114e+02
3.38078241700580691e+02
3.38079473605983480e+02
3.38082721624828082e+02
3.38084866738885410e+02
3.38090017488677177e+02
3.50746768679696572e+02
3.50763366096925040e+02
3.50776270070648764e+02
3.50780554378190516e+02
3.50794007570874157e+02
3.56855138618692877e+02
3.59614418409238851e+02
3.59623110570883853e+02
3.59624396778544337e+02
3.59628518062149453e+02
3.59632678687751138e+02
3.59636663991340185e+02
3.59639896873905172e+02
3.59642742547189243e+02
3.59644564158205185e+02
3.59649917115591393e+02
3.59654871455366276e+02
3.59658301486088419e+02
3.59665245262307167e+02
3.59670390115717282e+02
3.59676850565488905e+02
3.63525493543135156e+02
3.63532578471054194e+02
3.63541308381928616e+02
3.63548734915127170e+02
3.63552262083108417e+02
3.63555547278197253e+02
3.63556406880566385e+02
3.63558954736390433e+02
3.63562287111149885e+02
3.63565910309696733e+02
3.63568490007173182e+02
3.63570861066876091e+02
3.63574128562639430e+02
3.63576025409696229e+02
3.63578022665444621e+02
3.63580989877382251e+02
3.63584585939333465e+02
3.63591084173175886e+02
3.63596542839538984e+02
3.63598143794723285e+02
3.63606364149350668e+02
3.79889672749145006e+02
3.79899078259528096e+02
3.79902774170297278e+02
3.79904539007041251e+02
3.79906385213940041e+02
3.79908813773426743e+02
3.79915491086504062e+02
3.79918490577973728e+02
3.79922004645922300e+02
3.79924394715606354e+02
3.79925299133282465e+02
3.79930873626556377e+02
3.79933035258288328e+02
3.79934071614808374e+02
3.79936937041685098e+02
3.79940858520436848e+02
3.79943234610909997e+02
3.79946063300002720e+02
3.79946864176291172e+02
3.79951572791698652e+02
3.79955318594278879e+02
3.79956248113317145e+02
3.79960460807343111e+02
3.79963874524236189e+02
3.79966655748834114e+02
3.79966957923785117e+02
3.79974309328175934e+02
3.79977294160302165e+02
3.79983203106924975e+02
3.88112197889330787e+02
3.88135415731014291e+02
3.88136461256956864e+02
3.88145627491359960e+02
3.88149968541939927e+02
3.88156279823686077e+02
3.88166190577344025e+02
3.88172252576240680e+02
3.88176949680610051e+02
3.88183905068569914e+02
3.88196416923862103e+02
4.07008884683115866e+02
4.07028346806037291e+02
4.07037626613432280e+02
4.07048817577578063e+02
4.07060731514430472e+02
4.07073864601983757e+02
4.07095611437028140e+02
4.09457109898756869e+02
4.09459404605828183e+02
4.09463540212267219e+02
4.09469829780053942e+02
4.09480135561662337e+02
4.09486643462282984e+02
4.09491923993413138e+02
4.09495431662678129e+02
4.09498782051225646e+02
4.09500466370609558e+02
4.09503704238424177e+02
4.09508931168082711e+02
4.09514354892982624e+02
4.09517109087314452e+02
4.09527856189412717e+02
4.09536189907919152e+02
4.09538053643487956e+02
4.10296518625830629e+02
4.10309758209408585e+02
4.10314789353679998e+02
4.10319565697939481e+02
4.10322126591332164e+02
4.10325376536883766e+02
4.10327076141343525e+02
4.10329013621205661e+02
4.10332648444227800e+02
4.10339113067975916e+02
4.10347245682350888e+02
4.10351600283752362e+02
4.10354156818660385e+02
4.10356897185655043e+02
4.10362017808357507e+02
4.10366186813906040e+02
4.10371299735548234e+02
4.10377583250967064e+02
4.10382495166296621e+02
4.10383459190120391e+02
4.10387074182807225e+02
4.10388513490591151e+02
4.10396867046172588e+02
4.17268847927507295e+02
4.17281619124091890e+02
4.17324239123730649e+02
4.24100656848890821e+02
4.24125953168419414e+02
4.24130864063225374e+02
4.24142292742831728e+02
4.24143890894534877e+02
4.24147746257607423e+02
4.24151949027575824e+02
4.24152172439010542e+02
4.24157301554747335e+02
4.24159999559311302e+02
4.24161110922100590e+02
4.24164977177575850e+02
4.24167459410947743e+02
4.24169967530045255e+02
4.24172218650826153e+02
4.24176611722931455e+02
4.24181528500277864e+02
4.24183488656106533e+02
4.24192414663875127e+02
4.24195699008475287e+02
4.24202301302112744e+02
4.24205037150982264e+02
4.24206379402010953e+02
4.24211709282814411e+02
4.24214421113741480e+02
4.24218593931057683e+02
4.24226277412048944e+02
4.24235721089319497e+02
4.24238993306795919e+02
4.24245522783889612e+02
4.24248682775711529e+02
4.42922897486234149e+02
4.42927787507678545e+02
4.42936082609933919e+02
4.42943631113467916e+02
4.42963807105433943e+02
4.42970829024976865e+02
4.42979365977014993e+02
4.42986073250350614e+02
4.42994636988247180e+02
4.43002309981818541e+02
4.43010817078873856e+02
4.43027414872554914e+02
4.43042843781528688e+02
4.59647656860882421e+02
4.59665233755541635e+02
4.59670022785117112e+02
4.59671307164369068e+02
4.59676908766815529e+02
4.59687052109452281e+02
4.59688002112534662e+02
4.59692842447546752e+02
4.59695603162881184e+02
4.59699477141278635e+02
4.59707555954249415e+02
4.59710122640863176e+02
4.59719103403980739e+02
4.59725034168965692e+02
4.59732419654524563e+02
4.59741433696190256e+02
4.59743432157772531e+02
4.59759247460141694e+02
4.59761436001300126e+02
4.59766445817592057e+02
4.59770286964150671e+02
4.59780151362499225e+02
4.59782717637013320e+02
4.59794476017600118e+02
4.59802806818917361e+02
4.62052700743931666e+02
4.62067494769103916e+02
4.62087703238311974e+02
4.62092287316543775e+02
4.62103281456602247e+02
4.62105799361389529e+02
4.62114203798004951e+02
4.62122433458923524e+02
4.62128645681807029e+02
4.62140345549176573e+02
4.62144181179989744e+02
4.62149096624657318e+02
4.62153086961842973e+02
4.62154014828648030e+02
4.62162036996867073e+02
4.62168050708488749e+02
4.62178379469296431e+02
4.62187963892661628e+02
4.62201104432076761e+02
4.66344657200479162e+02
4.66362025136951956e+02
4.66381310553828030e+02
4.66402664017117047e+02
4.66423945527630337e+02
4.66433604482030375e+02
4.66450972457048636e+02
4.66455136232349673e+02
4.66494640749340761e+02
4.70677321950347050e+02
4.70731305938303308e+02
4.70739304956425372e+02
4.70743250031122216e+02
4.70749783250705661e+02
4.70758747615900745e+02
4.70760125057353548e+02
4.70769424043572542e+02
4.70772683436792875e+02
4.70774632255677318e+02
4.70778737930038574e+02
4.70783609625047120e+02
4.70789313373966479e+02
4.70792775845953088e+02
4.70795649596221779e+02
4.70801773592477844e+02
4.70804433059070334e+02
4.70810575343389587e+02
4.70812045249360835e+02
4.70813878479732409e+02
4.70821481883330023e+02
4.70825734501945476e+02
4.70829177604053882e+02
4.70838836342461718e+02
4.70848627584847065e+02
4.70856911519243909e+02
4.70862199638460311e+02
4.70867286120838116e+02
4.70875416770427137e+02
4.70877611235631832e+02
4.70881501085614047e+02
4.70894053788951226e+02
4.70897895658616790e+02
4.80860827983662148e+02
4.80871344388492787e+02
4.80933031658831510e+02
4.80946913107897274e+02
4.81002224574126785e+02
4.87061374618130003e+02
5.00672180211092666e+02
5.00686980026570780e+02
5.00692046575672691e+02
5.00715128795846340e+02
5.00719376839970153e+02
5.00728191602986669e+02
5.00735547878544764e+02
5.00748451158149464e+02
5.00757843049215580e+02
5.00778991736909973e+02
5.00788009091562742e+02
5.00801326538869773e+02
5.00805929715270338e+02
5.00807984611717927e+02
5.00832537045054210e+02
5.11582947503155310e+02
5.11588950704174636e+02
5.11623329405113680e+02
5.11633071530818370e+02
5.11640893338413832e+02
5.11660218363903482e+02
5.11668200294279188e+02
5.11677859878118170e+02
5.11686740148955437e+02
5.11688801444713135e+02
5.11693177922074028e+02
5.11695878227121057e+02
5.11709753038140320e+02
5.11714602594783742e+02
5.11720667264210988e+02
5.11723208941764767e+02
5.11735616876040808e+02
5.11741585783602488e+02
5.11748706537543171e+02
5.11751087777919906e+02
5.11759409786163644e+02
5.11771711484995535e+02
5.11775552558982213e+02
5.11780070150696531e+02
5.11787030462926793e+02
5.11793825755940532e+02
5.11804608466014827e+02
5.17453474347488282e+02
5.17468704735433334e+02
5.17485637463344233e+02
5.17487790731180326e+02
5.17506476481669438e+02
5.17522605957041606e+02
5.17525847327780639e+02
5.17542734293327385e+02
5.17552866262251086e+02
5.17561550047739843e+02
5.17565440679060998e+02
5.17572667986962415e+02
5.17579261207064746e+02
5.17591271411267257e+02
5.17595619879641504e+02
5.17603579544061290e+02
5.17613358179451552e+02
5.17625957303746759e+02
5.17640912636160238e+02
5.17648003203227972e+02
5.17658788804201890e+02
5.19701918091308471e+02
5.19716227949106496e+02
5.19727539219445021e+02
5.19735000480804388e+02
5.19749700735144415e+02
5.19756399011179724e+02
5.19762835781435228e+02
5.19772066852146054e+02
5.19778378436750359e+02
5.19782574917834268e+02
5.19787834355160612e+02
5.19796499801234063e+02
5.19804065234768586e+02
5.19813235125483175e+02
5.19815671754793698e+02
5.19817083204750475e+02
5.19823042184334895e+02
5.19830443801694059e+02
5.19834438034040204e+02
5.19837197903058723e+02
5.19839682964720510e+02
5.19852037180390312e+02
5.19860373668588181e+02
5.19868746656546364e+02
5.19877374433257614e+02
5.19883378515553431e+02
5.19894405585961067e+02
5.19902212517979819e+02
5.19909355942970819e+02
5.19919737905799366e+02
5.19930328346660872e+02
5.19933275376422444e+02
5.19941984110157023e+02
5.19947075873134395e+02
5.19994451499903221e+02
5.28753955956765594e+02
5.28814537028248537e+02
5.28834784782323936e+02
5.28841769848052877e+02
5.28862936280726899e+02
5.28888170209943951e+02
5.28900566341969693e+02
5.28929204034721806e+02
5.28943228264386221e+02
5.28969294994069969e+02
5.28986370888301849e+02
5.47700803050908576e+02
5.47712919717849559e+02
5.47731942166427302e+02
5.47809662327404908e+02
5.47824734306994628e+02
5.47837393225234791e+02
5.47860558328647926e+02
5.58057638221479351e+02
5.58099336980204157e+02
5.58132562151152456e+02
5.61369932832652694e+02
5.61404754027365811e+02
5.61418711218919611e+02
5.61425799737890429e+02
5.61448883554017584e+02
5.61456614388488447e+02
5.61468085881669481e+02
5.61482782849547903e+02
5.61496195676504726e+02
5.61499710917325046e+02
5.61510816448539686e+02
5.61526575575145557e+02
5.61546548648097769e+02
5.61555252992137071e+02
5.61576050523655681e+02
5.61612859074006337e+02
5.61629924689523591e+02
5.66145538494600487e+02
5.66165213229925598e+02
5.66209999240067532e+02
5.66214760995120855e+02
5.66235539019986277e+02
5.66245840210867755e+02
5.66252601085900665e+02
5.66258781484165752e+02
5.66273682818689394e+02
5.66281731567311340e+02
5.66291724842630856e+02
5.66297503158632253e+02
5.66308090764558983e+02
5.66332672902766831e+02
5.66339508858549607e+02
5.66343821919864013e+02
5.66353992961684298e+02
5.66367601070652086e+02
5.66375184992779168e+02
5.66378126827369670e+02
5.66388079315361892e+02
5.66392443076690029e+02
5.66409781521966238e+02
5.66415016084736521e+02
5.66426369148423305e+02
5.66431720764027204e+02
5.66435078808368303e+02
5.66456962598138603e+02
5.66498377962063046e+02
5.71092656477406990e+02
5.71122447864471724e+02
5.71126790839612795e+02
5.71147548950934492e+02
5.71150930891278904e+02
5.71157424606711174e+02
5.71178663529971345e+02
5.71180888798660931e+02
5.71197081126821672e+02
5.71208720542881110e+02
5.71214588479651525e+02
5.71217932341507549e+02
5.71227531485121631e+02
5.71235037744878923e+02
5.71241019778645182e+02
5.71249368755142882e+02
5.71253553180707854e+02
5.71258793661422601e+02
5.71279595982074170e+02
5.71287863906947678e+02
5.71302382788043474e+02
5.71311978842610984e+02
5.71315249803998654e+02
5.71335760905443749e+02
5.71343422159195597e+02
5.71349195005952765e+02
5.71352840353708871e+02
5.71369553417174188e+02
5.71383039591192642e+02
5.71384190769285965e+02
5.71396412113803876e+02
5.71409152479493969e+02
5.71418066486980138e+02
5.71439173311613445e+02
5.71475616619755101e+02
5.71483483927841576e+02
5.71495926940133131e+02
5.75673324216428568e+02
5.75693599934328631e+02
5.75709089933086261e+02
5.75715204302310212e+02
5.75730627430882691e+02
5.75747656976074154e+02
5.75750341622725614e+02
5.75760775431635921e+02
5.75781518836772079e+02
5.75784643903960841e+02
5.75794267182097542e+02
5.75799819022359998e+02
5.75808491200813478e+02
5.75835571421727764e+02
5.75845250695953837e+02
5.75858299753579900e+02
5.75869858459359648e+02
5.75874921603379676e+02
5.75888294278578201e+02
5.75910846472803314e+02
5.75932733174909913e+02
5.75950023871606049e+02
5.75961590872455758e+02
5.94344696347995978e+02
5.94373251904905715e+02
5.94387513956985686e+02
5.94406755735379534e+02
5.94426214013717981e+02
5.94433039829837639e+02
5.94460599663053586e+02
5.94493882631068345e+02
5.94495244718856270e+02
5.94528527408596915e+02
5.94563386145458253e+02
5.94584749667312053e+02
5.94662606874228004e+02
6.17718493131197420e+02
6.17788506448229327e+02
6.17793385143798105e+02
6.17837028440088488e+02
6.17927250000963340e+02
6.17945888650886104e+02
6.17954772455547072e+02
6.18018315883594823e+02
6.18055628662657000e+02
6.23328396950059869e+02
6.23391397098475409e+02
6.23441704063052612e+02
6.23461011734712315e+02
6.23473306017197388e+02
6.23485868459275594e+02
6.23500499267159512e+02
6.23509649579851043e+02
6.23530937608107934e+02
6.23536824918010552e+02
6.23556184042594737e+02
6.23575451246487887e+02
6.23579193489071031e+02
6.23588770914350562e+02
6.23602435944749118e+02
6.23609797767311761e+02
6.23611109726762720e+02
6.23621114747259753e+02
6.23629633202766968e+02
6.23640880099268998e+02
6.23653895334920890e+02
6.23667068539909678e+02
6.23672943103199486e+02
6.23679634180900848e+02
6.23707723609185905e+02
6.23728713617523908e+02
6.23730926860938212e+02
6.23743769712420999e+02
6.23779566314440672e+02
6.23785432930453339e+02
6.23852986241007670e+02
6.24942492100782374e+02
6.24958229526540663e+02
6.24989290567262060e+02
6.25004070518353728e+02
6.25007559892900304e+02
6.25025368605395443e+02
6.25029538066046030e+02
6.25046097429901124e+02
6.25048822587957034e+02
6.25061143963077939e+02
6.25070817380652443e+02
6.25083064934021877e+02
6.25093372779120500e+02
6.25101853464803867e+02
6.25104273363327479e+02
6.25105723702983141e+02
6.25112707889834837e+02
6.25129478284048332e+02
6.25133366771635110e+02
6.25141226948051781e+02
6.25148736192589013e+02
6.25158522225873526e+02
6.25169683661403155e+02
6.25174661111078990e+02
6.25181093289509249e+02
6.25187902870020594e+02
6.25195647399217478e+02
6.25204259938054861e+02
6.25212267626461653e+02
6.25219008930072960e+02
6.25222209324447704e+02
6.25228827695225846e+02
6.25233388935045014e+02
6.25244724296453342e+02
6.25247262513147689e+02
6.25254778711405265e+02
6.25264398900720835e+02
6.25270833342524611e+02
6.25274379735083016e+02
6.25278947970056379e+02
6.25296242934131328e+02
6.25308619951482001e+02
6.25313137703779944e+02
6.25317332405216575e+02
6.25322865317476385e+02
6.25327350989973866e+02
6.25336867487241079e+02
6.25348635642977342e+02
6.25357295045426667e+02
6.25361920286107988e+02
6.25381037891240794e+02
6.25388588105882604e+02
6.25407159987035925e+02
6.25411750424106685e+02
6.25424066764201370e+02
6.25438161749389906e+02
6.25454868312079611e+02
6.25459712717158027e+02
6.32318133589872104e+02
6.32407816467727457e+02
6.32438131065030348e+02
6.32594852324669318e+02
6.32614253299297616e+02
6.36736091211600638e+02
6.36739224256284274e+02
6.36766052999267686e+02
6.36789996360365990e+02
6.36799012293174542e+02
6.36806433914703348e+02
6.36819610615330248e+02
6.36831234434301109e+02
6.36855110985876422e+02
6.36864379294142964e+02
6.36870031658647008e+02
6.36885010452508936e+02
6.36905972291157127e+02
6.36912119899614254e+02
6.36917345265722361e+02
6.36949400490079825e+02
6.36951262649549335e+02
6.36974445134589587e+02
6.36977863060649952e+02
6.37004888780795682e+02
6.37038797238567213e+02
6.37045609246633944e+02
6.37055660767473796e+02
6.37089879958847746e+02
6.37117004279035768e+02
6.38672524129277690e+02
6.63003027818002010e+02
6.63026754532305517e+02
6.63076439942154707e+02
6.63129250634653090e+02
6.63157941126731885e+02
6.63188291485046989e+02
6.63200909416923309e+02
6.63213269096457907e+02
6.63236913289496783e+02
6.63253302810226728e+02
6.63305519838569239e+02
6.63320443028733052e+02
6.63378285668090712e+02
6.63400551429764732e+02
6.63497149422893926e+02
6.81219035080737399e+02
6.81242764492292622e+02
6.81277078555177468e+02
6.81310089940301168e+02
6.81361590987332306e+02
6.81363567407641199e+02
6.81374837046877815e+02
6.81398929859661621e+02
6.81413862909990371e+02
6.81437766700647217e+02
6.81462418505491314e+02
6.81480636581629142e+02
6.81489847154622225e+02
6.81499426144765494e+02
6.81510097320826162e+02
6.81520566684788719e+02
6.81529184914936764e+02
6.81534050623350367e+02
6.81555542857581258e+02
6.81564316795321702e+02
6.81578671684560504e+02
6.81588303210574395e+02
6.81596377250571322e+02
6.81609879433557467e+02
6.81620563087720825e+02
6.81645731356224474e+02
6.81661296443157198e+02
6.81667497495876091e+02
6.81669850494668253e+02
6.81684134689862731e+02
6.81693690089905544e+02
6.81707882841488185e+02
6.81728593487054354e+02
6.81737452549013369e+02
6.81756695846378989e+02
6.81779640564827901e+02
6.81796080009553862e+02
6.81851546714493679e+02
6.81858339927474503e+02
6.81914085702425837e+02
6.81948749194396783e+02
6.83288414956959741e+02
6.83339744094170101e+02
6.83368154666393707e+02
6.83375816260752003e+02
6.83395256705009047e+02
6.83437526923751761e+02
6.83446172615425894e+02
6.83464948521818656e+02
6.83469044813305686e+02
6.83479332116027990e+02
6.83507252532253460e+02
6.83521135971467970e+02
6.83539899025444129e+02
6.83545536259561345e+02
6.83566469380693320e+02
6.83571053235482395e+02
6.83588578047216970e+02
6.83594330973146043e+02
6.83610351331284619e+02
6.83637970010643130e+02
6.83648702562369294e+02
6.83679197398991619e+02
6.83683549319172357e+02
6.83699149870651468e+02
6.83716594771825726e+02
6.83730668040351475e+02
6.83751228818143886e+02
6.83772078063783397e+02
6.83792015357190280e+02
6.83809766447969309e+02
6.83834401003800849e+02
6.83864792707721108e+02
6.83872381900173991e+02
6.91045164694162395e+02
6.91120278818740644e+02
6.91173519457384032e+02
6.91236921408563830e+02
6.91267911673147296e+02
6.91335161167466367e+02
6.91356033974597722e+02
6.91399572201284172e+02
6.91418063734056318e+02
6.91465540018182878e+02
6.91563469985001461e+02
6.91784420675767365e+02
6.91793209584205556e+02
6.91812822154201513e+02
6.91876801921353831e+02
6.91884804894554122e+02
6.91908708088379399e+02
6.91945397511708506e+02
6.91971767984537905e+02
6.91978948262176118e+02
6.91985183916946994e+02
6.92032567454149785e+02
6.92047485099753999e+02
6.92059996332064316e+02
6.92067625534269609e+02
6.92103969394086562e+02
6.92132176745686706e+02
6.92153153264778780e+02
6.92171650779254605e+02
6.92191600563543261e+02
6.92232854148965771e+02
6.92265101159388450e+02
7.00612610990743519e+02
7.00663243973844146e+02
7.00685018314698141e+02
7.00705826903864249e+02
7.00734960045062962e+02
7.00766099814015661e+02
7.00788420952538672e+02
7.00791864980826176e+02
7.00812490141901549e+02
7.00821213641516920e+02
7.00838521805349387e+02
7.00860358398850167e+02
7.00862529725781656e+02
7.00893321991399375e+02
7.00916479900334139e+02
7.00924869217149990e+02
7.00941058174717568e+02
7.00953245864537962e+02
7.00970015793202379e+02
7.00982875119325968e+02
7.01003131727058076e+02
7.01016787981905850e+02
7.01038013068094642e+02
7.01044918960287760e+02
7.01071336332834221e+02
7.01117585352006472e+02
7.01131660458228794e+02
7.10123644816735123e+02
7.10158504645509652e+02
7.10272106081927291e+02
7.10334238298471632e+02
7.10385865445027434e+02
7.10442400441865516e+02
7.10621403793720106e+02
7.20645597894273465e+02
7.20814770012252211e+02
7.20890815375082866e+02
7.34927906394923298e+02
7.34974778207110944e+02
7.35031051592136237e+02
7.35038979167851153e+02
7.35064998183299394e+02
7.35082246572558461e+02
7.35107172994825987e+02
7.35125723923848341e+02
7.35136287376393511e+02
7.35212605077117928e+02
7.35245792469427215e+02
7.35283638824392597e+02
7.35329528245445545e+02
7.35345990343981612e+02
7.35368864839731145e+02
7.35419865115441894e+02
7.35479841602555098e+02
7.40035451811617691e+02
7.40088830469010077e+02
7.40130944223582333e+02
7.40169889105689435e+02
7.40199100381565813e+02
7.40212253520247373e+02
7.40224412363306442e+02
7.40248300732870462e+02
7.40266101997381725e+02
7.40282758758402451e+02
7.40304232834278650e+02
7.40326402359509984e+02
7.40336717257143164e+02
7.40344790159807076e+02
7.40349434028608130e+02
7.40369430444356908e+02
7.40400795512098171e+02
7.40412391849492906e+02
7.40425363022359534e+02
7.40442944063860523e+02
7.40447257843713942e+02
7.40479587129732067e+02
7.40497473615184958e+02
7.40511039254300840e+02
7.40519384920773746e+02
7.40541081548347961e+02
7.40570071993413649e+02
7.40605752709367721e+02
7.40610981174283893e+02
7.40643540565998251e+02
7.40671988385863983e+02
7.40692035426751545e+02
7.40698148152466956e+02
7.40721557202090935e+02
7.40750205106305089e+02
7.40750871207372256e+02
7.40792044823702440e+02
7.40805520304164588e+02
7.40837420586875851e+02
7.40841344169913214e+02
7.40858057739423998e+02
7.40897855703122787e+02
7.40916904160247668e+02
7.45810356824274322e+02
7.45977910939004232e+02
7.45981942542025649e+02
7.46014835752466979e+02
7.46057494428810855e+02
7.46093022055597430e+02
7.46098789636859806e+02
7.46129461082654188e+02
7.46139136444212227e+02
7.46163724117462948e+02
7.46176840974451125e+02
7.46195063487022480e+02
7.46214161489034495e+02
7.46241262985235494e+02
7.46265451545780593e+02
7.46268933073820108e+02
7.46296521260729492e+02
7.46309278335675799e+02
7.46327618297736876e+02
7.46346984215422822e+02
7.46364025168588569e+02
7.46382674307019897e+02
7.46400220510494250e+02
7.46416976185392627e+02
7.46454054642041797e+02
7.46459505634164998e+02
7.46478822675906940e+02
7.46488420460420798e+02
7.46502303366098317e+02
7.46531054614369964e+02
7.46563998579887880e+02
7.46572397671934027e+02
7.46594873973802578e+02
7.46613368389616198e+02
7.46665169245961351e+02
7.61488049362998936e+02
7.61578651699203874e+02
7.61598288922811662e+02
7.61630116339229176e+02
7.61657088066957726e+02
7.61701534377537655e+02
7.61718287627963946e+02
7.61761540669646251e+02
7.61790302042613234e+02
7.61822522227938066e+02
7.61837711566080088e+02
7.61854482480773299e+02
7.61887489105792952e+02
7.61902427068655356e+02
7.61942509013043946e+02
7.61954864627295365e+02
7.61972077119550818e+02
7.61987694919110140e+02
7.62040077436341448e+02
7.62049875911518711e+02
7.62114522630685201e+02
7.62167040078802302e+02
7.62188546785512813e+02
7.67441366641111017e+02
7.67455088435250104e+02
7.67478300160753861e+02
7.67540845961348850e+02
7.67560756736106896e+02
7.67567753989501625e+02
7.67595535376543808e+02
7.67616109617654502e+02
7.67623870859554472e+02
7.67637728346371432e+02
7.67680815659518998e+02
7.67710001767516701e+02
7.67718513634903047e+02
7.67746029876749162e+02
7.67761827509918589e+02
7.67775514355110204e+02
7.67791118851999840e+02
7.67816242273794501e+02
7.67831884600296803e+02
7.67841662044720351e+02
7.67853357542351773e+02
7.67871663646139496e+02
7.67881238468374590e+02
7.67894941947636198e+02
7.67919306494741704e+02
7.67952633610630755e+02
7.67961744599048870e+02
7.67995483906087657e+02
7.67997698955986493e+02
7.68015542700623200e+02
7.68072135592325253e+02
7.68080234029073267e+02
7.68123814907834344e+02
7.68137043391110637e+02
7.68162821022245225e+02
7.68197089057227572e+02
7.68244024111210479e+02
7.68259476137237925e+02
7.68327640008256253e+02
7.68374899049580449e+02
7.68453505063714942e+02
7.68504801484407380e+02
7.91326951085723749e+02
7.91445679134219631e+02
7.91506868691091199e+02
7.91576486027037618e+02
7.91650507049326961e+02
7.91736653476502056e+02
7.91774646270229482e+02
7.91878723807628035e+02
7.91980837635037460e+02
8.01387091914565417e+02
8.01475266444501699e+02
8.01517297614921517e+02
8.01540863803156640e+02
8.01560288787830700e+02
8.01613986574763203e+02
8.01623251666228384e+02
8.01645916639506709e+02
8.01666300042796024e+02
8.01698171402337266e+02
8.01725717006233481e+02
8.01745684905236317e+02
8.01791362026242496e+02
8.01802977377869524e+02
8.01831387293515832e+02
8.01843868311260735e+02
8.01862918637213852e+02
8.01875691197328706e+02
8.01890109789662347e+02
8.01907451123163241e+02
8.01913618218739543e+02
8.01956724660689929e+02
8.01980277545602348e+02
8.01991957791714640e+02
8.02014357211085098e+02
8.02035863340366291e+02
8.02056623384935278e+02
8.02078875808434759e+02
8.02092041267747163e+02
8.02108393396979523e+02
8.02131958863828800e+02
8.02142304679124777e+02
8.02157887422999920e+02
8.02198491092631571e+02
8.02206996438198871e+02
8.02240019470710195e+02
8.02252488966960300e+02
8.02266208323569913e+02
8.02315913361451067e+02
8.02329244131717132e+02
8.02341575771356929e+02
8.02395982440443163e+02
8.02483258858277850e+02
8.02514024437357762e+02
8.02545942282042233e+02
8.06145731410205258e+02
8.06234298796308508e+02
8.06340232804548691e+02
8.06500505007653487e+02
8.06625969858309873e+02
8.09995831224474273e+02
8.10049379502149009e+02
8.10076237156660113e+02
8.10153538112288970e+02
8.10224185585812847e+02
8.10255255256674445e+02
8.10316962403245611e+02
8.10349569042616054e+02
8.10376742733796277e+02
8.10409582592023867e+02
8.10422579809403032e+02
8.10492123911294243e+02
8.10503044295893687e+02
8.10574614176167643e+02
8.10609605516845704e+02
8.10623278633703080e+02
8.10682163505868971e+02
8.10727767273401582e+02
8.10734690572024078e+02
8.11148508800957075e+02
8.11370369456305298e+02
8.11416972972721055e+02
8.11443548142190934e+02
8.11447587936786476e+02
8.11459834354929740e+02
8.11514411638553270e+02
8.11538618990378836e+02
8.11561015403008241e+02
8.11583490653456920e+02
8.11632068234687495e+02
8.11650336411562762e+02
8.11669183035493688e+02
8.11701912609839042e+02
8.11720092677738307e+02
8.11749910487597731e+02
8.11784016282225139e+02
8.11789117130127806e+02
8.11800801972552563e+02
8.11834880888824614e+02
8.11855526537655578e+02
8.11887012654194677e+02
8.11901275602052806e+02
8.11917902808069698e+02
8.11938113910649804e+02
8.11949484139396645e+02
8.11982206281708841e+02
8.11990583188395931e+02
8.12025115092595343e+02
8.12064848367730974e+02
8.12082416830860780e+02
8.12090969292200271e+02
8.12113998370749641e+02
8.12150557229992046e+02
8.12167220273953490e+02
8.12201502799936293e+02
8.12380179191928846e+02
8.12632902771543741e+02
8.34407180332449684e+02
8.34450269875932577e+02
8.34498283400833770e+02
8.34519571043887026e+02
8.34559843848818446e+02
8.34601588506715530e+02
8.34626586162688227e+02
8.34640530478635810e+02
8.34692304148793028e+02
8.34735755336679176e+02
8.34781059329809523e+02
8.34797152350679880e+02
8.34833455257378887e+02
8.34843314296285598e+02
8.34865616530594480e+02
8.34911380512505275e+02
8.34929116177525088e+02
8.34971182583897644e+02
8.35023479764645685e+02
8.35067742657293707e+02
8.35084236250973959e+02
8.35095419156864068e+02
8.35131265464153785e+02
8.35186055575698902e+02
8.35245096290326160e+02
8.37092920731464801e+02
8.37234242710502258e+02
8.37309608713443140e+02
8.37356971258261296e+02
8.37388258184830988e+02
8.37405597950668380e+02
8.37437275387345949e+02
8.37476209939058435e+02
8.37492889742350030e+02
8.37501420592385330e+02
8.37539164942901380e+02
8.37572856668563986e+02
8.37578299677932591e+02
8.37628383716340977e+02
8.37646963786378819e+02
8.37692681708197142e+02
8.37696440467642105e+02
8.37726002532829966e+02
8.37758765095380227e+02
8.37779810961294288e+02
8.37790443434341910e+02
8.37836311879402388e+02
8.37889968419133311e+02
8.37920541548937535e+02
8.37955654016760150e+02
8.37997943390937735e+02
8.38021378201561333e+02
8.38043360449148508e+02
8.38061998916106631e+02
8.38118038356146940e+02
8.38171230705374796e+02
8.47829673176581082e+02
8.47916220537233244e+02
8.48009728975111557e+02
8.48064430413350806e+02
8.48134554771700891e+02
8.48224526656186981e+02
8.48240431892196284e+02
8.48335163378171842e+02
8.48362409374811932e+02
8.48452877619108676e+02
8.48496482656732383e+02
8.48578129284199690e+02
8.48600913925693362e+02
8.48635778501365394e+02
8.48792298286416894e+02
8.65338990293550864e+02
8.65483122044624338e+02
8.65514209959114510e+02
8.65553967717319097e+02
8.65598197151083014e+02
8.65630920655890918e+02
8.65638287748359289e+02
8.65649833206720245e+02
8.65691062809246091e+02
8.65698508266248950e+02
8.65735867949553040e+02
8.65767951694268277e+02
8.65794063436065699e+02
8.65818167275823271e+02
8.65838663082247990e+02
8.65858118503528544e+02
8.65902951117312114e+02
8.65912758910190405e+02
8.65922727111847848e+02
8.65930653023217928e+02
8.65963935487058507e+02
8.66013962501750711e+02
8.66026371042822120e+02
8.66060328795300961e+02
8.66080435102240244e+02
8.66093978537116755e+02
8.66119884168179851e+02
8.66155187249714459e+02
8.66158272920279614e+02
8.66179301566752997e+02
8.66214616242965576e+02
8.66231352103026893e+02
8.66246383900396381e+02
8.66264918820652611e+02
8.66310602051382261e+02
8.66326383073375609e+02
8.66374277560015003e+02
8.66385607163647592e+02
8.66419427975117628e+02
8.66489129175898711e+02
8.66504473175362136e+02
8.66541880311095156e+02
8.66558079418884631e+02
8.66664131542070209e+02
8.66673702525468116e+02
8.66699758118549653e+02
8.66789937973608744e+02
8.75970817473225111e+02
8.76177393173941027e+02
8.76256040685565154e+02
8.76365082583669050e+02
8.76419692524613652e+02
8.76538496089497357e+02
8.76576741207952296e+02
8.76660955389750484e+02
8.76820030435800049e+02
8.76889641976561961e+02
8.77049046241961605e+02
8.79313178328101571e+02
8.79557396451196496e+02
8.79584310012685364e+02
8.79622692139283913e+02
8.79672906179331335e+02
8.79687030463538122e+02
8.79734501614264104e+02
8.79774175396265377e+02
8.79799680986650742e+02
8.79853842670127733e+02
8.79866313641647594e+02
8.79891039924361394e+02
8.79909307143118667e+02
8.79916445797848723e+02
8.79962903868242734e+02
8.80002017533613639e+02
8.80015471061877633e+02
8.80044815947368988e+02
8.80069431479816103e+02
8.80102293806054831e+02
8.80130787591206285e+02
8.80173980950162218e+02
8.80203075021461927e+02
8.80212268904232246e+02
8.80252067869415441e+02
8.80286398159247369e+02
8.80301986336325399e+02
8.80319126503097664e+02
8.80373438900813198e+02
8.80413306866173230e+02
8.80445750182968823e+02
8.80477793270608800e+02
8.80509506201740805e+02
8.80543705213101020e+02
8.80594035827256221e+02
8.80625182986442042e+02
8.80658682439841755e+02
8.80724246354992374e+02
8.80788066174552682e+02
8.88421565125854841e+02
8.88510990785237141e+02
8.88566521410055884e+02
8.88633054619963218e+02
8.88636358588499434e+02
8.88733035629287201e+02
8.88771707640788463e+02
8.88807836442699909e+02
8.88863995824070685e+02
8.88912805355646924e+02
8.88946716583062084e+02
8.88994540634997634e+02
8.89048473397446628e+02
8.89068500264950330e+02
8.89123727789126178e+02
8.89158023982095642e+02
8.89206475511710778e+02
8.89241762487141955e+02
8.89281664476280639e+02
8.89368071693562342e+02
8.89472508826416515e+02
8.95334471125700020e+02
8.95509971281401704e+02
8.95599132869436744e+02
8.95657294476255515e+02
8.95775191979424562e+02
8.95984241874899908e+02
8.96271240755009899e+02
9.06028618826463003e+02
9.06249928120084064e+02
9.06644860765381168e+02
9.09743319442727056e+02
9.09882039275060379e+02
9.09954365560166025e+02
9.10056143825526419e+02
9.10069215147019349e+02
9.10084863810364595e+02
9.10135490956397803e+02
9.10164028162112231e+02
9.10189380007473346e+02
9.10235214863680994e+02
9.10252934332540121e+02
9.10276563007578829e+02
9.10318675497344202e+02
9.10360751093357408e+02
9.10377381102939694e+02
9.10390895382876238e+02
9.10413929599105472e+02
9.10437344109178525e+02
9.10469524206827828e+02
9.10510965470707447e+02
9.10535643973719630e+02
9.10572463635392182e+02
9.10582703979301073e+02
9.10600078648985800e+02
9.10623634562276948e+02
9.10646151416628754e+02
9.10649423076236076e+02
9.10682701609564219e+02
9.10719927087546125e+02
9.10720751002870998e+02
9.10748960599992756e+02
9.10772768315213057e+02
9.10803309418354729e+02
9.10814150621444924e+02
9.10818056854353927e+02
9.10879206732860325e+02
9.10914976086171350e+02
9.10935118541885231e+02
9.10954855111497068e+02
9.10976808482458750e+02
9.11014533712244884e+02
9.11050846710950054e+02
9.11062436952745202e+02
9.11077416650591886e+02
9.11141653339091931e+02
9.11183126312218178e+02
9.11196296129031793e+02
9.11243535805755869e+02
9.11269065326691589e+02
9.11309301513918285e+02
9.11337714858951244e+02
9.11367737160089632e+02
9.11375129453241925e+02
9.11465081678978663e+02
9.11557147704179783e+02
9.11586214458448012e+02
9.11653446739540300e+02
9.11710660038176570e+02
9.11727379260259227e+02
9.11838351028694092e+02
9.31281277602537102e+02
9.31440014265136483e+02
9.31530363196356006e+02
9.31643859746603880e+02
9.31699563868153973e+02
9.31793362923304471e+02
9.31831448975224362e+02
9.31870311671426634e+02
9.31922521900207812e+02
9.31966846965906825e+02
9.31985535392875022e+02
9.32029290181224383e+02
9.32060012581904402e+02
9.32064940208302687e+02
9.32125458636945496e+02
9.32144603764392855e+02
9.32155134016153852e+02
9.32190479985320621e+02
9.32209528465643075e+02
9.32221054695675775e+02
9.32248227834974386e+02
9.32274877032225618e+02
9.32288495113412296e+02
9.32322840002620978e+02
9.32331751813409937e+02
9.32360879752869209e+02
9.32384491519767039e+02
9.32413563460017826e+02
9.32449211887273350e+02
9.32484796088843609e+02
9.32516662882578316e+02
9.32523196949719591e+02
9.32549990714683645e+02
9.32593089103798093e+02
9.32628498602954778e+02
9.32634033505089633e+02
9.32658032581980251e+02
9.32676374908736875e+02
9.32694564254594070e+02
9.32741987089294639e+02
9.32763826669212563e+02
9.32808750535160584e+02
9.32877585857854456e+02
9.32887843523380184e+02
9.32898425983828474e+02
9.32922954284296907e+02
9.32965913293560789e+02
9.33021735917569458e+02
9.33036816887980649e+02
9.33057639031349822e+02
9.33110886391984991e+02
9.33128932035745038e+02
9.33167798617819926e+02
9.33205408662988702e+02
9.33245246565622097e+02
9.33255232301168121e+02
9.33350076647455126e+02
9.33395869662662221e+02
9.33417829314769847e+02
9.33461063798249711e+02
9.33465790388821915e+02
9.33482125831204712e+02
9.33522142276641716e+02
9.33557479164168740e+02
9.33666909308554182e+02
9.33738316072225530e+02
9.50399520705803639e+02
9.50526189695461881e+02
9.50641996931589460e+02
9.50677765306373658e+02
9.50710513629493335e+02
9.50798322000351845e+02
9.50817257066706361e+02
9.50883133482234598e+02
9.50890914257876489e+02
9.50971003542120002e+02
9.50990905650551895e+02
9.51021215969374680e+02
9.51052189533071214e+02
9.51068053400314056e+02
9.51096847662599089e+02
9.51113987901217911e+02
9.51180240755744990e+02
9.51208584350247293e+02
9.51249666049261009e+02
9.51254981073392287e+02
9.51292967359212867e+02
9.51361764457626577e+02
9.51385215517910297e+02
9.51411739568837561e+02
9.51417221247862472e+02
9.51427500484458960e+02
9.51475967447811286e+02
9.51511496267715643e+02
9.51571773496288074e+02
9.51620982778719394e+02
9.51684917658858808e+02
9.51708032954197392e+02
9.51796960113549744e+02
9.51847559516554270e+02
9.51868752718568658e+02
9.51926456290787769e+02
9.51937728133878750e+02
9.52016299738522662e+02
9.52059441006855536e+02
9.52087120919570566e+02
9.52150529329555525e+02
9.64322153383141881e+02
9.64483652045413351e+02
9.64610886441070193e+02
9.64755555223136867e+02
9.64846398991337082e+02
9.64946403903082341e+02
9.65060746006056092e+02
9.65125082529671090e+02
9.65194019431966353e+02
9.65321826006640435e+02
9.65419806821826455e+02
9.65582791156198709e+02
9.65753019746098630e+02
9.70161995380113922e+02
9.70179797917479732e+02
9.70268595710541035e+02
9.70329294118642792e+02
9.70493556043951685e+02
9.70543029009020870e+02
9.70588372845713593e+02
9.70624059116614376e+02
9.70676304374741335e+02
9.70789749396156139e+02
9.70826770378253173e+02
9.70892780499312153e+02
9.70947271507556366e+02
9.70979294059136691e+02
9.71037475239338505e+02
9.71084805518568942e+02
9.71154917603815306e+02
9.71174896180831638e+02
9.71240655171297476e+02
9.71320627493487336e+02
9.71364223350048746e+02
9.71491134077332390e+02
9.71593161370540997e+02
9.85622026586013476e+02
9.85676281502420920e+02
9.85807524441301098e+02
9.85934629463298506e+02
9.85968971517419050e+02
9.86021628337814604e+02
9.86071232695411368e+02
9.86128532214475968e+02
9.86211059161408002e+02
9.86225917885098966e+02
9.86245782758329256e+02
9.86278953251169241e+02
9.86324957741588037e+02
9.86344114353520354e+02
9.86414774098763360e+02
9.86434984363551393e+02
9.86469993929398584e+02
9.86513779918451860e+02
9.86574375035365847e+02
9.86584682742910672e+02
9.86600801471953559e+02
9.86734873529989954e+02
9.86742557371816815e+02
9.86781466491633637e+02
9.86818076898123195e+02
9.86850958753031136e+02
9.86895740076707852e+02
9.86936076259783476e+02
9.86953977766529874e+02
9.87053952445528012e+02
9.87090407026167554e+02
9.87118523490879966e+02
9.87221493754566154e+02
9.87319209337276220e+02
9.87338591694499542e+02
9.88223808086867052e+02
9.88369935956050426e+02
9.88397117692133861e+02
9.88640025222537929e+02
9.88746629755100116e+02
9.88994649583535079e+02
9.89140078139815500e+02
9.89302368927426869e+02
9.89457127915094247e+02
9.89750021077098495e+02
9.89780864446605165e+02
9.89880490356614700e+02
9.90058224617261430e+02
9.90079913543639123e+02
9.90157788231027780e+02
9.90172610841440019e+02
9.90188947592258160e+02
9.90243148679287515e+02
9.90275462081961109e+02
9.90311449479891621e+02
9.90326287134235827e+02
9.90362477035510892e+02
9.90458718907216962e+02
9.90485150329621433e+02
9.90565881701277704e+02
9.90635891426653984e+02
9.90652221622146953e+02
9.90694759066744609e+02
9.90729495066004347e+02
9.90803625379293749e+02
9.90852148226851568e+02
9.90940938057992412e+02
9.90984684537563567e+02
9.91041318049570009e+02
9.91074169961697294e+02
9.91139628478257464e+02
9.91234864952790190e+02
9.91351423644781221e+02
1.00111780048315677e+03
1.00123123306126558e+03
1.00130255897027371e+03
1.00138381559435811e+03
1.00145721638312205e+03
1.00147243901164563e+03
1.00153824357053247e+03
1.00156715593760327e+03
1.00163287031879315e+03
1.00166228960204296e+03
1.00169402370734451e+03
1.00174445892267318e+03
1.00181272904442505e+03
1.00181884899598560e+03
1.00189079846622940e+03
1.00192944409913036e+03
1.00195309052029779e+03
1.00199918457465674e+03
1.00203084741503733e+03
1.00203693229973794e+03
1.00206944880365006e+03
1.00212413592777148e+03
1.00215627568616151e+03
1.00218713538196448e+03
1.00223417693861211e+03
1.00226268321452324e+03
1.00229215983027245e+03
1.00232311321884436e+03
1.00233301536566228e+03
1.00237840705897747e+03
1.00245089411989613e+03
1.00250496567986318e+03
1.00252348502171253e+03
1.00254885558170486e+03
1.00255831653330983e+03
1.00264546241384096e+03
1.00267605197978071e+03
1.00270707127951039e+03
1.00271695364376569e+03
1.00278373598354096e+03
1.00285762259034050e+03
1.00286911919523402e+03
1.00294879002943310e+03
1.00297293349168763e+03
1.00302711301751435e+03
1.00308099247155030e+03
1.00310681625183668e+03
1.00311593075798737e+03
1.00317365629119627e+03
1.00322487943960550e+03
1.00334699646447461e+03
1.00340068003123588e+03
1.00348511826803190e+03
1.00375227351312697e+03
1.00399364061018468e+03
1.00425398908601335e+03
1.00998429817083081e+03
1.01850512535585665e+03
1.01858480409924925e+03
1.01862667177276603e+03
1.01874216021056270e+03
1.01877654848201837e+03
1.01890972489566570e+03
1.01894112702974928e+03
1.01903398342895059e+03
1.01911956900130781e+03
1.01921377982293541e+03
1.01927294336326315e+03
1.01936283736472365e+03
1.01939085697447467e+03
1.01951157284992462e+03
1.01960941256743740e+03
1.01966339099179754e+03
1.01978233259778494e+03
1.01999211651474457e+03
1.02011806836597862e+03
1.02423040058876541e+03
1.02444290372734986e+03
1.02462680558090710e+03
1.02468358677110859e+03
1.02470262215479102e+03
1.02477290816724053e+03
