9.86960440109041315e+00
2.01907285564113579e+01
2.01907285564250003e+01
2.01907285564413570e+01
3.32174619142674743e+01
3.32174619142674743e+01
3.32174619142674743e+01
3.32174619142783882e+01
3.32174619143056589e+01
3.94784176043553003e+01
4.88311936436027167e+01
4.88311936436136307e+01
4.88311936436163592e+01
4.88311936436190877e+01
4.88311936436218161e+01
4.88311936436272731e+01
4.88311936436354443e+01
5.96795159441112730e+01
5.96795159441140015e+01
5.96795159441194585e+01
6.69543119250735970e+01
6.69543119250899679e+01
6.69543119250981533e+01
6.69543119251008818e+01
6.69543119251036103e+01
6.69543119251036103e+01
6.69543119251117673e+01
6.69543119251199528e+01
6.69543119251308667e+01
8.27192311014869119e+01
8.27192311014896404e+01
8.27192311015005259e+01
8.27192311015032544e+01
8.27192311015196253e+01
8.75312202571212197e+01
8.75312202571239482e+01
8.75312202571266766e+01
8.75312202571294051e+01
8.75312202571294051e+01
8.75312202571321336e+01
8.75312202571348337e+01
8.75312202571375622e+01
8.75312202571375622e+01
8.75312202571430191e+01
8.75312202571512046e+01
8.88264396098076361e+01
1.08516358830142707e+02
1.08516358830148164e+02
1.08516358830150892e+02
1.08516358830153621e+02
1.08516358830159078e+02
1.08516358830161806e+02
1.08516358830167263e+02
1.10519708317657035e+02
1.10519708317662491e+02
1.10519708317667948e+02
1.10519708317670677e+02
1.10519708317670677e+02
1.10519708317673405e+02
1.10519708317673405e+02
1.10519708317678862e+02
1.10519708317681591e+02
1.10519708317687048e+02
1.10519708317689776e+02
1.10519708317697962e+02
1.10519708317703390e+02
1.18899869163624402e+02
1.18899869163629830e+02
1.18899869163635287e+02
1.35886399537341390e+02
1.35886399537341390e+02
1.35886399537346847e+02
1.35886399537346847e+02
1.35886399537349575e+02
1.35886399537352304e+02
1.35886399537357761e+02
1.35886399537360433e+02
1.35886399537360433e+02
1.35886399537363161e+02
1.35886399537363161e+02
1.35886399537365890e+02
1.35886399537368618e+02
1.35886399537371346e+02
1.35886399537379532e+02
1.37004851497104482e+02
1.37004851497109939e+02
1.37004851497112668e+02
1.37004851497112668e+02
1.37004851497115396e+02
1.37004851497118125e+02
1.37004851497120796e+02
1.37004851497120796e+02
1.37004851497126253e+02
1.51854874164061584e+02
1.51854874164069770e+02
1.51854874164077955e+02
1.51854874164080684e+02
1.51854874164086141e+02
1.57913670417425749e+02
1.63604096803300195e+02
1.63604096803305652e+02
1.63604096803311108e+02
1.63604096803313837e+02
1.63604096803313837e+02
1.63604096803319294e+02
1.63604096803319294e+02
1.63604096803322022e+02
1.63604096803322022e+02
1.63604096803324751e+02
1.63604096803324751e+02
1.63604096803327479e+02
1.63604096803330208e+02
1.63604096803332936e+02
1.63604096803332936e+02
1.63604096803335665e+02
1.63604096803338393e+02
1.68130904721419768e+02
1.68130904721455238e+02
1.68130904721463423e+02
1.68130904721468880e+02
1.68130904721468880e+02
1.68130904721468880e+02
1.68130904721471609e+02
1.68130904721474280e+02
1.68130904721477009e+02
1.68130904721485194e+02
1.68130904721485194e+02
1.87635838306939718e+02
1.87635838306945175e+02
1.87635838306947903e+02
1.87635838306950632e+02
1.87635838306956089e+02
1.87635838306956089e+02
1.87635838306961546e+02
1.93650118927018241e+02
1.93650118927023698e+02
1.93650118927026369e+02
1.93650118927031826e+02
1.93650118927037283e+02
1.93650118927037283e+02
1.93650118927037283e+02
1.93650118927037283e+02
1.93650118927040012e+02
1.93650118927040012e+02
1.93650118927040012e+02
1.93650118927042740e+02
1.93650118927045469e+02
1.93650118927045469e+02
1.93650118927050926e+02
1.93650118927050926e+02
1.93650118927053654e+02
1.93650118927061840e+02
1.93650118927061840e+02
1.97857811193374630e+02
1.97857811193382815e+02
1.97857811193385544e+02
2.01850000479555149e+02
2.01850000479560606e+02
2.01850000479563334e+02
2.01850000479566063e+02
2.01850000479568791e+02
2.01850000479571520e+02
2.01850000479571520e+02
2.01850000479574248e+02
2.01850000479576977e+02
2.01850000479579705e+02
2.01850000479579705e+02
2.01850000479585162e+02
2.01850000479609719e+02
2.26005199306567363e+02
2.26005199306570091e+02
2.26005199306572820e+02
2.26005199306581005e+02
2.26005199306586462e+02
2.26005199306589191e+02
2.26005199306591919e+02
2.26005199306594648e+02
2.26005199306594648e+02
2.26005199306594648e+02
2.26005199306597376e+02
2.26005199306597376e+02
2.26005199306600105e+02
2.26005199306600105e+02
2.26005199306600105e+02
2.26005199306600105e+02
2.26005199306602833e+02
2.26005199306605562e+02
2.26005199306605562e+02
2.26005199306605562e+02
2.26005199306608290e+02
2.26191514517513667e+02
2.26191514517519124e+02
2.26191514517521853e+02
2.26191514517524581e+02
2.26191514517527310e+02
2.26191514517530038e+02
2.26191514517532767e+02
2.26191514517540952e+02
2.26191514517554594e+02
2.38124686690920498e+02
2.38124686690931412e+02
2.38124686690934141e+02
2.38124686690936869e+02
2.38124686690939598e+02
2.38124686690945055e+02
2.38124686690945055e+02
2.38124686690945055e+02
2.38124686690947783e+02
2.38124686690950512e+02
2.38124686690953240e+02
2.38124686690958697e+02
2.38124686690958697e+02
2.38124686690964154e+02
2.38124686690972339e+02
2.40702906585411483e+02
2.40702906585414212e+02
2.40702906585427854e+02
2.40702906585430583e+02
2.40702906585449625e+02
2.46740110027228525e+02
2.60652724672960176e+02
2.60652724672965633e+02
2.60652724672968361e+02
2.60652724672973818e+02
2.60652724672973818e+02
2.60652724672979275e+02
2.60652724672979275e+02
2.60652724672984732e+02
2.60652724672984732e+02
2.60652724672987461e+02
2.60652724672987461e+02
2.60652724672987461e+02
2.60652724672990189e+02
2.60652724672990189e+02
2.60652724672990189e+02
2.60652724672990189e+02
2.60652724672992917e+02
2.60652724672995646e+02
2.60652724672998374e+02
2.60652724672998374e+02
2.60652724672998374e+02
2.60652724673001103e+02
2.60652724673003831e+02
2.67476527387439205e+02
2.67476527387444662e+02
2.67476527387447391e+02
2.67476527387455462e+02
2.67476527387460919e+02
2.67476527387460919e+02
2.67476527387463648e+02
2.67476527387463648e+02
2.67476527387466376e+02
2.67476527387474562e+02
2.67476527387480019e+02
2.76922976902469486e+02
2.76922976902472215e+02
2.76922976902472215e+02
2.76922976902480400e+02
2.76922976902488585e+02
2.76922976902491314e+02
2.76922976902491314e+02
2.76922976902494042e+02
2.76922976902494042e+02
2.76922976902494042e+02
2.76922976902494042e+02
2.76922976902499499e+02
2.76922976902499499e+02
2.76922976902502228e+02
2.76922976902504956e+02
2.76922976902513142e+02
2.76922976902526784e+02
2.86408957405324031e+02
2.86408957405329488e+02
2.86408957405334945e+02
2.86408957405340402e+02
2.86408957405343131e+02
2.86408957405345859e+02
2.86408957405356773e+02
2.96554412135713392e+02
2.96554412135727034e+02
2.96554412135732491e+02
2.97578190259154439e+02
2.97578190259157168e+02
2.97578190259157168e+02
2.97578190259157168e+02
2.97578190259162625e+02
2.97578190259165353e+02
2.97578190259165353e+02
2.97578190259168082e+02
2.97578190259168082e+02
2.97578190259170810e+02
2.97578190259170810e+02
2.97578190259170810e+02
2.97578190259173539e+02
2.97578190259173539e+02
2.97578190259173539e+02
2.97578190259176267e+02
2.97578190259176267e+02
2.97578190259178996e+02
2.97578190259178996e+02
2.97578190259181724e+02
2.97578190259181724e+02
2.97578190259187181e+02
2.97578190259192638e+02
2.97578190259195367e+02
2.97578190259198095e+02
3.11451017017988988e+02
3.11451017017988988e+02
3.11451017017991717e+02
3.11451017017994445e+02
3.11451017017999902e+02
3.11451017017999902e+02
3.11451017018008088e+02
3.11451017018010816e+02
3.11451017018010816e+02
3.11451017018013545e+02
3.11451017018019002e+02
3.11451017018021730e+02
3.11451017018027187e+02
3.18217191188538322e+02
3.18217191188541051e+02
3.18217191188543779e+02
3.18217191188546508e+02
3.18217191188546508e+02
3.18217191188549236e+02
3.18217191188551965e+02
3.18217191188551965e+02
3.18217191188551965e+02
3.18217191188554693e+02
3.18217191188554693e+02
3.18217191188554693e+02
3.18217191188557422e+02
3.18217191188560150e+02
3.18217191188562879e+02
3.18217191188565607e+02
3.18217191188568336e+02
3.18217191188568336e+02
3.18217191188587435e+02
3.34935969696633833e+02
3.34935969696655548e+02
3.34935969696658276e+02
3.34935969696663733e+02
3.34935969696669190e+02
3.34935969696671918e+02
3.34935969696674647e+02
3.34935969696682832e+02
3.34935969696688289e+02
3.36768798492611381e+02
3.36768798492614110e+02
3.36768798492616838e+02
3.36768798492619567e+02
3.36768798492625024e+02
3.36768798492627752e+02
3.36768798492630481e+02
3.36768798492630481e+02
3.36768798492633209e+02
3.36768798492633209e+02
3.36768798492633209e+02
3.36768798492635938e+02
3.36768798492635938e+02
3.36768798492635938e+02
3.36768798492635938e+02
3.36768798492638666e+02
3.36768798492638666e+02
3.36768798492638666e+02
3.36768798492638666e+02
3.36768798492641395e+02
3.36768798492641395e+02
3.36768798492644123e+02
3.36768798492646852e+02
3.36768798492646852e+02
3.36768798492652309e+02
3.36768798492655037e+02
3.36768798492663223e+02
3.49280079892060257e+02
3.49280079892062986e+02
3.49280079892068443e+02
3.49280079892073900e+02
3.49280079892079357e+02
3.55305758439213491e+02
3.58079898668155693e+02
3.58079898668161150e+02
3.58079898668163878e+02
3.58079898668169335e+02
3.58079898668169335e+02
3.58079898668172063e+02
3.58079898668174792e+02
3.58079898668174792e+02
3.58079898668177520e+02
3.58079898668180249e+02
3.58079898668182977e+02
3.58079898668185706e+02
3.58079898668188434e+02
3.58079898668188434e+02
3.58079898668196620e+02
3.61983102778161765e+02
3.61983102778164493e+02
3.61983102778172679e+02
3.61983102778172679e+02
3.61983102778178136e+02
3.61983102778178136e+02
3.61983102778178136e+02
3.61983102778180864e+02
3.61983102778183593e+02
3.61983102778183593e+02
3.61983102778183593e+02
3.61983102778186321e+02
3.61983102778186321e+02
3.61983102778186321e+02
3.61983102778189050e+02
3.61983102778189050e+02
3.61983102778191778e+02
3.61983102778194507e+02
3.61983102778199964e+02
3.61983102778199964e+02
3.61983102778199964e+02
3.78213156180559508e+02
3.78213156180562237e+02
3.78213156180575879e+02
3.78213156180575879e+02
3.78213156180584065e+02
3.78213156180586793e+02
3.78213156180586793e+02
3.78213156180589522e+02
3.78213156180589522e+02
3.78213156180594979e+02
3.78213156180594979e+02
3.78213156180594979e+02
3.78213156180597707e+02
3.78213156180597707e+02
3.78213156180597707e+02
3.78213156180600436e+02
3.78213156180600436e+02
3.78213156180600436e+02
3.78213156180600436e+02
3.78213156180600436e+02
3.78213156180603164e+02
3.78213156180605893e+02
3.78213156180605893e+02
3.78213156180605893e+02
3.78213156180605893e+02
3.78213156180605893e+02
3.78213156180611350e+02
3.78213156180614078e+02
3.78213156180638634e+02
3.86246387537308010e+02
3.86246387537316195e+02
3.86246387537318924e+02
3.86246387537318924e+02
3.86246387537321652e+02
3.86246387537324381e+02
3.86246387537327109e+02
3.86246387537327109e+02
3.86246387537335295e+02
3.86246387537343480e+02
3.86246387537346209e+02
4.04887083722276543e+02
4.04887083722279272e+02
4.04887083722282000e+02
4.04887083722284729e+02
4.04887083722290186e+02
4.04887083722290186e+02
4.04887083722303828e+02
4.07332126177998020e+02
4.07332126178000749e+02
4.07332126178011663e+02
4.07332126178017120e+02
4.07332126178019848e+02
4.07332126178022577e+02
4.07332126178025305e+02
4.07332126178025305e+02
4.07332126178025305e+02
4.07332126178030762e+02
4.07332126178030762e+02
4.07332126178033491e+02
4.07332126178033491e+02
4.07332126178033491e+02
4.07332126178036219e+02
4.07332126178038948e+02
4.07332126178049862e+02
4.08199297909923416e+02
4.08199297909926145e+02
4.08199297909931488e+02
4.08199297909934216e+02
4.08199297909936945e+02
4.08199297909939673e+02
4.08199297909939673e+02
4.08199297909945130e+02
4.08199297909945130e+02
4.08199297909947859e+02
4.08199297909947859e+02
4.08199297909950587e+02
4.08199297909953316e+02
4.08199297909953316e+02
4.08199297909953316e+02
4.08199297909956044e+02
4.08199297909958773e+02
4.08199297909961501e+02
4.08199297909966958e+02
4.08199297909966958e+02
4.08199297909966958e+02
4.08199297909975144e+02
4.08199297909980601e+02
4.14989984259069388e+02
4.14989984259080302e+02
4.14989984259085645e+02
4.21901041265757385e+02
4.21901041265773756e+02
4.21901041265781942e+02
4.21901041265781942e+02
4.21901041265787399e+02
4.21901041265790127e+02
4.21901041265790127e+02
4.21901041265792855e+02
4.21901041265795584e+02
4.21901041265795584e+02
4.21901041265795584e+02
4.21901041265798312e+02
4.21901041265798312e+02
4.21901041265798312e+02
4.21901041265798312e+02
4.21901041265801041e+02
4.21901041265801041e+02
4.21901041265801041e+02
4.21901041265803769e+02
4.21901041265803769e+02
4.21901041265803769e+02
4.21901041265806498e+02
4.21901041265806498e+02
4.21901041265809226e+02
4.21901041265809226e+02
4.21901041265814683e+02
4.21901041265817412e+02
4.21901041265822755e+02
4.21901041265822755e+02
4.21901041265833669e+02
4.21901041265847311e+02
4.40305722365755514e+02
4.40305722365758243e+02
4.40305722365760971e+02
4.40305722365763700e+02
4.40305722365766428e+02
4.40305722365766428e+02
4.40305722365771885e+02
4.40305722365771885e+02
4.40305722365774614e+02
4.40305722365777342e+02
4.40305722365780071e+02
4.40305722365782799e+02
4.40305722365790984e+02
4.56846686801105534e+02
4.56846686801110991e+02
4.56846686801110991e+02
4.56846686801110991e+02
4.56846686801113719e+02
4.56846686801116448e+02
4.56846686801116448e+02
4.56846686801116448e+02
4.56846686801116448e+02
4.56846686801119176e+02
4.56846686801119176e+02
4.56846686801119176e+02
4.56846686801121905e+02
4.56846686801121905e+02
4.56846686801124633e+02
4.56846686801124633e+02
4.56846686801127362e+02
4.56846686801127362e+02
4.56846686801130090e+02
4.56846686801130090e+02
4.56846686801132819e+02
4.56846686801132819e+02
4.56846686801138276e+02
4.56846686801141004e+02
4.56846686801141004e+02
4.59180053914099403e+02
4.59180053914104860e+02
4.59180053914104860e+02
4.59180053914104860e+02
4.59180053914110317e+02
4.59180053914113046e+02
4.59180053914115774e+02
4.59180053914115774e+02
4.59180053914115774e+02
4.59180053914118503e+02
4.59180053914118503e+02
4.59180053914118503e+02
4.59180053914121231e+02
4.59180053914123960e+02
4.59180053914126688e+02
4.59180053914129417e+02
4.59180053914132145e+02
4.59180053914132145e+02
4.59180053914140331e+02
4.63343608597352954e+02
4.63343608597355683e+02
4.63343608597358411e+02
4.63343608597363868e+02
4.63343608597366597e+02
4.63343608597374782e+02
4.63343608597374782e+02
4.63343608597377511e+02
4.63343608597380239e+02
4.67823219953038347e+02
4.67823219953043804e+02
4.67823219953046532e+02
4.67823219953046532e+02
4.67823219953049261e+02
4.67823219953049261e+02
4.67823219953051989e+02
4.67823219953054718e+02
4.67823219953054718e+02
4.67823219953054718e+02
4.67823219953057446e+02
4.67823219953057446e+02
4.67823219953057446e+02
4.67823219953060175e+02
4.67823219953060175e+02
4.67823219953060175e+02
4.67823219953060175e+02
4.67823219953060175e+02
4.67823219953060175e+02
4.67823219953062903e+02
4.67823219953062903e+02
4.67823219953062903e+02
4.67823219953065632e+02
4.67823219953065632e+02
4.67823219953068360e+02
4.67823219953071089e+02
4.67823219953071089e+02
4.67823219953073817e+02
4.67823219953076546e+02
4.67823219953076546e+02
4.67823219953079274e+02
4.67823219953082003e+02
4.67823219953082003e+02
4.77591818542006649e+02
4.77591818542009378e+02
4.77591818542025749e+02
4.77591818542033934e+02
4.77591818542033934e+02
4.83610615653377522e+02
4.97082543294121251e+02
4.97082543294126708e+02
4.97082543294137622e+02
4.97082543294142965e+02
4.97082543294145694e+02
4.97082543294148422e+02
4.97082543294151151e+02
4.97082543294153879e+02
4.97082543294156608e+02
4.97082543294159336e+02
4.97082543294159336e+02
4.97082543294167522e+02
4.97082543294170250e+02
4.97082543294175707e+02
4.97082543294192078e+02
5.07908123697081919e+02
5.07908123697090105e+02
5.07908123697090105e+02
5.07908123697092833e+02
5.07908123697092833e+02
5.07908123697092833e+02
5.07908123697098290e+02
5.07908123697101018e+02
5.07908123697101018e+02
5.07908123697103747e+02
5.07908123697106475e+02
5.07908123697109204e+02
5.07908123697109204e+02
5.07908123697109204e+02
5.07908123697109204e+02
5.07908123697111932e+02
5.07908123697111932e+02
5.07908123697114661e+02
5.07908123697114661e+02
5.07908123697114661e+02
5.07908123697117389e+02
5.07908123697117389e+02
5.07908123697120118e+02
5.07908123697120118e+02
5.07908123697122846e+02
5.07908123697128303e+02
5.07908123697141946e+02
5.13598907628680990e+02
5.13598907628683719e+02
5.13598907628689176e+02
5.13598907628689176e+02
5.13598907628700090e+02
5.13598907628700090e+02
5.13598907628702818e+02
5.13598907628705547e+02
5.13598907628705547e+02
5.13598907628708275e+02
5.13598907628708275e+02
5.13598907628711004e+02
5.13598907628711004e+02
5.13598907628711004e+02
5.13598907628713732e+02
5.13598907628713732e+02
5.13598907628713732e+02
5.13598907628719189e+02
5.13598907628721918e+02
5.13598907628729876e+02
5.13598907628743518e+02
5.15971301093960847e+02
5.15971301093969032e+02
5.15971301093971761e+02
5.15971301093971761e+02
5.15971301093977218e+02
5.15971301093977218e+02
5.15971301093979946e+02
5.15971301093979946e+02
5.15971301093982675e+02
5.15971301093982675e+02
5.15971301093982675e+02
5.15971301093982675e+02
5.15971301093985403e+02
5.15971301093988131e+02
5.15971301093988131e+02
5.15971301093988131e+02
5.15971301093990860e+02
5.15971301093990860e+02
5.15971301093990860e+02
5.15971301093993588e+02
5.15971301093993588e+02
5.15971301093993588e+02
5.15971301093993588e+02
5.15971301093993588e+02
5.15971301093993588e+02
5.15971301093996317e+02
5.15971301093996317e+02
5.15971301093999045e+02
5.15971301093999045e+02
5.15971301093999045e+02
5.15971301094001774e+02
5.15971301094004502e+02
5.15971301094007231e+02
5.15971301094007231e+02
5.15971301094023602e+02
5.24618440382364270e+02
5.24618440382369727e+02
5.24618440382375184e+02
5.24618440382377912e+02
5.24618440382380641e+02
5.24618440382383369e+02
5.24618440382388826e+02
5.24618440382388826e+02
5.24618440382391555e+02
5.24618440382405197e+02
5.24618440382405197e+02
5.43087927721496499e+02
5.43087927721496499e+02
5.43087927721501956e+02
5.43087927721504684e+02
5.43087927721510141e+02
5.43087927721512870e+02
5.43087927721518327e+02
5.53164645838082834e+02
5.53164645838101933e+02
5.53164645838112847e+02
5.56548247537566795e+02
5.56548247537572252e+02
5.56548247537574980e+02
5.56548247537585894e+02
5.56548247537585894e+02
5.56548247537585894e+02
5.56548247537591351e+02
5.56548247537594079e+02
5.56548247537596808e+02
5.56548247537599536e+02
5.56548247537602265e+02
5.56548247537602265e+02
5.56548247537604993e+02
5.56548247537604993e+02
5.56548247537610450e+02
5.56548247537613179e+02
5.56548247537615907e+02
5.61368107106853586e+02
5.61368107106869957e+02
5.61368107106875414e+02
5.61368107106878142e+02
5.61368107106880871e+02
5.61368107106880871e+02
5.61368107106883599e+02
5.61368107106883599e+02
5.61368107106886328e+02
5.61368107106886328e+02
5.61368107106886328e+02
5.61368107106886328e+02
5.61368107106889056e+02
5.61368107106889056e+02
5.61368107106889056e+02
5.61368107106891784e+02
5.61368107106891784e+02
5.61368107106891784e+02
5.61368107106891784e+02
5.61368107106891784e+02
5.61368107106894513e+02
5.61368107106894513e+02
5.61368107106897241e+02
5.61368107106899970e+02
5.61368107106899970e+02
5.61368107106899970e+02
5.61368107106905200e+02
5.61368107106913385e+02
5.61368107106924299e+02
5.66337618651135244e+02
5.66337618651143430e+02
5.66337618651143430e+02
5.66337618651146158e+02
5.66337618651148887e+02
5.66337618651148887e+02
5.66337618651151615e+02
5.66337618651151615e+02
5.66337618651154344e+02
5.66337618651154344e+02
5.66337618651154344e+02
5.66337618651157072e+02
5.66337618651159801e+02
5.66337618651159801e+02
5.66337618651159801e+02
5.66337618651159801e+02
5.66337618651159801e+02
5.66337618651159801e+02
5.66337618651162529e+02
5.66337618651165258e+02
5.66337618651165258e+02
5.66337618651165258e+02
5.66337618651165258e+02
5.66337618651165258e+02
5.66337618651167986e+02
5.66337618651167986e+02
5.66337618651170715e+02
5.66337618651170715e+02
5.66337618651170715e+02
5.66337618651170715e+02
5.66337618651173443e+02
5.66337618651176172e+02
5.66337618651176172e+02
5.66337618651178900e+02
5.66337618651178900e+02
5.66337618651195271e+02
5.66337618651197999e+02
5.70566351555792153e+02
5.70566351555794881e+02
5.70566351555803067e+02
5.70566351555808524e+02
5.70566351555808524e+02
5.70566351555813981e+02
5.70566351555813981e+02
5.70566351555816709e+02
5.70566351555819438e+02
5.70566351555819438e+02
5.70566351555822166e+02
5.70566351555824895e+02
5.70566351555824895e+02
5.70566351555827623e+02
5.70566351555830352e+02
5.70566351555830352e+02
5.70566351555833080e+02
5.70566351555835809e+02
5.70566351555835809e+02
5.70566351555838537e+02
5.70566351555838537e+02
5.70566351555841266e+02
5.70566351555854908e+02
5.88681913079139122e+02
5.88681913079147307e+02
5.88681913079155493e+02
5.88681913079155493e+02
5.88681913079158221e+02
5.88681913079166407e+02
5.88681913079166407e+02
5.88681913079169135e+02
5.88681913079169135e+02
5.88681913079171864e+02
5.88681913079177320e+02
5.88681913079180049e+02
5.88681913079182777e+02
6.11452497922460907e+02
6.11452497922471821e+02
6.11452497922474549e+02
6.11452497922477278e+02
6.11452497922480006e+02
6.11452497922485463e+02
6.11452497922485463e+02
6.11452497922490920e+02
6.11452497922507291e+02
6.17212540005199571e+02
6.17212540005202300e+02
6.17212540005210485e+02
6.17212540005210485e+02
6.17212540005210485e+02
6.17212540005213214e+02
6.17212540005215942e+02
6.17212540005218671e+02
6.17212540005224128e+02
6.17212540005224128e+02
6.17212540005226856e+02
6.17212540005226856e+02
6.17212540005232313e+02
6.17212540005232313e+02
6.17212540005232313e+02
6.17212540005232313e+02
6.17212540005232313e+02
6.17212540005235041e+02
6.17212540005235041e+02
6.17212540005235041e+02
6.17212540005235041e+02
6.17212540005240498e+02
6.17212540005240498e+02
6.17212540005243227e+02
6.17212540005245955e+02
6.17212540005245955e+02
6.17212540005251412e+02
6.17212540005251412e+02
6.17212540005254141e+02
6.17212540005259370e+02
6.17212540005262099e+02
6.18676770902842463e+02
6.18676770902845192e+02
6.18676770902847920e+02
6.18676770902850649e+02
6.18676770902850649e+02
6.18676770902853377e+02
6.18676770902856106e+02
6.18676770902858834e+02
6.18676770902858834e+02
6.18676770902861563e+02
6.18676770902861563e+02
6.18676770902864291e+02
6.18676770902864291e+02
6.18676770902867020e+02
6.18676770902869748e+02
6.18676770902875205e+02
6.18676770902877934e+02
6.18676770902883391e+02
6.18676770902899761e+02
6.18915135676158570e+02
6.18915135676161299e+02
6.18915135676164027e+02
6.18915135676169484e+02
6.18915135676169484e+02
6.18915135676172213e+02
6.18915135676174941e+02
6.18915135676174941e+02
6.18915135676174941e+02
6.18915135676174941e+02
6.18915135676174941e+02
6.18915135676174941e+02
6.18915135676177670e+02
6.18915135676177670e+02
6.18915135676177670e+02
6.18915135676180398e+02
6.18915135676183127e+02
6.18915135676183127e+02
6.18915135676183127e+02
6.18915135676183127e+02
6.18915135676183127e+02
6.18915135676185855e+02
6.18915135676188584e+02
6.18915135676188584e+02
6.18915135676188584e+02
6.18915135676188584e+02
6.18915135676191312e+02
6.18915135676191312e+02
6.18915135676194041e+02
6.18915135676194041e+02
6.18915135676194041e+02
6.18915135676196769e+02
6.18915135676199498e+02
6.18915135676202226e+02
6.18915135676202226e+02
6.18915135676202226e+02
6.18915135676202226e+02
6.18915135676207683e+02
6.18915135676213140e+02
6.25640324036457059e+02
6.25640324036462516e+02
6.25640324036467973e+02
6.25640324036473430e+02
6.25640324036481616e+02
6.30062134833078289e+02
6.30062134833089203e+02
6.30062134833089203e+02
6.30062134833097389e+02
6.30062134833100117e+02
6.30062134833105574e+02
6.30062134833105574e+02
6.30062134833108303e+02
6.30062134833108303e+02
6.30062134833108303e+02
6.30062134833111031e+02
6.30062134833113760e+02
6.30062134833113760e+02
6.30062134833116488e+02
6.30062134833116488e+02
6.30062134833119217e+02
6.30062134833119217e+02
6.30062134833121945e+02
6.30062134833121945e+02
6.30062134833121945e+02
6.30062134833127402e+02
6.30062134833127402e+02
6.30062134833130131e+02
6.30062134833135588e+02
6.30062134833138316e+02
6.31654681669721185e+02
6.55506232991549496e+02
6.55506232991557681e+02
6.55506232991560410e+02
6.55506232991563138e+02
6.55506232991565867e+02
6.55506232991568595e+02
6.55506232991574052e+02
6.55506232991576780e+02
6.55506232991579509e+02
6.55506232991582237e+02
6.55506232991584966e+02
6.55506232991584966e+02
6.55506232991590423e+02
6.55506232991590423e+02
6.55506232991595880e+02
6.73697365014868865e+02
6.73697365014874322e+02
6.73697365014874322e+02
6.73697365014879779e+02
6.73697365014882507e+02
6.73697365014885236e+02
6.73697365014887964e+02
6.73697365014887964e+02
6.73697365014890693e+02
6.73697365014890693e+02
6.73697365014893421e+02
6.73697365014893421e+02
6.73697365014893421e+02
6.73697365014893421e+02
6.73697365014893421e+02
6.73697365014896150e+02
6.73697365014896150e+02
6.73697365014898878e+02
6.73697365014898878e+02
6.73697365014898878e+02
6.73697365014898878e+02
6.73697365014901607e+02
6.73697365014901607e+02
6.73697365014901607e+02
6.73697365014901607e+02
6.73697365014901607e+02
6.73697365014904335e+02
6.73697365014904335e+02
6.73697365014904335e+02
6.73697365014907064e+02
6.73697365014907064e+02
6.73697365014909792e+02
6.73697365014909792e+02
6.73697365014909792e+02
6.73697365014912521e+02
6.73697365014912521e+02
6.73697365014915249e+02
6.73697365014915249e+02
6.73697365014915249e+02
6.73697365014917978e+02
6.73697365014920706e+02
6.75428535598061444e+02
6.75428535598064173e+02
6.75428535598064173e+02
6.75428535598066901e+02
6.75428535598069629e+02
6.75428535598069629e+02
6.75428535598075086e+02
6.75428535598075086e+02
6.75428535598075086e+02
6.75428535598077815e+02
6.75428535598080543e+02
6.75428535598083272e+02
6.75428535598086000e+02
6.75428535598086000e+02
6.75428535598086000e+02
6.75428535598086000e+02
6.75428535598088729e+02
6.75428535598088729e+02
6.75428535598091457e+02
6.75428535598091457e+02
6.75428535598094186e+02
6.75428535598094186e+02
6.75428535598096914e+02
6.75428535598096914e+02
6.75428535598096914e+02
6.75428535598096914e+02
6.75428535598099643e+02
6.75428535598102371e+02
6.75428535598102371e+02
6.75428535598102371e+02
6.75428535598107828e+02
6.75428535598113285e+02
6.75428535598118742e+02
6.82659327233262957e+02
6.82659327233265685e+02
6.82659327233271142e+02
6.82659327233273871e+02
6.82659327233279328e+02
6.82659327233282056e+02
6.82659327233284785e+02
6.82659327233290242e+02
6.82659327233292970e+02
6.82659327233292970e+02
6.82659327233303884e+02
6.83444300055680515e+02
6.83444300055683243e+02
6.83444300055685972e+02
6.83444300055688700e+02
6.83444300055694157e+02
6.83444300055696885e+02
6.83444300055699387e+02
6.83444300055699387e+02
6.83444300055704844e+02
6.83444300055707572e+02
6.83444300055707572e+02
6.83444300055710301e+02
6.83444300055710301e+02
6.83444300055710301e+02
6.83444300055713029e+02
6.83444300055715757e+02
6.83444300055718486e+02
6.83444300055718486e+02
6.83444300055721214e+02
6.83444300055723943e+02
6.83444300055726671e+02
6.92067801694814307e+02
6.92067801694817035e+02
6.92067801694825221e+02
6.92067801694827949e+02
6.92067801694827949e+02
6.92067801694830678e+02
6.92067801694830678e+02
6.92067801694833406e+02
6.92067801694833406e+02
6.92067801694833406e+02
6.92067801694836135e+02
6.92067801694838863e+02
6.92067801694838863e+02
6.92067801694838863e+02
6.92067801694838863e+02
6.92067801694841592e+02
6.92067801694844320e+02
6.92067801694844320e+02
6.92067801694847049e+02
6.92067801694847049e+02
6.92067801694849777e+02
6.92067801694849777e+02
6.92067801694852506e+02
6.92067801694852506e+02
6.92067801694855234e+02
6.92067801694857963e+02
6.92067801694857963e+02
7.01019014147844246e+02
7.01019014147852431e+02
7.01019014147852431e+02
7.01019014147857888e+02
7.01019014147857888e+02
7.01019014147868802e+02
7.01019014147871530e+02
7.11078449733935258e+02
7.11078449733946172e+02
7.11078449733970729e+02
7.25065525104109611e+02
7.25065525104115068e+02
7.25065525104117796e+02
7.25065525104120525e+02
7.25065525104123253e+02
7.25065525104125982e+02
7.25065525104128710e+02
7.25065525104128710e+02
7.25065525104131439e+02
7.25065525104131439e+02
7.25065525104134167e+02
7.25065525104134167e+02
7.25065525104139624e+02
7.25065525104142353e+02
7.25065525104147810e+02
7.25065525104147810e+02
7.25065525104155995e+02
7.30678303189626604e+02
7.30678303189632061e+02
7.30678303189634789e+02
7.30678303189637518e+02
7.30678303189637518e+02
7.30678303189640246e+02
7.30678303189640246e+02
7.30678303189640246e+02
7.30678303189642975e+02
7.30678303189642975e+02
7.30678303189642975e+02
7.30678303189642975e+02
7.30678303189645703e+02
7.30678303189645703e+02
7.30678303189645703e+02
7.30678303189645703e+02
7.30678303189648432e+02
7.30678303189648432e+02
7.30678303189648432e+02
7.30678303189648432e+02
7.30678303189651160e+02
7.30678303189651160e+02
7.30678303189651160e+02
7.30678303189653889e+02
7.30678303189653889e+02
7.30678303189653889e+02
7.30678303189656617e+02
7.30678303189656617e+02
7.30678303189656617e+02
7.30678303189656617e+02
7.30678303189656617e+02
7.30678303189656617e+02
7.30678303189659346e+02
7.30678303189659346e+02
7.30678303189659346e+02
7.30678303189659346e+02
7.30678303189664803e+02
7.30678303189664803e+02
7.30678303189667531e+02
7.30678303189667531e+02
7.30678303189670260e+02
7.30678303189675717e+02
7.30678303189689359e+02
7.36004258213323283e+02
7.36004258213326011e+02
7.36004258213328740e+02
7.36004258213331468e+02
7.36004258213331468e+02
7.36004258213334197e+02
7.36004258213336925e+02
7.36004258213336925e+02
7.36004258213339654e+02
7.36004258213339654e+02
7.36004258213339654e+02
7.36004258213342382e+02
7.36004258213342382e+02
7.36004258213345111e+02
7.36004258213345111e+02
7.36004258213345111e+02
7.36004258213347839e+02
7.36004258213347839e+02
7.36004258213347839e+02
7.36004258213350568e+02
7.36004258213350568e+02
7.36004258213350568e+02
7.36004258213353296e+02
7.36004258213353296e+02
7.36004258213353296e+02
7.36004258213356024e+02
7.36004258213356024e+02
7.36004258213358753e+02
7.36004258213358753e+02
7.36004258213358753e+02
7.36004258213361481e+02
7.36004258213364210e+02
7.36004258213366938e+02
7.36004258213377852e+02
7.36004258213380581e+02
7.50829008971599706e+02
7.50829008971605163e+02
7.50829008971605163e+02
7.50829008971607891e+02
7.50829008971607891e+02
7.50829008971610619e+02
7.50829008971610619e+02
7.50829008971613348e+02
7.50829008971616076e+02
7.50829008971616076e+02
7.50829008971618805e+02
7.50829008971621533e+02
7.50829008971621533e+02
7.50829008971624262e+02
7.50829008971626990e+02
7.50829008971626990e+02
7.50829008971629719e+02
7.50829008971629719e+02
7.50829008971629719e+02
7.50829008971635176e+02
7.50829008971637904e+02
7.50829008971637904e+02
7.50829008971640633e+02
7.56566452544387857e+02
7.56566452544401272e+02
7.56566452544404001e+02
7.56566452544412186e+02
7.56566452544414915e+02
7.56566452544414915e+02
7.56566452544417643e+02
7.56566452544417643e+02
7.56566452544420372e+02
7.56566452544420372e+02
7.56566452544423100e+02
7.56566452544423100e+02
7.56566452544425829e+02
7.56566452544428557e+02
7.56566452544431286e+02
7.56566452544431286e+02
7.56566452544431286e+02
7.56566452544431286e+02
7.56566452544434014e+02
7.56566452544436743e+02
7.56566452544436743e+02
7.56566452544442200e+02
7.56566452544442200e+02
7.56566452544444928e+02
7.56566452544447657e+02
7.56566452544447657e+02
7.56566452544450385e+02
7.56566452544453114e+02
7.56566452544461299e+02
7.56682821980882409e+02
7.56682821980887866e+02
7.56682821980890594e+02
7.56682821980893323e+02
7.56682821980893323e+02
7.56682821980893323e+02
7.56682821980898780e+02
7.56682821980901508e+02
7.56682821980901508e+02
7.56682821980904237e+02
7.56682821980906965e+02
7.56682821980906965e+02
7.56682821980917879e+02
7.79279394545682862e+02
7.79279394545696505e+02
7.79279394545699233e+02
7.79279394545704690e+02
7.79279394545707419e+02
7.79279394545707419e+02
7.79279394545710147e+02
7.79279394545718333e+02
7.79279394545718333e+02
7.89852374785239363e+02
7.89852374785242091e+02
7.89852374785244820e+02
7.89852374785244820e+02
7.89852374785247548e+02
7.89852374785247548e+02
7.89852374785250277e+02
7.89852374785250277e+02
7.89852374785250277e+02
7.89852374785253005e+02
7.89852374785255734e+02
7.89852374785258462e+02
7.89852374785258462e+02
7.89852374785261190e+02
7.89852374785261190e+02
7.89852374785263919e+02
7.89852374785263919e+02
7.89852374785263919e+02
7.89852374785263919e+02
7.89852374785263919e+02
7.89852374785266647e+02
7.89852374785266647e+02
7.89852374785266647e+02
7.89852374785266647e+02
7.89852374785269376e+02
7.89852374785269376e+02
7.89852374785269376e+02
7.89852374785269376e+02
7.89852374785272104e+02
7.89852374785272104e+02
7.89852374785272104e+02
7.89852374785272104e+02
7.89852374785272104e+02
7.89852374785272104e+02
7.89852374785274833e+02
7.89852374785274833e+02
7.89852374785274833e+02
7.89852374785277561e+02
7.89852374785280290e+02
7.89852374785280290e+02
7.89852374785283018e+02
7.89852374785285747e+02
7.89852374785288475e+02
7.89852374785291204e+02
7.89852374785302118e+02
7.93426630458508498e+02
7.93426630458513955e+02
7.93426630458519412e+02
7.93426630458530326e+02
7.93426630458538511e+02
7.97335756862868720e+02
7.97335756862871449e+02
7.97335756862874177e+02
7.97335756862876906e+02
7.97335756862882363e+02
7.97335756862882363e+02
7.97335756862885091e+02
7.97335756862890548e+02
7.97335756862890548e+02
7.97335756862890548e+02
7.97335756862893277e+02
7.97335756862893277e+02
7.97335756862896005e+02
7.97335756862896005e+02
7.97335756862901462e+02
7.97335756862904191e+02
7.97335756862906919e+02
7.97335756862909648e+02
7.97335756862912376e+02
7.98928791631236436e+02
7.98928791631241893e+02
7.98928791631244621e+02
7.98928791631247350e+02
7.98928791631250078e+02
7.98928791631252807e+02
7.98928791631255535e+02
7.98928791631255535e+02
7.98928791631255535e+02
7.98928791631260992e+02
7.98928791631260992e+02
7.98928791631260992e+02
7.98928791631260992e+02
7.98928791631260992e+02
7.98928791631260992e+02
7.98928791631263721e+02
7.98928791631263721e+02
7.98928791631263721e+02
7.98928791631263721e+02
7.98928791631266449e+02
7.98928791631266449e+02
7.98928791631269178e+02
7.98928791631269178e+02
7.98928791631269178e+02
7.98928791631271906e+02
7.98928791631271906e+02
7.98928791631271906e+02
7.98928791631274635e+02
7.98928791631277363e+02
7.98928791631277363e+02
7.98928791631282820e+02
7.98928791631285549e+02
7.98928791631285549e+02
7.98928791631285549e+02
7.98928791631288277e+02
7.98928791631296463e+02
7.98928791631299191e+02
7.99437956488235841e+02
8.20810825838545270e+02
8.20810825838547999e+02
8.20810825838547999e+02
8.20810825838550727e+02
8.20810825838556184e+02
8.20810825838558912e+02
8.20810825838561641e+02
8.20810825838564369e+02
8.20810825838567098e+02
8.20810825838569826e+02
8.20810825838569826e+02
8.20810825838569826e+02
8.20810825838572555e+02
8.20810825838572555e+02
8.20810825838575283e+02
8.20810825838575283e+02
8.20810825838578012e+02
8.20810825838580740e+02
8.20810825838586197e+02
8.20810825838588926e+02
8.20810825838588926e+02
8.20810825838597111e+02
8.20810825838597111e+02
8.20810825838608025e+02
8.20810825838608025e+02
8.23542545633261398e+02
8.23542545633269583e+02
8.23542545633275040e+02
8.23542545633277769e+02
8.23542545633277769e+02
8.23542545633280497e+02
8.23542545633280497e+02
8.23542545633285954e+02
8.23542545633285954e+02
8.23542545633288682e+02
8.23542545633288682e+02
8.23542545633288682e+02
8.23542545633288682e+02
8.23542545633291411e+02
8.23542545633294139e+02
8.23542545633294139e+02
8.23542545633294139e+02
8.23542545633294139e+02
8.23542545633294139e+02
8.23542545633296868e+02
8.23542545633299596e+02
8.23542545633302325e+02
8.23542545633305053e+02
8.23542545633307782e+02
8.23542545633307782e+02
8.23542545633307782e+02
8.23542545633313239e+02
8.23542545633315967e+02
8.23542545633318696e+02
8.23542545633324153e+02
8.23542545633329610e+02
8.33498457197622201e+02
8.33498457197622201e+02
8.33498457197624930e+02
8.33498457197630387e+02
8.33498457197633115e+02
8.33498457197635844e+02
8.33498457197638572e+02
8.33498457197638572e+02
8.33498457197641301e+02
8.33498457197644029e+02
8.33498457197646758e+02
8.33498457197652215e+02
8.33498457197654943e+02
8.33498457197657672e+02
8.33498457197660400e+02
8.51214385297965919e+02
8.51214385297971376e+02
8.51214385297974104e+02
8.51214385297974104e+02
8.51214385297976833e+02
8.51214385297979561e+02
8.51214385297982290e+02
8.51214385297982290e+02
8.51214385297985018e+02
8.51214385297985018e+02
8.51214385297987747e+02
8.51214385297990475e+02
8.51214385297990475e+02
8.51214385297990475e+02
8.51214385297990475e+02
8.51214385297993203e+02
8.51214385297995932e+02
8.51214385297995932e+02
8.51214385297995932e+02
8.51214385297998660e+02
8.51214385297998660e+02
8.51214385297998660e+02
8.51214385297998660e+02
8.51214385298001389e+02
8.51214385298001389e+02
8.51214385298001389e+02
8.51214385298001389e+02
8.51214385298001389e+02
8.51214385298001389e+02
8.51214385298004117e+02
8.51214385298004117e+02
8.51214385298004117e+02
8.51214385298004117e+02
8.51214385298006846e+02
8.51214385298009574e+02
8.51214385298009574e+02
8.51214385298009574e+02
8.51214385298009574e+02
8.51214385298009574e+02
8.51214385298012303e+02
8.51214385298012303e+02
8.51214385298012303e+02
8.51214385298015031e+02
8.51214385298015031e+02
8.51214385298020488e+02
8.51214385298023217e+02
8.51214385298036859e+02
8.60399227426566995e+02
8.60399227426575180e+02
8.60399227426577909e+02
8.60399227426583366e+02
8.60399227426586094e+02
8.60399227426591551e+02
8.60399227426594280e+02
8.60399227426594280e+02
8.60399227426602465e+02
8.60399227426607922e+02
8.60399227426610651e+02
8.64192029111528427e+02
8.64192029111531156e+02
8.64192029111533884e+02
8.64192029111536613e+02
8.64192029111539341e+02
8.64192029111539341e+02
8.64192029111542070e+02
8.64192029111547527e+02
8.64192029111547527e+02
8.64192029111550255e+02
8.64192029111550255e+02
8.64192029111550255e+02
8.64192029111550255e+02
8.64192029111550255e+02
8.64192029111552984e+02
8.64192029111552984e+02
8.64192029111552984e+02
8.64192029111552984e+02
8.64192029111555712e+02
8.64192029111555712e+02
8.64192029111555712e+02
8.64192029111558440e+02
8.64192029111558440e+02
8.64192029111558440e+02
8.64192029111561169e+02
8.64192029111561169e+02
8.64192029111563897e+02
8.64192029111563897e+02
8.64192029111563897e+02
8.64192029111566626e+02
8.64192029111566626e+02
8.64192029111569354e+02
8.64192029111572083e+02
8.64192029111572083e+02
8.64192029111574811e+02
8.64192029111577540e+02
8.64192029111582997e+02
8.64192029111582997e+02
8.64192029111591182e+02
8.72294611884197593e+02
8.72294611884200322e+02
8.72294611884205779e+02
8.72294611884211236e+02
8.72294611884213964e+02
8.72294611884213964e+02
8.72294611884216692e+02
8.72294611884216692e+02
8.72294611884219421e+02
8.72294611884222149e+02
8.72294611884224878e+02
8.72294611884224878e+02
8.72294611884224878e+02
8.72294611884227606e+02
8.72294611884227606e+02
8.72294611884230335e+02
8.72294611884238520e+02
8.72294611884241249e+02
8.72294611884241249e+02
8.72294611884243977e+02
8.72294611884246706e+02
8.78684003933518397e+02
8.78684003933534768e+02
8.78684003933545682e+02
8.78684003933551139e+02
8.78684003933553868e+02
8.78684003933556596e+02
8.78684003933562053e+02
8.88731422469167228e+02
8.88731422469180870e+02
8.88731422469183599e+02
8.92981731277388008e+02
8.92981731277396193e+02
8.92981731277398922e+02
8.92981731277401650e+02
8.92981731277401650e+02
8.92981731277404378e+02
8.92981731277407107e+02
8.92981731277409835e+02
8.92981731277409835e+02
8.92981731277412564e+02
8.92981731277415292e+02
8.92981731277415292e+02
8.92981731277415292e+02
8.92981731277418021e+02
8.92981731277418021e+02
8.92981731277418021e+02
8.92981731277420749e+02
8.92981731277420749e+02
8.92981731277423478e+02
8.92981731277423478e+02
8.92981731277426206e+02
8.92981731277426206e+02
8.92981731277426206e+02
8.92981731277428935e+02
8.92981731277431663e+02
8.92981731277431663e+02
8.92981731277431663e+02
8.92981731277431663e+02
8.92981731277434392e+02
8.92981731277434392e+02
8.92981731277437120e+02
8.92981731277442577e+02
8.92981731277445306e+02
8.93371230137105840e+02
8.93371230137108569e+02
8.93371230137108569e+02
8.93371230137111297e+02
8.93371230137116754e+02
8.93371230137119483e+02
8.93371230137122211e+02
8.93371230137122211e+02
8.93371230137122211e+02
8.93371230137124940e+02
8.93371230137127668e+02
8.93371230137130397e+02
8.93371230137133125e+02
8.93371230137133125e+02
8.93371230137133125e+02
8.93371230137135854e+02
8.93371230137138582e+02
8.93371230137141310e+02
8.93371230137141310e+02
8.93371230137144039e+02
8.93371230137144039e+02
8.93371230137144039e+02
8.93371230137149496e+02
8.93371230137152224e+02
8.93371230137154953e+02
8.93371230137163138e+02
8.93371230137165867e+02
9.13082965646535285e+02
9.13082965646540742e+02
9.13082965646540742e+02
9.13082965646546199e+02
9.13082965646554385e+02
9.13082965646554385e+02
9.13082965646557113e+02
9.13082965646559842e+02
9.13082965646562570e+02
9.13082965646568027e+02
9.13082965646570756e+02
9.13082965646570756e+02
9.13082965646573484e+02
9.13082965646573484e+02
9.13082965646584398e+02
9.13082965646584398e+02
9.13082965646592584e+02
9.14759480869259505e+02
9.14759480869262234e+02
9.14759480869264962e+02
9.14759480869267691e+02
9.14759480869273148e+02
9.14759480869273148e+02
9.14759480869273148e+02
9.14759480869275876e+02
9.14759480869275876e+02
9.14759480869275876e+02
9.14759480869275876e+02
9.14759480869278605e+02
9.14759480869281333e+02
9.14759480869281333e+02
9.14759480869284062e+02
9.14759480869284062e+02
9.14759480869284062e+02
9.14759480869286790e+02
9.14759480869286790e+02
9.14759480869286790e+02
9.14759480869286790e+02
9.14759480869286790e+02
9.14759480869286790e+02
9.14759480869289519e+02
9.14759480869289519e+02
9.14759480869289519e+02
9.14759480869289519e+02
9.14759480869289519e+02
9.14759480869289519e+02
9.14759480869292247e+02
9.14759480869292247e+02
9.14759480869292247e+02
9.14759480869292247e+02
9.14759480869292247e+02
9.14759480869294975e+02
9.14759480869294975e+02
9.14759480869297704e+02
9.14759480869297704e+02
9.14759480869300432e+02
9.14759480869300432e+02
9.14759480869300432e+02
9.14759480869300432e+02
9.14759480869303161e+02
9.14759480869303161e+02
9.14759480869303161e+02
9.14759480869305889e+02
9.14759480869305889e+02
9.14759480869308618e+02
9.14759480869314075e+02
9.31784580766268846e+02
9.31784580766274303e+02
9.31784580766279760e+02
9.31784580766285217e+02
9.31784580766287945e+02
9.31784580766290674e+02
9.31784580766290674e+02
9.31784580766290674e+02
9.31784580766293402e+02
9.31784580766293402e+02
9.31784580766296131e+02
9.31784580766296131e+02
9.31784580766298859e+02
9.31784580766298859e+02
9.31784580766298859e+02
9.31784580766301588e+02
9.31784580766301588e+02
9.31784580766301588e+02
9.31784580766304316e+02
9.31784580766304316e+02
9.31784580766307045e+02
9.31784580766307045e+02
9.31784580766307045e+02
9.31784580766309773e+02
9.31784580766309773e+02
9.31784580766309773e+02
9.31784580766312502e+02
9.31784580766312502e+02
9.31784580766312502e+02
9.31784580766315230e+02
9.31784580766315230e+02
9.31784580766315230e+02
9.31784580766320687e+02
9.31784580766320687e+02
9.31784580766323415e+02
9.31784580766323415e+02
9.31784580766323415e+02
9.31784580766326144e+02
9.31784580766328872e+02
9.31784580766331601e+02
9.31784580766345243e+02
9.44356299911925134e+02
9.44356299911927863e+02
9.44356299911944234e+02
9.44356299911952419e+02
9.44356299911955148e+02
9.44356299911960605e+02
9.44356299911963333e+02
9.44356299911963333e+02
9.44356299911966062e+02
9.44356299911968790e+02
9.44356299911974247e+02
9.44356299911979704e+02
9.44356299911982433e+02
9.49921348119392405e+02
9.49921348119395134e+02
9.49921348119395134e+02
9.49921348119397862e+02
9.49921348119400591e+02
9.49921348119400591e+02
9.49921348119406048e+02
9.49921348119406048e+02
9.49921348119408776e+02
9.49921348119408776e+02
9.49921348119414233e+02
9.49921348119414233e+02
9.49921348119414233e+02
9.49921348119414233e+02
9.49921348119416962e+02
9.49921348119419690e+02
9.49921348119419690e+02
9.49921348119419690e+02
9.49921348119419690e+02
9.49921348119425147e+02
9.49921348119427876e+02
9.49921348119427876e+02
9.49921348119436061e+02
9.64870712299773913e+02
9.64870712299787556e+02
9.64870712299795741e+02
9.64870712299795741e+02
9.64870712299801198e+02
9.64870712299801198e+02
9.64870712299801198e+02
9.64870712299801198e+02
9.64870712299803927e+02
9.64870712299803927e+02
9.64870712299806655e+02
9.64870712299806655e+02
9.64870712299806655e+02
9.64870712299809384e+02
9.64870712299809384e+02
9.64870712299812112e+02
9.64870712299812112e+02
9.64870712299812112e+02
9.64870712299814841e+02
9.64870712299814841e+02
9.64870712299814841e+02
9.64870712299817569e+02
9.64870712299817569e+02
9.64870712299820298e+02
9.64870712299823026e+02
9.64870712299823026e+02
9.64870712299825755e+02
9.64870712299825755e+02
9.64870712299828483e+02
9.64870712299831212e+02
9.64870712299831212e+02
9.64870712299833940e+02
9.64870712299833940e+02
9.64870712299842126e+02
9.64870712299850311e+02
9.66832682721614901e+02
9.66832682721617630e+02
9.66832682721620358e+02
9.66832682721623087e+02
9.66832682721628544e+02
9.66832682721634001e+02
9.66832682721634001e+02
9.66832682721636729e+02
9.66832682721642186e+02
9.68493077168789796e+02
9.68493077168795253e+02
9.68493077168795253e+02
9.68493077168797981e+02
9.68493077168800710e+02
9.68493077168800710e+02
9.68493077168806167e+02
9.68493077168806167e+02
9.68493077168806167e+02
9.68493077168808895e+02
9.68493077168811624e+02
9.68493077168814352e+02
9.68493077168817081e+02
9.68493077168817081e+02
9.68493077168817081e+02
9.68493077168819809e+02
9.68493077168822538e+02
9.68493077168822538e+02
9.68493077168825266e+02
9.68493077168825266e+02
9.68493077168827995e+02
9.68493077168827995e+02
9.68493077168830723e+02
9.68493077168830723e+02
9.68493077168833452e+02
9.68493077168836180e+02
9.68493077168838909e+02
9.68493077168846867e+02
9.68493077168855052e+02
9.80483113671042474e+02
9.80483113671045203e+02
9.80483113671047931e+02
9.80483113671047931e+02
9.80483113671050660e+02
9.80483113671053388e+02
9.80483113671053388e+02
9.80483113671056117e+02
9.80483113671056117e+02
9.80483113671058845e+02
9.80483113671058845e+02
9.80483113671061574e+02
9.80483113671064302e+02
9.80483113671064302e+02
9.80483113671064302e+02
9.80483113671067031e+02
9.80483113671067031e+02
9.80483113671069759e+02
9.80483113671069759e+02
9.80483113671069759e+02
9.80483113671069759e+02
9.80483113671072488e+02
9.80483113671072488e+02
9.80483113671072488e+02
9.80483113671072488e+02
9.80483113671075216e+02
9.80483113671075216e+02
9.80483113671075216e+02
9.80483113671075216e+02
9.80483113671077945e+02
9.80483113671077945e+02
9.80483113671077945e+02
9.80483113671080673e+02
9.80483113671080673e+02
9.80483113671080673e+02
9.80483113671080673e+02
9.80483113671080673e+02
9.80483113671083402e+02
9.80483113671083402e+02
9.80483113671083402e+02
9.80483113671083402e+02
9.80483113671086130e+02
9.80483113671086130e+02
9.80483113671088859e+02
9.80483113671088859e+02
9.80483113671088859e+02
9.80483113671091587e+02
9.80483113671094316e+02
9.80483113671094316e+02
9.80483113671099773e+02
9.80483113671102501e+02
9.80951276574562144e+02
9.80951276574567601e+02
9.80951276574573058e+02
9.80951276574581243e+02
9.80951276574583972e+02
9.86960440108935472e+02
9.95414386929055354e+02
9.95414386929060811e+02
9.95414386929063539e+02
9.95414386929066268e+02
9.95414386929068996e+02
9.95414386929071725e+02
9.95414386929074453e+02
9.95414386929074453e+02
9.95414386929077182e+02
9.95414386929079910e+02
9.95414386929085367e+02
9.95414386929085367e+02
9.95414386929085367e+02
9.95414386929090824e+02
9.95414386929090824e+02
9.95414386929096281e+02
9.95414386929096281e+02
9.95414386929104467e+02
9.95414386929104467e+02
1.00169769494137540e+03
1.00169769494137540e+03
1.00169769494138086e+03
1.00169769494138359e+03
1.00169769494138905e+03
1.00169769494138905e+03
