0.00000000000000000e+00
1.52136919385000624e-01
1.52596096367759060e-01
1.53026994784866588e-01
1.53812795459487006e-01
1.54811750025203310e-01
1.58620355209578179e-01
1.71423800494636680e-01
2.19991632658548042e-01
5.27285018702050934e+00
7.85854694017581323e+00
1.00080336757360726e+01
1.11664309255820484e+01
1.33578684600324635e+01
1.43293023570130771e+01
1.52300438412933516e+01
1.66955250101306802e+01
1.73749456550069823e+01
1.81780394792854310e+01
2.00647428091104274e+01
2.09102643827428523e+01
2.09378998749126595e+01
2.20820568615402806e+01
2.26836932444402208e+01
2.53263121148687418e+01
2.54916788000588497e+01
2.56714100523140871e+01
2.57913742916041286e+01
2.74912706415286152e+01
2.78758769954324634e+01
2.85015131269100834e+01
2.92351565671263813e+01
3.04230246175193599e+01
3.06759466494737865e+01
3.13703062146043692e+01
3.20382063425516321e+01
3.36059784281082727e+01
3.37332979498659711e+01
3.37763057135605607e+01
3.45549691018442218e+01
3.58604474987233175e+01
3.61753833149528532e+01
3.65118151829730664e+01
3.73862434002053590e+01
3.76776030552078680e+01
3.91411990082747252e+01
3.92434304276572732e+01
3.96051349512651427e+01
4.03994943863851859e+01
4.04228767395238719e+01
4.04998569859681652e+01
4.18418654185801415e+01
4.26075886081962949e+01
4.30147754883283255e+01
4.33202384131359111e+01
4.47451951806661725e+01
4.53563050932342549e+01
4.61429603550842273e+01
4.69459110547152250e+01
4.70909071879169971e+01
4.76174444283619778e+01
4.77532607399503490e+01
4.79335731120887942e+01
4.79998866912171991e+01
4.82208296847159659e+01
4.84698286781964782e+01
4.97405030667873405e+01
4.98792266948339034e+01
5.01950502766941042e+01
5.09576285737818182e+01
5.20897323839292028e+01
5.26073019759372187e+01
5.33689111124434135e+01
5.42462039704880681e+01
5.43470014439928093e+01
5.46938660695182648e+01
5.50774999326332306e+01
5.54120346994046145e+01
5.57648019402439274e+01
5.58386254747270812e+01
5.61263199046667012e+01
5.70834184596416492e+01
5.75915123707688110e+01
5.78770119501664624e+01
5.80582587696420660e+01
5.87529954967270669e+01
5.94622578041910970e+01
6.04529951976578559e+01
6.12969190684318050e+01
6.15045384697600355e+01
6.18742791607170375e+01
6.20107779490464850e+01
6.22857341295022309e+01
6.25713682432691201e+01
6.37450999510941188e+01
6.43526432395749453e+01
6.45024743256469435e+01
6.46498199922449146e+01
6.49501042316256871e+01
6.49874903264789623e+01
6.54129905586246423e+01
6.60734957966514571e+01
6.61745416197153133e+01
6.66056651185437261e+01
6.74902597096650823e+01
6.79517701592007199e+01
6.94142663726007925e+01
6.99566548788103262e+01
7.00120858059213447e+01
7.07196405665713144e+01
7.08385455620255584e+01
7.09249866800093685e+01
7.10102423846565785e+01
7.15571765313563617e+01
7.16822403232238514e+01
7.20837572523975609e+01
7.24264582321769694e+01
7.34932503820166971e+01
7.35819569078134350e+01
7.40121173101927639e+01
7.41222719863854991e+01
7.41735008480737292e+01
7.41922640665455049e+01
7.45031379045060760e+01
7.48635101224698758e+01
7.54997650533604769e+01
7.58350212264049617e+01
7.60758928662057485e+01
7.61888000217663262e+01
7.79658557079859804e+01
7.79942690652988802e+01
7.83537405225179100e+01
7.85889675267794132e+01
7.93463177303601412e+01
7.93916436413491340e+01
7.95379282798263603e+01
7.96129255218489220e+01
7.97167531747671489e+01
8.02842349448178254e+01
8.04275313878109444e+01
8.12380705437342669e+01
8.18236383554705924e+01
8.23988620505317613e+01
8.25870820148889209e+01
8.27250625248657627e+01
8.32075911028227893e+01
8.43887770142772524e+01
8.44705589038685787e+01
8.46602694800847075e+01
8.48428393122459568e+01
8.50917511458147260e+01
8.55700165847709684e+01
8.57405622180275486e+01
8.60988095392843604e+01
8.65160040457041077e+01
8.69633907024185362e+01
8.72618532633432267e+01
8.73378130908215553e+01
8.78845035972008191e+01
8.79343971846040517e+01
8.82831541159287667e+01
8.83754448256739522e+01
8.90396677946742727e+01
8.93986729223500731e+01
8.94792674474870751e+01
9.03869253394135796e+01
9.13462427448162941e+01
9.18131686976447838e+01
9.18775863009159650e+01
9.19488649206480488e+01
9.21802343369143955e+01
9.24828142356790863e+01
9.26537394625393915e+01
9.38122967679542512e+01
9.42697944000357779e+01
9.49213654918714269e+01
9.51146936409353145e+01
9.52660826471422979e+01
9.53340089338344967e+01
9.54480336645532930e+01
9.56468424215033224e+01
9.56841483000871165e+01
9.60323917179817386e+01
9.63163403106806868e+01
9.63919930449624758e+01
9.69807938696428664e+01
9.70872935424083323e+01
9.72329710766264554e+01
9.75846107455520269e+01
9.76757567216271241e+01
9.78718601610381427e+01
9.90106958027839710e+01
9.92366020715996910e+01
1.00141291341831277e+02
1.00359239704158512e+02
1.00569550494463499e+02
1.00698239245239620e+02
1.01253974078639430e+02
1.01697370545615257e+02
1.01798148733953894e+02
1.02029235380844682e+02
1.02429839371438447e+02
1.02815638754853353e+02
1.03153193766776667e+02
1.03268561145420023e+02
1.04363179671581463e+02
1.04486871546566306e+02
1.04550246444640379e+02
1.05409934758372145e+02
1.05593596729082037e+02
1.06435505331312186e+02
1.06788912244775418e+02
1.06822506657556517e+02
1.06858225943890545e+02
1.07026552474579063e+02
1.07363570984774640e+02
1.07533281854780569e+02
1.07614372824962885e+02
1.07697074704105660e+02
1.07938779474518356e+02
1.08058601050824592e+02
1.08577431496467426e+02
1.09198988151967654e+02
1.09561398655071315e+02
1.09867775333844492e+02
1.10059766194429756e+02
1.10143394905978255e+02
1.10336930656605603e+02
1.11934060469824885e+02
1.11992352910458322e+02
1.12056515172368279e+02
1.12265384977127184e+02
1.12838940888107601e+02
1.12887980504885377e+02
1.13127012109787415e+02
1.13691486770497249e+02
1.14338113421532540e+02
1.14361799346667425e+02
1.14428701689383701e+02
1.14499037450733539e+02
1.14627236077435981e+02
1.15181135666951917e+02
1.15358686618394330e+02
1.16053376047261679e+02
1.16429296412081783e+02
1.16980292632066352e+02
1.17376480170106788e+02
1.17694099968222446e+02
1.18139276266121044e+02
1.18231860545629502e+02
1.18495243621467154e+02
1.18625788781579587e+02
1.18715800075338564e+02
1.18981828288642674e+02
1.19261160646467346e+02
1.19299855733472526e+02
1.19684706881720984e+02
1.19757747405079357e+02
1.20026950844514317e+02
1.20074564547612738e+02
1.20148702100892592e+02
1.20201118238988187e+02
1.20573250992586509e+02
1.20920685394867746e+02
1.21748733946580302e+02
1.22273899818572119e+02
1.23041616475344654e+02
1.23528807985323624e+02
1.23709408794959472e+02
1.23869595242396230e+02
1.24373086047062827e+02
1.24432519581855928e+02
1.24477331972723789e+02
1.25055958923494416e+02
1.25130983479020955e+02
1.25277360170991699e+02
1.25914161651220610e+02
1.26514315043353321e+02
1.26559109691810306e+02
1.26689312872502029e+02
1.26844764196281488e+02
1.27011569980033130e+02
1.27086199195330067e+02
1.28328761835106064e+02
1.29479065289286893e+02
1.29610763086567260e+02
1.30061061105886381e+02
1.30310485128950319e+02
1.30355580043607745e+02
1.30622879870421031e+02
1.30860594493478771e+02
1.31063731159156049e+02
1.31198991317877557e+02
1.31306704027380050e+02
1.31366552499861541e+02
1.31474066694934805e+02
1.31711292079564402e+02
1.31830884792074500e+02
1.32113975381159037e+02
1.32260547596029937e+02
1.33246047005527316e+02
1.33421270562579338e+02
1.33548127128596576e+02
1.34065600959642069e+02
1.34295712146064659e+02
1.34520884910313839e+02
1.34642118844423067e+02
1.34829416473408259e+02
1.35042196981503224e+02
1.35333210870362592e+02
1.35440904095594846e+02
1.36285294016841277e+02
1.36524102987317633e+02
1.36653737574797447e+02
1.37126877235537250e+02
1.37165505623109738e+02
1.37287639460632306e+02
1.37516184370758054e+02
1.38223492446603956e+02
1.38749934727054693e+02
1.38780190028834369e+02
1.39197408079675313e+02
1.39466383936259518e+02
1.40001649057334305e+02
1.40711213951166485e+02
1.41290197814447708e+02
1.41501195432444405e+02
1.41648098078565596e+02
1.41777660590796188e+02
1.41822677296420636e+02
1.42148526797602386e+02
1.42301118178619930e+02
1.42907995142685820e+02
1.44090555205543779e+02
1.44199772391455241e+02
1.44351177031421770e+02
1.44516732925803240e+02
1.44785156777026828e+02
1.44819600510589396e+02
1.45077708409204263e+02
1.45615511655791096e+02
1.45803520221174409e+02
1.46285257292098265e+02
1.46500904469025386e+02
1.46911385967535807e+02
1.47039606522325670e+02
1.48084606327402469e+02
1.48229104487271229e+02
1.48375725568657771e+02
1.48554935711068538e+02
1.48900058034024084e+02
1.49322052054583935e+02
1.49590520216520503e+02
1.49988339416164166e+02
1.51124764653847421e+02
1.51268683378982303e+02
1.51728851653308425e+02
1.51945390887990271e+02
1.52204649852775106e+02
1.52414225491410463e+02
1.52932195797734551e+02
1.52981437850507859e+02
1.53258282097004354e+02
1.53467698126093183e+02
1.53520010511454956e+02
1.53841594478804240e+02
1.54116545247586856e+02
1.54257533578022191e+02
1.54528692431724039e+02
1.54747405394871606e+02
1.55507981495989981e+02
1.55927126014114236e+02
1.56073092948073509e+02
1.56189410500746305e+02
1.56750531768553344e+02
1.56894917075095236e+02
1.57418525950856122e+02
1.57963878237435722e+02
1.58345777676732382e+02
1.58426428080126016e+02
1.58551597049694578e+02
1.58706753410271062e+02
1.59007061300827445e+02
1.59222309119262775e+02
1.59518274511511265e+02
1.59668395595230777e+02
1.60026233312441150e+02
1.60620647578951775e+02
1.61209336486386576e+02
1.61309258598611677e+02
1.61367304346347908e+02
1.61492393760412313e+02
1.61788413876549612e+02
1.62533717432372384e+02
1.63284222083654356e+02
1.63498191153295238e+02
1.63878326728464117e+02
1.64251953042535774e+02
1.64374010133612330e+02
1.65036692540829904e+02
1.65293874201343613e+02
1.65598313322744957e+02
1.66001757676687362e+02
1.66379693466970991e+02
1.66643912648919297e+02
1.66757448830974852e+02
1.66809443455986468e+02
1.67069550259127027e+02
1.67161450306396659e+02
1.67987775052158668e+02
1.68383437573517654e+02
1.68683301127662844e+02
1.68790203868204173e+02
1.69441821833767790e+02
1.69820781430896886e+02
1.70342246487916100e+02
1.70733037492357539e+02
1.70775339868474305e+02
1.71172785697318773e+02
1.71859763638604193e+02
1.72746201674253143e+02
1.72810457982816104e+02
1.72850854523112275e+02
1.73151386713269517e+02
1.73310867100048370e+02
1.73533565166864605e+02
1.73794261926526360e+02
1.74290072766724620e+02
1.74523429646836234e+02
1.74567667476846282e+02
1.74803843034109036e+02
1.75510062986214109e+02
1.75712959911721100e+02
1.76012251261705273e+02
1.76214180339461507e+02
1.76476608209774440e+02
1.77692756078265973e+02
1.77773053763818439e+02
1.77994789886368324e+02
1.78593596901456465e+02
1.78700911366714479e+02
1.78952264579863879e+02
1.79184531079829924e+02
1.79728253150707189e+02
1.79893339382386159e+02
1.80854288063120293e+02
1.81071374907194411e+02
1.81253415371598123e+02
1.81384924714167994e+02
1.81684670005513908e+02
1.82165012339528516e+02
1.83207915270805529e+02
1.83447666623533962e+02
1.83588080988857655e+02
1.83820317559179955e+02
1.83923456392223216e+02
1.84168128991953779e+02
1.84591375926733292e+02
1.84705154326604145e+02
1.85607723228336738e+02
1.85942065491510334e+02
1.86685094456062302e+02
1.86828394397311740e+02
1.87068095202398979e+02
1.87474991833095260e+02
1.87598558087211018e+02
1.87837433046383921e+02
1.88195797492877148e+02
1.88262711842040858e+02
1.88374369074217725e+02
1.88782196278878530e+02
1.89047421770853703e+02
1.89178615091741051e+02
1.89623133753420689e+02
1.90004601414772651e+02
1.90080591160382426e+02
1.90970302022351348e+02
1.91373529513718779e+02
1.91465607542718487e+02
1.91997113745819263e+02
1.92351235758698806e+02
1.92593607235143736e+02
1.92850422721950565e+02
1.93465339699838466e+02
1.93691070318830782e+02
1.93890127449797433e+02
1.94260494181952083e+02
1.94309856212066222e+02
1.95062067238110615e+02
1.95270512445871418e+02
1.96118859127288488e+02
1.96640668469797674e+02
1.96904150482090131e+02
1.97002995557214604e+02
1.97363295937752582e+02
1.97441237723144809e+02
1.97894068871149784e+02
1.98314405562837408e+02
1.98815288599070811e+02
1.99173957611211961e+02
1.99758826637154129e+02
1.99903111341642500e+02
2.00760932821300685e+02
2.00929946702474865e+02
2.01122583929951759e+02
2.01311041508673554e+02
2.01832932348590361e+02
2.02090199149556156e+02
2.02168445419856198e+02
2.02365378065598577e+02
2.02651892166903906e+02
2.02794051028329761e+02
2.03337619139103026e+02
2.03470725341969228e+02
2.03718476727173652e+02
2.04072891666044086e+02
2.04210260149223188e+02
2.04906944076426498e+02
2.04971922476774466e+02
2.05199733201138031e+02
2.05432110468786163e+02
2.05541812091892439e+02
2.05823632208717356e+02
2.06771904391431349e+02
2.06840658966481271e+02
2.07320125158303995e+02
2.07530847954254284e+02
2.07971399651172533e+02
2.08296246801859240e+02
2.08621272463004118e+02
2.08818559601101072e+02
2.09275001933393355e+02
2.09549169812159960e+02
2.10867737394138032e+02
2.11315841239572876e+02
2.12003446135281195e+02
2.12295776808076766e+02
2.12391873306185005e+02
2.12640677456570756e+02
2.12711052634779492e+02
2.13104754850376423e+02
2.13453125310056862e+02
2.14101726338648461e+02
2.14453695444418202e+02
2.14556042755164640e+02
2.15263100647295801e+02
2.15357619626482972e+02
2.15829020714787475e+02
2.16206963931543044e+02
2.16568511117034518e+02
2.16619244125521448e+02
2.16787863977907875e+02
2.17405637732691559e+02
2.18348260544777929e+02
2.18629656457053329e+02
2.19073426395033380e+02
2.19459171298357774e+02
2.19864967607547158e+02
2.19959381541275718e+02
2.20093858030333081e+02
2.20190308985867432e+02
2.20518067661265491e+02
2.21187231306429169e+02
2.21699257098491671e+02
2.22338540945698867e+02
2.22850410167837083e+02
2.22922847812083376e+02
2.23825074679087493e+02
2.23927407157930418e+02
2.24256608308632565e+02
2.24307387009962724e+02
2.24700883148490107e+02
2.25046281955718314e+02
2.25411875846560065e+02
2.25534822978134798e+02
2.25630738080730850e+02
2.26088791807971631e+02
2.26374020804016084e+02
2.27057067847072915e+02
2.27603451923348530e+02
2.27914428804835666e+02
2.28025223207081865e+02
2.28698959058141895e+02
2.29333081819387473e+02
2.29535441277820041e+02
2.29918007894522816e+02
2.29976025478011707e+02
2.30844155255331032e+02
2.31208104714881586e+02
2.31432534785582504e+02
2.31802931536532640e+02
2.31883398561789647e+02
2.32060296199986794e+02
2.32622801780561929e+02
2.33548081540861006e+02
2.33941749500051856e+02
2.34042268884896316e+02
2.34844989506078377e+02
2.34929839079748774e+02
2.35432975544399596e+02
2.36154705258671072e+02
2.36585124053635866e+02
2.36735054995531129e+02
2.37160374423385292e+02
2.37702396579118158e+02
2.37919154971799799e+02
2.38526181824515163e+02
2.38806637779815162e+02
2.39455448792350978e+02
2.39508050250134545e+02
2.39581269365332730e+02
2.39960134070382480e+02
2.40076173643448556e+02
2.40552797731578153e+02
2.40636710627710386e+02
2.40743403042758587e+02
2.41062987102093643e+02
2.41848894791046575e+02
2.42920815615010838e+02
2.43067997798009515e+02
2.43528542620872429e+02
2.43700760715875845e+02
2.44124841411597401e+02
2.44668173165528913e+02
2.44988016108931618e+02
2.45709806906674487e+02
2.46558046601448552e+02
2.46942456077159818e+02
2.47215661602906209e+02
2.47783792083893388e+02
2.48091617873494783e+02
2.48447405987818911e+02
2.48596886648735961e+02
2.48819845263206332e+02
2.49265929367649505e+02
2.49404491325542040e+02
2.49513523134668674e+02
2.49792387135852266e+02
2.49957819890409212e+02
2.50324516601552659e+02
2.50402617209010089e+02
2.50931093430288570e+02
2.52085102771126230e+02
2.52727080308490542e+02
2.52789553032447657e+02
2.52943178558836564e+02
2.53931151792433354e+02
2.54583545627393391e+02
2.54663621055507065e+02
2.54736969696038500e+02
2.54827405237477933e+02
2.55267832654462097e+02
2.55559999296911712e+02
2.56083519295397707e+02
2.56220598587535562e+02
2.56429837194219147e+02
2.56503918785834287e+02
2.56822986720827828e+02
2.57584443641371422e+02
2.58256157521186253e+02
2.59255922985450979e+02
2.59476275020593334e+02
2.59936316790140893e+02
2.60063356943193185e+02
2.60475344029336441e+02
2.61002024212375488e+02
2.61161634678865425e+02
2.61471814993331236e+02
2.61888044246472703e+02
2.62325034015364452e+02
2.62572640828137139e+02
2.63417458953472817e+02
2.63500243635311733e+02
2.63834805367012848e+02
2.64217868138105700e+02
2.64685516398458390e+02
2.64810527209930513e+02
2.64902555915428877e+02
2.64990106966167957e+02
2.65617462963969047e+02
2.66528455893151715e+02
2.67428381203776951e+02
2.67703503371268425e+02
2.67824772068653601e+02
2.68190751931358022e+02
2.68620230300175706e+02
2.69224368661591200e+02
2.69290080989255102e+02
2.69805409429109261e+02
2.70178061537462156e+02
2.70333888467033091e+02
2.70473321991690398e+02
2.71677095599654876e+02
2.71849448859893528e+02
2.72185349525102311e+02
2.72545128672860983e+02
2.72637479868359662e+02
2.72852209172078688e+02
2.73203143700046724e+02
2.73266160199786782e+02
2.73589147605531423e+02
2.73821519555782231e+02
2.74090779307911419e+02
2.74428806997590243e+02
2.75279960965554437e+02
2.75816788357273083e+02
2.75911079867770241e+02
2.76524987514342058e+02
2.77232044502464362e+02
2.77836486679299526e+02
2.78691006984528656e+02
2.79989920696692195e+02
2.80465758891573614e+02
2.80753174286586386e+02
2.80968981244520933e+02
2.81231294249703524e+02
2.81673479129534542e+02
2.82044959768671617e+02
2.82125579049383532e+02
2.82327647017066113e+02
2.82425190438439358e+02
2.83124418129296316e+02
2.83863502524919681e+02
2.84606576678786041e+02
2.84805551494093322e+02
2.85287927858986166e+02
2.85421014432275626e+02
2.85901586468454923e+02
2.86473076572050275e+02
2.86627548987227158e+02
2.86871601007989057e+02
2.87374977174075127e+02
2.88026493288473034e+02
2.88343513476057751e+02
2.88484216381996930e+02
2.88933224852790602e+02
2.89051674108377824e+02
2.89401221321394075e+02
2.89977923551174058e+02
2.90404624275566505e+02
2.90863437313373936e+02
2.91339216672321470e+02
2.91474916432257317e+02
2.92253597184325770e+02
2.93081779382173124e+02
2.93965262750151339e+02
2.94135885156702386e+02
2.94230618303551637e+02
2.94567191490494679e+02
2.94964001713685548e+02
2.95405712909949614e+02
2.95622126388952665e+02
2.96997063363002269e+02
2.97073405849218716e+02
2.97386746348867518e+02
2.97980306539047092e+02
2.98121358704820636e+02
2.98687077449034462e+02
2.98884878749786537e+02
2.99001388022645131e+02
2.99416639566642630e+02
2.99927699726287244e+02
3.00302219429041998e+02
3.00481035369775952e+02
3.00743013682524349e+02
3.00857255514297549e+02
3.01354500909026626e+02
3.01600443254355582e+02
3.01861441441992042e+02
3.02084965083831435e+02
3.02370879115603657e+02
3.02752930327818490e+02
3.03782035719005421e+02
3.04728777524231361e+02
3.05120756437908767e+02
3.05542828224013533e+02
3.05669921060011063e+02
3.05917142020908670e+02
3.06599782024767705e+02
3.06762275076807498e+02
3.07041845905830144e+02
3.07195747259747861e+02
3.07444282740466747e+02
3.07564557331759829e+02
3.07903665718294747e+02
3.09023430269402525e+02
3.10004209690672212e+02
3.10396005373477351e+02
3.10497496668979977e+02
3.11578499160533909e+02
3.11681981518101168e+02
3.11792343113825439e+02
3.12208600712697830e+02
3.12997680571454737e+02
3.13214043318622487e+02
3.13351312719636439e+02
3.13605812581637508e+02
3.13844865941442322e+02
3.13921173362664376e+02
3.14072303433479817e+02
3.14524097585205936e+02
3.14697871258755583e+02
3.14935058373351922e+02
3.15187973788087788e+02
3.16017705338941198e+02
3.16886658493707614e+02
3.17102521156232513e+02
3.17857225702209576e+02
3.18024562193867268e+02
3.18502636033398005e+02
3.18705547485041905e+02
3.18903777213195497e+02
3.19282997976852869e+02
3.19864741696310546e+02
3.20294566293001253e+02
3.20591254043147273e+02
3.21704890939805182e+02
3.21898615276207863e+02
3.22423414231614458e+02
3.22973972381562419e+02
3.23382755592919636e+02
3.24024151724111732e+02
3.24440124347943936e+02
3.24785162010441923e+02
3.24973941188686183e+02
3.25434026813104254e+02
3.25538069051939374e+02
3.25960881350959653e+02
3.26063706388098410e+02
3.26390105731962990e+02
3.26826203221073911e+02
3.26904687272645845e+02
3.27027654587758718e+02
3.27436464734238825e+02
3.29540275732551606e+02
3.30178073661612359e+02
3.30274254915891959e+02
3.30869360314507958e+02
3.31210247773087872e+02
3.31479851352789751e+02
3.31580305827283496e+02
3.31701838868073764e+02
3.32013349863484166e+02
3.32546347790640539e+02
3.32901084784197280e+02
3.33469300921445722e+02
3.34019180066244871e+02
3.34704759706266429e+02
3.35143394115835406e+02
3.35504460195178638e+02
3.36119706869062838e+02
3.36912720240446731e+02
3.37125808200077699e+02
3.37215437432361739e+02
3.37465028402755479e+02
3.37505353674595824e+02
3.37729054408685954e+02
3.38051290170733523e+02
3.38409045440185082e+02
3.38596937586012814e+02
3.38839127948635564e+02
3.39463609704722899e+02
3.39583930452400182e+02
3.42688767563308545e+02
3.43351480986826800e+02
3.43470031310864158e+02
3.43914645089286410e+02
3.44029643668409619e+02
3.44203792478006164e+02
3.44371320930483250e+02
3.45062599191523930e+02
3.45471357531468868e+02
3.45671337341037486e+02
3.47509151708277386e+02
3.47737169978920065e+02
3.48057696160542093e+02
3.48501934387044685e+02
3.48649874939917879e+02
3.48888817318846293e+02
3.49314490022724385e+02
3.49551251512083525e+02
3.49678023956778134e+02
3.49904464106789760e+02
3.49990933797206594e+02
3.50240736059862797e+02
3.50778249111446200e+02
3.50972574213329551e+02
3.51128426670771773e+02
3.51278144430593898e+02
3.51635789549241395e+02
3.51952610619362076e+02
3.52295370741160127e+02
3.53971930299977032e+02
3.54555862808945221e+02
3.54823436795491148e+02
3.55004040451293235e+02
3.55125548773022444e+02
3.55304460621857686e+02
3.55478390055854675e+02
3.55798934205509738e+02
3.56664534098608954e+02
3.56826854575420555e+02
3.56974829716822796e+02
3.57402807470080006e+02
3.59286053879363010e+02
3.59496676789006983e+02
3.59976261767285564e+02
3.60303628143740355e+02
3.60723999582346323e+02
3.61039319716175328e+02
3.61168143732453530e+02
3.61314783407952177e+02
3.61677747427275676e+02
3.62405184567835988e+02
3.62560115977800365e+02
3.62812942168869370e+02
3.63014807345460156e+02
3.63543005686734716e+02
3.63774097716269296e+02
3.64333802208317934e+02
3.64434551101453678e+02
3.64800014997997152e+02
3.64914807825409923e+02
3.65651988485442814e+02
3.65804831763259415e+02
3.65966269570976920e+02
3.66887139654292866e+02
3.67617141422611553e+02
3.68168207003105920e+02
3.68561677983048526e+02
3.68825488022249431e+02
3.68926881118006690e+02
3.69219244867564669e+02
3.69369908075611761e+02
3.70594139744879271e+02
3.71588940246038931e+02
3.71700737198733975e+02
3.72304773405658580e+02
3.72668971198742497e+02
3.72853371838744351e+02
3.73396650833863362e+02
3.73494315974360347e+02
3.73700010619491877e+02
3.73922394099603650e+02
3.74093808976682453e+02
3.74279151329149443e+02
3.74507796324003493e+02
3.75297093374753729e+02
3.75601019229525548e+02
3.75940124797068336e+02
3.76436726069793679e+02
3.76785682585003315e+02
3.77297708414634542e+02
3.77416626725903882e+02
3.79810916794480079e+02
3.79909367152413552e+02
3.80299338455206168e+02
3.80735673615471285e+02
3.81303010879340832e+02
3.81994097157753856e+02
3.82116504139911115e+02
3.82260053622115947e+02
3.82811578380473748e+02
3.83486593111326727e+02
3.84627708573804284e+02
3.84739136310731283e+02
3.84904184365410913e+02
3.85626436110181885e+02
3.85850204083808364e+02
3.86102249883016441e+02
3.86441062387994691e+02
3.86638825797400159e+02
3.86759578389520016e+02
3.87091028710775674e+02
3.87322570453737569e+02
3.88217668454074044e+02
3.88318007614379781e+02
3.88829860679605247e+02
3.89078483080978174e+02
3.89231627976533957e+02
3.89467439693029519e+02
3.90150940444381945e+02
3.91026933022904700e+02
3.91432145406278494e+02
3.91825271042601628e+02
3.91963576360159720e+02
3.92934604979657422e+02
3.93056697876783062e+02
3.93167352985654077e+02
3.93281972072102349e+02
3.93988684588284116e+02
3.94341727574518302e+02
3.94898278691718701e+02
3.95306107665223578e+02
3.96284673280185473e+02
3.96985628538114270e+02
3.97208180426060210e+02
3.97517950335200055e+02
3.97843929978686560e+02
3.98258116860433233e+02
3.98838981469574605e+02
3.99219229938793831e+02
4.00373229932341815e+02
4.00578605245920301e+02
4.01092319854735536e+02
4.01415868690977788e+02
4.01771688120291174e+02
4.02199647959893355e+02
4.02644039670886400e+02
4.03228528493065710e+02
4.03390157936107869e+02
4.03728164076350254e+02
4.04598122747446382e+02
4.04808539326721359e+02
4.05221462993056889e+02
4.05669285716566094e+02
4.05995957507951573e+02
4.06272048848865268e+02
4.06428240640996137e+02
4.06590958856202917e+02
4.06799117758936745e+02
4.07707312887459011e+02
4.07812635568522580e+02
4.08827281431738982e+02
4.09090959330405212e+02
4.09919789490217738e+02
4.10204712515186372e+02
4.10904509250202977e+02
4.11130592152585223e+02
4.11305716164395676e+02
4.12027674113609919e+02
4.12389470993404757e+02
4.12800673917520726e+02
4.13270058574707036e+02
4.13581787491371074e+02
4.14035120689762607e+02
4.14297433184679562e+02
4.14776435138158263e+02
4.15121153980553231e+02
4.15430537645804520e+02
4.15681876908951040e+02
4.16358031158735344e+02
4.17234851050751558e+02
4.17898984345210465e+02
4.18679800620997412e+02
4.18804052115589116e+02
4.20266357140456080e+02
4.20790107100380169e+02
4.21303377193683218e+02
4.21573533126102120e+02
4.22129126298366828e+02
4.22442840384382748e+02
4.22758549613724995e+02
4.22955876722110588e+02
4.23448580232486165e+02
4.23979824738863613e+02
4.24266659672644096e+02
4.24675703382082474e+02
4.25052431396513157e+02
4.25559697026785670e+02
4.25811763903238784e+02
4.26110205074209944e+02
4.26278387602642852e+02
4.27451341659864852e+02
4.27937227334917793e+02
4.28192244777439896e+02
4.28303433388070403e+02
4.28540233318774654e+02
4.29339362412231253e+02
4.30596165839832906e+02
4.30954123633734071e+02
4.31079334402933114e+02
4.31545849055989265e+02
4.32874862790983229e+02
4.33017546029814753e+02
4.33486570533321355e+02
4.33862256317390802e+02
4.34340928889618453e+02
4.34699369957626573e+02
4.35171618248149571e+02
4.35525945742640261e+02
4.36277700539415719e+02
4.36542224332452406e+02
4.36897175854223860e+02
4.37624776537107891e+02
4.37799743137957080e+02
4.38532791005741046e+02
4.38704339435425027e+02
4.38958265809493014e+02
4.39453957072567277e+02
4.39720725430958510e+02
4.40042808270596879e+02
4.40774185380856579e+02
4.41221106662509214e+02
4.41441314634485025e+02
4.41860789733065076e+02
4.42623144823938901e+02
4.43216901703906615e+02
4.43681192198142526e+02
4.44266130588369379e+02
4.44399495166761085e+02
4.44762520651145564e+02
4.44953592924599775e+02
4.45119268212080783e+02
4.45415345483312535e+02
4.45580870689117546e+02
4.45809983758733438e+02
4.46471520743599740e+02
4.46716046040873380e+02
4.46947836696818740e+02
4.47226572744242276e+02
4.47499260812759530e+02
4.47676205183313527e+02
4.47847121699047079e+02
4.47988637495346325e+02
4.48281851713391234e+02
4.48632652440006950e+02
