6.23949428805048001e-01
6.25259066266025343e-01
6.26482157194487854e-01
6.27427398939303771e-01
6.28245029631173679e-01
6.29501807851710282e-01
6.34074029884359902e-01
9.87829746880532866e+00
2.02086515626837979e+01
3.32475545518836668e+01
3.95150435075586302e+01
4.88771279611663090e+01
5.97384702731979758e+01
6.70210944927103469e+01
7.68729499524391144e+01
7.69330515717862511e+01
7.69565001163025499e+01
7.69734013628795708e+01
7.70025541603781392e+01
7.70432531549653277e+01
7.70688197875469427e+01
7.71787039964965516e+01
7.72358134637057105e+01
7.74407940117890234e+01
8.28087574134941065e+01
8.76261205987322001e+01
8.89263464101135526e+01
1.08649207060121029e+02
1.10653065343929597e+02
1.19055026093189639e+02
1.36072868593041420e+02
1.37199087005678962e+02
1.52091956440827971e+02
1.58171763107356639e+02
1.63864455672626434e+02
1.68412381521755776e+02
1.87962799534187639e+02
1.88027416052685396e+02
1.92366441613888867e+02
1.93811363934754297e+02
1.93857396921193413e+02
1.93977180657362567e+02
1.94018181004916869e+02
1.95647705360604732e+02
1.98076607446751609e+02
1.98314679581632447e+02
2.01598074269755784e+02
2.02259301839053251e+02
2.02468267481096746e+02
2.02626906819228736e+02
2.06106810259542499e+02
2.26482256586433380e+02
2.26542523217449570e+02
2.26608586932143055e+02
2.26724253815882150e+02
2.35231252596356683e+02
2.38696352068299404e+02
2.38828454383201858e+02
2.39772792993866119e+02
2.40399694069521729e+02
2.40576896639938752e+02
2.40874844737653291e+02
2.40994584086776229e+02
2.41217691734856430e+02
2.43257819091104068e+02
2.47383528668747942e+02
2.61014330116692918e+02
2.61279299193838824e+02
2.61342639747686349e+02
2.61407441492737178e+02
2.61766050877444854e+02
2.65079370523389287e+02
2.68245843357029855e+02
2.68339942772628262e+02
2.68589259458972094e+02
2.69239366235770547e+02
2.69842212660062557e+02
2.70688369645699197e+02
2.74682506105289292e+02
2.77321336733604142e+02
2.77655007256244176e+02
2.77737307807611103e+02
2.77863182296033756e+02
2.78137048803130938e+02
2.78813157778116931e+02
2.79174214920282964e+02
2.79342525091469895e+02
2.81623793374132845e+02
2.84697897311942540e+02
2.86475940286299249e+02
2.86641143555447513e+02
2.91032087155091688e+02
2.91733287480558431e+02
2.96265428030942815e+02
2.96494885884696316e+02
2.97874206637041539e+02
2.98083000193355531e+02
2.98310140291470987e+02
2.98453464505881811e+02
2.98541014954522382e+02
2.98614227820522615e+02
2.98859688234702332e+02
2.99310449766983083e+02
2.99620180527411264e+02
3.01609333889980860e+02
3.06244514745493973e+02
3.10070356561585129e+02
3.12341468131111014e+02
3.13042806265415265e+02
3.13128782041423051e+02
3.13596245416834506e+02
3.14603172231637416e+02
3.15339811917446355e+02
3.15650996984939184e+02
3.17348064066754489e+02
3.17632207252466117e+02
3.18554103675587896e+02
3.18860431456706010e+02
3.19000958871505759e+02
3.19176845065538714e+02
3.19254914732554312e+02
3.36742810391181706e+02
3.37238645329560768e+02
3.37364392994554180e+02
3.37634526256202605e+02
3.37833871788893816e+02
3.37942470512946841e+02
3.38043696943669147e+02
3.38154214439333600e+02
3.38601566266112229e+02
3.46812334309874473e+02
3.48426816148259263e+02
3.50893903209153507e+02
3.51252240741141236e+02
3.52024966484593676e+02
3.53439582800467747e+02
3.59685275501047556e+02
3.59943851230967255e+02
3.60422298834167407e+02
3.61427919383580843e+02
3.61880076850628143e+02
3.62205051891203254e+02
3.62692966570671615e+02
3.63335276269301573e+02
3.63510922567013097e+02
3.64121730514563012e+02
3.75129670018978516e+02
3.78601505718737940e+02
3.79842866807276096e+02
3.80058678408760102e+02
3.80253930438364250e+02
3.80645662253827879e+02
3.82290373014703221e+02
3.83659276112649252e+02
3.85056801052166122e+02
3.86746598839606065e+02
3.87300761527062775e+02
3.89890447443845744e+02
4.08401073627555377e+02
4.08935844124076937e+02
4.09307677049628580e+02
4.09683778311674530e+02
4.09853831752740007e+02
4.10018836722083392e+02
4.10278451881046863e+02
4.10480835781316102e+02
4.10711655022999025e+02
4.11190548880875497e+02
4.22837552926940475e+02
4.23071149888653849e+02
4.23955016224532642e+02
4.24100168042953442e+02
4.24217114467661304e+02
4.25117373816500162e+02
4.32340591384870550e+02
4.42213517448315315e+02
4.42740840180997907e+02
4.43666309005262406e+02
4.45270619998029929e+02
4.46581810883096864e+02
4.47034949819768030e+02
4.48172211585218747e+02
4.49967960000058838e+02
4.52627714907614859e+02
4.53078335064938756e+02
4.55966374617262659e+02
4.59037822549821271e+02
4.60056366831718492e+02
4.60577084557365538e+02
4.60755749609657300e+02
4.61492479125206160e+02
4.61795979960842715e+02
4.64995136387107436e+02
4.66823958280438433e+02
4.68050050632256102e+02
4.68551868038458224e+02
4.68773806177393226e+02
4.71027914958889596e+02
4.71174339220124921e+02
4.76474114882341155e+02
4.77899517587289665e+02
4.78032130279281546e+02
4.80527522598243877e+02
5.01093735538958299e+02
5.02081489910606820e+02
5.02513367817447261e+02
5.03602441606165485e+02
5.05543656155526378e+02
5.06334803968605797e+02
5.07529335824018631e+02
5.10134854609767103e+02
5.10999263002750808e+02
5.11361773432519044e+02
5.11813227175497559e+02
5.12186605194472918e+02
5.12889005083391680e+02
5.13094808020381947e+02
5.13884376306306649e+02
5.14604173415957234e+02
5.15892367953975963e+02
5.17133223067444078e+02
5.17610912844030622e+02
5.18297434864416800e+02
5.18462152999794284e+02
5.18992505669411116e+02
5.19458458163031878e+02
5.21878688187688795e+02
5.22566913473602540e+02
5.23762308436236822e+02
5.24697962366970728e+02
5.26354614437613918e+02
5.27586987116248224e+02
5.27770923815837932e+02
5.47954867468199382e+02
5.49732637656022575e+02
5.50818746860817328e+02
5.53957109757513649e+02
5.59289877854682004e+02
5.60862652514103843e+02
5.61543166586213260e+02
5.62333613602290939e+02
5.63357331723917241e+02
5.63626332410306190e+02
5.64974838621306844e+02
5.66109869306876931e+02
5.68225750695518514e+02
5.68448901757058820e+02
5.70234265342825779e+02
5.70688365723060429e+02
5.71425789410088669e+02
5.71759477169338766e+02
5.72227637218850077e+02
5.72390418259878743e+02
5.73617909395013953e+02
5.74223712852513700e+02
5.74556248730693142e+02
5.75829429498587388e+02
5.84714634898381178e+02
5.93737410141284954e+02
5.94489817575498023e+02
5.94672443528669646e+02
6.20292155222980568e+02
6.21707563102760560e+02
6.22464904178474285e+02
6.23160706500298261e+02
6.23649453558308323e+02
6.23907837560232565e+02
6.24164114872739788e+02
6.24428089843024736e+02
6.24949405653745544e+02
6.33322923111548903e+02
6.33610027102651088e+02
6.34305332342194220e+02
6.34646162529141520e+02
6.35577982712797507e+02
6.36161742607578844e+02
6.36450226713584811e+02
6.36974343085929377e+02
6.38435838873167086e+02
6.39376824545570457e+02
6.41651152769242231e+02
6.62025829348456227e+02
6.62998864273205868e+02
6.63516681698051570e+02
6.63923532526271742e+02
6.64552554249015429e+02
6.66045285915639738e+02
6.82094347357874653e+02
6.82605724177678667e+02
6.82863737329231867e+02
6.83209685726833186e+02
6.83540482905524641e+02
6.84174070558044377e+02
6.93370373305616340e+02
6.94156267977474158e+02
6.96971514590286006e+02
6.97827285172073061e+02
6.98231861349525389e+02
6.99207364666248054e+02
6.99600618183236179e+02
7.00187820942129974e+02
7.00574777172635891e+02
7.01551238210134215e+02
7.02550680528796192e+02
7.31505157484668644e+02
7.32315471793097686e+02
7.34013729054006603e+02
7.38206017057788017e+02
7.38828276712315869e+02
7.39066731766137195e+02
7.40199097357473875e+02
7.40489010354956918e+02
7.40892623139744160e+02
7.41440683177844107e+02
7.41887313554781372e+02
7.43530272985171564e+02
7.44537764655329511e+02
7.44932680230637516e+02
7.48914743419591787e+02
7.51348890570847743e+02
7.54296191004689035e+02
7.54995639516826486e+02
7.56093723672776264e+02
7.57113633876111635e+02
7.59539114273897439e+02
7.60818041160620055e+02
7.62900166841580130e+02
7.64625879038495782e+02
7.65061537033285276e+02
7.65424507227412164e+02
7.66024763664141233e+02
7.66494979140007217e+02
7.66752772509243755e+02
7.67095058091277906e+02
7.67791841050962262e+02
7.85055648449335649e+02
7.92796085907693623e+02
7.93867811015628149e+02
7.96392519211548233e+02
8.01982934145261538e+02
8.03274155256026461e+02
8.04159903865655679e+02
8.04661463120956455e+02
8.05237778543326840e+02
8.05978910408323372e+02
8.06285839783307551e+02
8.06706785701367266e+02
8.07974468093252426e+02
8.08538508325701741e+02
8.08921475202879265e+02
8.10348189589769049e+02
8.24364402792928672e+02
8.30304015116205505e+02
8.31108979797209372e+02
8.36703197628602766e+02
8.37123003903534482e+02
8.37475262871459790e+02
8.38410684239460807e+02
8.39055166691531781e+02
8.39502556162418614e+02
8.40526368828016530e+02
8.41265449527467581e+02
8.43219414162154180e+02
8.43913947588575297e+02
8.46106008772207474e+02
8.50171199569879263e+02
8.52226727528045785e+02
8.52529280725518220e+02
8.55920257585833156e+02
8.59850476296025249e+02
8.61112576805172694e+02
8.64365612100223416e+02
8.65592969117435018e+02
8.70171952571514794e+02
8.72765511059094933e+02
8.73863918564432652e+02
8.75332428883978878e+02
8.75723320629210775e+02
8.76632766470542492e+02
8.77098612512889872e+02
8.77994846684230879e+02
8.79389435108617477e+02
8.80285425656248663e+02
8.81094380121368204e+02
8.82445040701423864e+02
9.03462922490948131e+02
9.04042311638054343e+02
9.08042260501499186e+02
9.09439685335477861e+02
9.09844896008096157e+02
9.10190342008844141e+02
9.11115101680489943e+02
9.32518074762807373e+02
9.32942408410787948e+02
9.33380994390554861e+02
9.33876855721146967e+02
9.38615335924381725e+02
9.45774432394905261e+02
9.48641598702124156e+02
9.49389753523526679e+02
9.50400829264879803e+02
9.51034690448457468e+02
9.51720129347895181e+02
9.52118848341319790e+02
9.52862908872864864e+02
9.55395124773424868e+02
9.56408880314400903e+02
9.60695147217337990e+02
9.64563015849863859e+02
9.66557197449626756e+02
9.70462570912800857e+02
9.70855231878336554e+02
9.75603522189855312e+02
9.82688235417171427e+02
9.85605805583126312e+02
9.86492093549912624e+02
9.87673282024270293e+02
9.88542257365466412e+02
9.89077201928206932e+02
9.89959280925703752e+02
9.91413704760253495e+02
9.92015812065742693e+02
9.94136537583130576e+02
9.97322974398953193e+02
1.00138825781138598e+03
1.00240944608754717e+03
1.00299449818896210e+03
1.00334964792341134e+03
1.00382162378064163e+03
1.00433851678029419e+03
1.00688042443314794e+03
1.00801183454060015e+03
1.01132420854411271e+03
