0.00000000000000000e+00
6.18620592323594565e-01
6.24446512317533120e-01
6.26082062327412814e-01
6.27028515573144318e-01
6.27827571110060489e-01
6.30262852711112487e-01
9.87829746880576920e+00
2.02086515626787104e+01
3.32475545518719287e+01
3.95150435075601933e+01
4.88771279612273304e+01
5.97384702732302060e+01
6.70210944930038863e+01
7.66816528140183209e+01
7.68196433173800983e+01
7.68952191357147683e+01
7.69793408653734161e+01
7.69983980958044469e+01
7.70266265703291424e+01
7.70558486944321999e+01
7.71156176386663503e+01
8.28087574167471416e+01
8.76261205935728356e+01
8.89263463996076950e+01
1.08649207041930623e+02
1.10653065769684900e+02
1.19055026273199388e+02
1.36072958312257015e+02
1.37199091525429139e+02
1.52091956110896234e+02
1.58171721365018300e+02
1.63864386366620863e+02
1.68412810857642114e+02
1.69840103102521027e+02
1.87694415558235221e+02
1.87908088198065855e+02
1.87979412657843341e+02
1.88065776940034539e+02
1.93651940139028738e+02
1.93790750373305968e+02
1.93899717736401669e+02
1.93983154900616910e+02
1.94042448946541583e+02
1.98339246590405310e+02
1.98626160863588666e+02
2.00548231041794736e+02
2.02258000284147897e+02
2.02493852457149501e+02
2.02545033834458593e+02
2.05976594914914983e+02
2.26497353417940872e+02
2.26559505542695092e+02
2.26650717880649836e+02
2.37584474037848850e+02
2.38044733722141018e+02
2.38702100804731629e+02
2.39709262261594517e+02
2.40327352609793081e+02
2.40783650393289065e+02
2.41055159025161799e+02
2.41288497285498181e+02
2.44741693357957672e+02
2.47329792387825876e+02
2.58609958280725891e+02
2.60987185084541807e+02
2.61268919989016467e+02
2.61327372991632956e+02
2.61395329462444465e+02
2.61490159142013795e+02
2.61946488671805469e+02
2.65490190220228897e+02
2.67275752215104035e+02
2.68194246202942338e+02
2.68290524327182084e+02
2.68515509439660036e+02
2.70015477899584312e+02
2.70847138263712793e+02
2.72507882583244793e+02
2.72937604176960122e+02
2.73752628430148377e+02
2.76881991754303726e+02
2.77582854410512653e+02
2.77732860435482564e+02
2.77909802906015727e+02
2.78266530070067745e+02
2.78633909241493143e+02
2.83725247341861120e+02
2.84591587966471081e+02
2.87182994432098553e+02
2.87608363629446785e+02
2.88405799285228227e+02
2.88653100619273232e+02
2.90406952517200125e+02
2.96090313271358525e+02
2.96829187307382426e+02
2.96899574584480661e+02
2.97965035393051664e+02
2.98101757008343100e+02
2.98423025202410884e+02
2.98759793592762890e+02
2.99215850189218486e+02
2.99305388718152926e+02
2.99789068666945525e+02
3.02759846236198143e+02
3.05257692855586299e+02
3.09387317164910655e+02
3.12257676979353789e+02
3.12819111503617080e+02
3.13397458844860580e+02
3.14166817859059790e+02
3.14953579449351253e+02
3.16786403622375076e+02
3.17064812639338868e+02
3.17589806775751583e+02
3.17722587291287823e+02
3.18016356112769017e+02
3.18798776163067714e+02
3.18947582296785924e+02
3.19136290351502339e+02
3.19327284358119186e+02
3.36636782017797202e+02
3.36957864254101082e+02
3.37236533399526138e+02
3.37375512212583885e+02
3.37604298015147322e+02
3.37814491486683778e+02
3.37900031330462241e+02
3.38042692439608118e+02
3.38158198476232940e+02
3.38316790219742984e+02
3.38659568459397121e+02
3.44954532295734282e+02
3.46933006673969885e+02
3.50506110435968765e+02
3.51280033026690774e+02
3.51476948736066220e+02
3.53412711478784217e+02
3.54171458212528194e+02
3.58650655968510137e+02
3.59806750526049257e+02
3.60300994660962033e+02
3.60607657549675253e+02
3.60885534045726388e+02
3.61199913508834811e+02
3.62031324212228810e+02
3.62495418629964774e+02
3.62797970724497247e+02
3.63058017651152454e+02
3.63192576395680476e+02
3.63395799514123098e+02
3.71343501070675927e+02
3.73095714639441326e+02
3.76690178444424362e+02
3.79898319820238157e+02
3.80011802486063857e+02
3.80167117061956276e+02
3.80652362300654602e+02
3.81667178446187165e+02
3.82261007599935738e+02
3.82827713394411830e+02
3.83853942873466394e+02
3.85405948532625700e+02
3.85954769453697224e+02
3.87383942572318801e+02
3.93989997567353271e+02
3.96075045828067744e+02
4.08653104479573699e+02
4.08901384193146384e+02
4.09236148025754574e+02
4.09545386715580946e+02
4.09929106446553135e+02
4.10127171982637947e+02
4.10238504181897497e+02
4.10490026484654038e+02
4.10791106985813997e+02
4.11115939922317068e+02
4.23275132926282481e+02
4.23770121790204030e+02
4.24144369406325723e+02
4.24257967409456000e+02
4.24376462382368459e+02
4.26905874917104825e+02
4.41422791253049809e+02
4.43114918214271370e+02
4.43879217489048301e+02
4.44240698437855485e+02
4.45526106567163197e+02
4.46789135900659062e+02
4.49906198416813027e+02
4.54715821765484748e+02
4.55016617997980006e+02
4.55288674114060086e+02
4.57681209571512909e+02
4.58406576609520243e+02
4.59576949290207835e+02
4.59715844692055157e+02
4.60221769405377245e+02
4.61106291175379056e+02
4.61310042568294080e+02
4.62758962258857650e+02
4.65155437154113315e+02
4.66397676334530615e+02
4.66887020810755075e+02
4.67944725888403696e+02
4.68613401570799624e+02
4.68793123118917492e+02
4.69730266891804263e+02
4.70182378584467529e+02
4.70751157979876439e+02
4.71084108110656757e+02
4.71819120413873407e+02
4.76048539545836320e+02
4.80690965171094149e+02
4.84918995019618137e+02
5.01797195190406455e+02
5.02018664383880036e+02
5.02803639479853700e+02
5.03032211521599265e+02
5.03803563210473385e+02
5.04116233142084639e+02
5.07609740734758475e+02
5.09362183749712244e+02
5.12168298013678054e+02
5.12422968495093755e+02
5.12581037991680205e+02
5.13328087488178653e+02
5.13865784968605226e+02
5.14358293302085599e+02
5.14754387151036326e+02
5.15649796434038194e+02
5.16001945291825223e+02
5.16658066797137167e+02
5.18376524366319472e+02
5.18537246588705216e+02
5.18715846199810926e+02
5.19424815949445701e+02
5.19916191629218474e+02
5.20618530870349559e+02
5.23023956251893651e+02
5.24176118906651027e+02
5.25014081432308785e+02
5.25419843632674883e+02
5.26100909513885767e+02
5.27097325270731062e+02
5.27319864320968009e+02
5.45211353303367105e+02
5.47082044163921637e+02
5.50482628507338745e+02
5.54420190968322117e+02
5.59481570319576008e+02
5.60371299783616337e+02
5.61631238539432388e+02
5.62054019266679006e+02
5.63405150929019214e+02
5.65124759868415367e+02
5.65571871983867709e+02
5.67550375321776983e+02
5.69999251732370681e+02
5.70182211237455022e+02
5.71305834634732491e+02
5.71669977693719943e+02
5.71983587449579545e+02
5.72773338779563119e+02
5.73896860347863708e+02
5.74597878562080041e+02
5.74885202978942289e+02
5.75383546543929015e+02
5.75560401541728766e+02
5.78246025998664209e+02
5.82838775234637637e+02
5.94464333410037057e+02
5.94640573522765180e+02
5.99150115950704503e+02
6.20658787179203955e+02
6.21720583941302380e+02
6.22187713192033812e+02
6.23066094840842993e+02
6.23454308357238233e+02
6.23783837045325640e+02
6.24063364462826712e+02
6.24338246467915724e+02
6.24644080544619328e+02
6.25118375324311273e+02
6.30636450470011596e+02
6.33213211678885955e+02
6.33794997879322750e+02
6.35412187016548842e+02
6.35635442249305243e+02
6.35859495634531527e+02
6.36096215670477250e+02
6.36437506304799058e+02
6.36850525319605708e+02
6.62002101419807786e+02
6.62840698745581221e+02
6.63196237866121237e+02
6.63412455457695614e+02
6.63657843827690726e+02
6.66971267819625268e+02
6.82204211769698304e+02
6.82567749339393004e+02
6.82981423280878744e+02
6.83233840573372049e+02
6.83808272336765981e+02
6.93534922684983940e+02
6.96345430929001850e+02
6.97359774430337666e+02
6.98599600816806173e+02
6.99150953096623311e+02
6.99377084291441065e+02
6.99876629200326761e+02
7.00800366781865819e+02
7.01698977089700520e+02
7.02774434668715571e+02
7.05014409280586165e+02
7.32200251450132214e+02
7.37660239677547111e+02
7.39142846838157652e+02
7.39649813161472707e+02
7.39995138903553993e+02
7.40691570061000675e+02
7.40959721764878054e+02
7.41365019301004168e+02
7.41682386050982018e+02
7.42706752826291790e+02
7.43110962134150327e+02
7.45215210872666603e+02
7.49280074433054779e+02
7.50287718791507132e+02
7.53856887959898813e+02
7.55340805208727261e+02
7.56993510538106875e+02
7.57484846821269002e+02
7.59315127481213381e+02
7.60562683286244123e+02
7.64496914037380748e+02
7.65129326667922328e+02
7.65469738883694276e+02
7.66010741944651841e+02
7.66610700728874576e+02
7.67075949903036303e+02
7.67393115908431810e+02
7.93483322937182379e+02
7.95191727439049600e+02
7.97658020229532440e+02
8.02259269355679407e+02
8.02802372950817698e+02
8.03579190017731548e+02
8.04473174248302712e+02
8.04765654025155982e+02
8.05818646963532842e+02
8.06213362726384844e+02
8.06494915858432478e+02
8.07342923113887878e+02
8.07650359654016256e+02
8.08135342391822405e+02
8.09499962173426525e+02
8.18453395718159527e+02
8.23983500954005990e+02
8.35485861697655650e+02
8.36437877906831091e+02
8.36837813634985991e+02
8.37284434008564290e+02
8.37723304715158292e+02
8.38253854013785144e+02
8.39535877545998687e+02
8.40721768133290198e+02
8.42141914183906010e+02
8.43846771703708100e+02
8.44203924570791514e+02
8.45505848491727875e+02
8.50011979425111576e+02
8.51284650524162544e+02
8.54102004769044925e+02
8.54846691794781350e+02
8.58243808656743340e+02
8.58725675511689701e+02
8.61790716866413959e+02
8.64899820672804026e+02
8.65751538221562441e+02
8.69146756215561481e+02
8.72665796792611786e+02
8.73321117077453778e+02
8.74529405542875793e+02
8.76683221325996328e+02
8.78024221197430620e+02
8.78514760711290592e+02
8.79333762855043005e+02
8.81070092129008572e+02
8.84283360350818725e+02
9.02037005268756388e+02
9.04818401879809585e+02
9.05883424968256804e+02
9.06599902247195587e+02
9.06955925873334650e+02
9.07854494823565688e+02
9.09364975264652571e+02
9.09721619219880040e+02
9.10399864561898767e+02
9.11016687541871192e+02
9.32117011687588956e+02
9.32505231333710753e+02
9.33033025033275862e+02
9.33766630844995689e+02
9.34178292432265152e+02
9.34838044498864065e+02
9.40570688234720365e+02
9.46309680486798925e+02
9.46893442346646225e+02
9.48620893222762334e+02
9.50370611831130873e+02
9.50695273577161515e+02
9.51081069314556999e+02
9.51730581054007189e+02
9.52124088854416641e+02
9.52737113630083059e+02
9.54908150628309158e+02
9.62883805315310610e+02
9.63653462656749753e+02
9.64265401599376673e+02
9.65861782551901115e+02
9.69980432069116887e+02
9.71657408963915486e+02
9.76023571569108981e+02
9.79356715947431439e+02
9.80325785660010297e+02
9.86860933629335932e+02
9.87659697709813145e+02
9.88265421389644416e+02
9.88848689036914493e+02
9.89268550601999777e+02
9.92256170306801323e+02
9.93932140272250763e+02
9.94481553512457367e+02
9.95105606107322956e+02
1.00101029280358830e+03
1.00238225720305354e+03
1.00303081137583899e+03
1.00339526029784497e+03
1.00398652065656347e+03
1.00576595303809586e+03
1.00790076688144541e+03
1.01054819959874726e+03
