6.24304527322223635e-01
6.25862793556024144e-01
6.26702753869025742e-01
6.27601476747287279e-01
6.28855720758579650e-01
9.87829746880555604e+00
2.02086515626962893e+01
3.32475545518560409e+01
3.95150435075581470e+01
4.88771279611761145e+01
5.97384702731809796e+01
6.70210944928600156e+01
7.67884564279718518e+01
7.68349863035751639e+01
7.69222909569767239e+01
7.69438679558795116e+01
7.69737442004596915e+01
7.70682587726545876e+01
7.71193120900502436e+01
7.71678070377321887e+01
7.72196180768408738e+01
7.73987845611583509e+01
7.76612622628021256e+01
8.28087574133057274e+01
8.76261205963033376e+01
8.89263464045376679e+01
1.08649206953131198e+02
1.10653064810437826e+02
1.19055026101242589e+02
1.29596327481178633e+02
1.36072967691805786e+02
1.37199088891156237e+02
1.52091960165794291e+02
1.58171738294657416e+02
1.63864317304848271e+02
1.68412686461161229e+02
1.86777396820325691e+02
1.87878522928293137e+02
1.87948504955189662e+02
1.87990271568755475e+02
1.88074349400654228e+02
1.93401359626480144e+02
1.93883036821377004e+02
1.93963986922380514e+02
1.94007463706154624e+02
1.95617396262708553e+02
1.98337258953529442e+02
1.98382213516857973e+02
2.00668432416011285e+02
2.02259102733507689e+02
2.02322781328659005e+02
2.02677568411135326e+02
2.03072765722678866e+02
2.05827597381640771e+02
2.24078844290470954e+02
2.26514687688017432e+02
2.26574696198797881e+02
2.26649864393767643e+02
2.35367830201218339e+02
2.38229234131143357e+02
2.38300468472910609e+02
2.38708622501736841e+02
2.38880684466934440e+02
2.40055215535092941e+02
2.40448874039957673e+02
2.41045669042087752e+02
2.41107626657768094e+02
2.41224718513961079e+02
2.41309386167432365e+02
2.47362633117857854e+02
2.61177469553060575e+02
2.61273119495534161e+02
2.61350087330532176e+02
2.61463325227060068e+02
2.61554764402937508e+02
2.62197253226745318e+02
2.62389493988014692e+02
2.63272493284552240e+02
2.68122472257501158e+02
2.68270113237992746e+02
2.68442941903752683e+02
2.68683998201704014e+02
2.68942086901160508e+02
2.74076802894818400e+02
2.74761470691192869e+02
2.77043170710996094e+02
2.77433073218924108e+02
2.77587537507916068e+02
2.77772833337174632e+02
2.78003833687492033e+02
2.79069843185575508e+02
2.79168142376879246e+02
2.85959880451290644e+02
2.86229677212361935e+02
2.87127931830188970e+02
2.90209825321605763e+02
2.94312773937103771e+02
2.95606370090006351e+02
2.96493162680462660e+02
2.96833095910313887e+02
2.97837671964571427e+02
2.97913761103513593e+02
2.98325302285010196e+02
2.98433343168558622e+02
2.98564043354857006e+02
3.02120790436214747e+02
3.07054516789159038e+02
3.08511573063709875e+02
3.10134579840283379e+02
3.12602418042019053e+02
3.12901814255823751e+02
3.13685027137679242e+02
3.14996149268875399e+02
3.16333003861121085e+02
3.16936720469487170e+02
3.17338449595236682e+02
3.17941811602670100e+02
3.18497167071042099e+02
3.19072549849504242e+02
3.19161253057372960e+02
3.19238119230472421e+02
3.19488992736835428e+02
3.25447921133692944e+02
3.30908353700584144e+02
3.36565171527059078e+02
3.36928308207468376e+02
3.37208672075218772e+02
3.37355093514698694e+02
3.37471623063019081e+02
3.37650400825794179e+02
3.37784737035437104e+02
3.37967990506987121e+02
3.38079425939747978e+02
3.38216829722595719e+02
3.41927922803921660e+02
3.43524150582563493e+02
3.47867643345576880e+02
3.48181328745231724e+02
3.50184414179284147e+02
3.51212890699438447e+02
3.54167712267063791e+02
3.58644463288583609e+02
3.59401389946668360e+02
3.59879856407377815e+02
3.60389760261850995e+02
3.60579185866360092e+02
3.61055307637238570e+02
3.62199930766216880e+02
3.62304809863482660e+02
3.62464927844828935e+02
3.62957890546184217e+02
3.63307467160575072e+02
3.71112518050711515e+02
3.79315327015351102e+02
3.79598576516439266e+02
3.79885810010009777e+02
3.80001823534941707e+02
3.80175524789613064e+02
3.80628622023334799e+02
3.81435238624518263e+02
3.82215914837856872e+02
3.83489983884852450e+02
3.83991176294329080e+02
3.84665439853814746e+02
3.86020347315185575e+02
3.87219489366420873e+02
3.87780100847937774e+02
3.88970636335543304e+02
4.07909086533834625e+02
4.08758659118723244e+02
4.09185469004717334e+02
4.09295851715667141e+02
4.09777180240557186e+02
4.09918401386181813e+02
4.10045953049137097e+02
4.10210030930458231e+02
4.10419928244722087e+02
4.10700625630010791e+02
4.23516328768571839e+02
4.23721961113405769e+02
4.23876101449078192e+02
4.24163161274246249e+02
4.24272512960157201e+02
4.40483845921316174e+02
4.41625998269561933e+02
4.43867670502890064e+02
4.44741985527049565e+02
4.46070034220318007e+02
4.47270927340340222e+02
4.48798023832304580e+02
4.49118783084248776e+02
4.50355212136622526e+02
4.54677871895995622e+02
4.55212940631686479e+02
4.55384688135352462e+02
4.57928247477606192e+02
4.58469637018228809e+02
4.60866437324081289e+02
4.61975331570859794e+02
4.63516814797223105e+02
4.65099353183980270e+02
4.66483739982365364e+02
4.67824445582344083e+02
4.68151067959143688e+02
4.68474472030705101e+02
4.68852376051962892e+02
4.69222895008231490e+02
4.71153608953284447e+02
4.71973556478224054e+02
4.73728713624004058e+02
4.74478737419913045e+02
4.75552147554280054e+02
4.76341433187947473e+02
4.88389111910962924e+02
5.01392501120077327e+02
5.02139325026592246e+02
5.02748678893371675e+02
5.03303794573652226e+02
5.05609409703047163e+02
5.06156319281814831e+02
5.06348767886974429e+02
5.08285783344228207e+02
5.10372832392133432e+02
5.11308233323477111e+02
5.11613776804127383e+02
5.12349300188254119e+02
5.12676825713433118e+02
5.12871940430484074e+02
5.13748763293580623e+02
5.14138675805030516e+02
5.15233699338151951e+02
5.15561668241110169e+02
5.16407358946989689e+02
5.18710943200812721e+02
5.19083246477741909e+02
5.19258163010424823e+02
5.19603041742500181e+02
5.20737767111456719e+02
5.22216971449934135e+02
5.24133611123301534e+02
5.25719726510104692e+02
5.27097912787497762e+02
5.27793117475205122e+02
5.44995836716336498e+02
5.48321767017688103e+02
5.50612152305184168e+02
5.53281547420020502e+02
5.58940380931684558e+02
5.61074836791223447e+02
5.61661669377331236e+02
5.62495813535583920e+02
5.62942003244699208e+02
5.63547872373121322e+02
5.65346134436889542e+02
5.67210917493507736e+02
5.67561561322344915e+02
5.69442722323230555e+02
5.69823014346944547e+02
5.70452207587035787e+02
5.71234715306675412e+02
5.72159753940329665e+02
5.72454745443881620e+02
5.72817686805522271e+02
5.73306209087183788e+02
5.73473888925291476e+02
5.74424476120313670e+02
5.75010834355029601e+02
5.75470103979136866e+02
5.75745788670094839e+02
5.81392247345807050e+02
5.94466313463535357e+02
5.94637598764512063e+02
6.20549915382293534e+02
6.21379043261668471e+02
6.22459783891240477e+02
6.23367049129122734e+02
6.23859240809817720e+02
6.24124244803729766e+02
6.24433439430709541e+02
6.24639030805613743e+02
6.24920172772660862e+02
6.28702730084643918e+02
6.32885365344562729e+02
6.33919264196958011e+02
6.34196071381516163e+02
6.34732747087855955e+02
6.35263720486629836e+02
6.35605408829282624e+02
6.35797965759392923e+02
6.36132509659230891e+02
6.36507395931221936e+02
6.63264766697410437e+02
6.63515660934629864e+02
6.64230807181715591e+02
6.64867883557379741e+02
6.73895785791769640e+02
6.81908773863757119e+02
6.82169086900956017e+02
6.82471582723237589e+02
6.82715592750660107e+02
6.82927721002143016e+02
6.83256640750744509e+02
6.83643140313511026e+02
6.84352623762638700e+02
6.93628815261178943e+02
6.94842504828677647e+02
6.95445608737315297e+02
6.96344407500413695e+02
6.98096585832813730e+02
6.98675760126525461e+02
6.99027601574994378e+02
6.99650297620514834e+02
7.00386608189538720e+02
7.02613025762093571e+02
7.05046728997649780e+02
7.35956507146597119e+02
7.37519062007205434e+02
7.38375858512813807e+02
7.38646584807938211e+02
7.39612107272182243e+02
7.40531437253901458e+02
7.40974052941305672e+02
7.41311206534676103e+02
7.41799970533103647e+02
7.42128203597991046e+02
7.42924537941672497e+02
7.44297915277596076e+02
7.44806379169092907e+02
7.46934258111493591e+02
7.48477208538734999e+02
7.49691752132412944e+02
7.52539001099249845e+02
7.54630367015164552e+02
7.56040138932417563e+02
7.58121246445962356e+02
7.60813278195240514e+02
7.62957545174119446e+02
7.63378252975953956e+02
7.65134405025461547e+02
7.65680068395681474e+02
7.65974218886067433e+02
7.66279006215311597e+02
7.66967216381913431e+02
7.67305549117178202e+02
7.67621795864924479e+02
7.92909014799624174e+02
7.94718792303892769e+02
7.97079172038046408e+02
7.97441718721330858e+02
7.99497892155156478e+02
8.03239622790125736e+02
8.03850728375713970e+02
8.04990737028200556e+02
8.05782638200434235e+02
8.06182049564404338e+02
8.06653831333453581e+02
8.07999530960672587e+02
8.08645617419774339e+02
8.09081880013212981e+02
8.09684576924915518e+02
8.10081528613553360e+02
8.10426428443049076e+02
8.28469005660906419e+02
8.33771110104663308e+02
8.36404083842224395e+02
8.36919294276454707e+02
8.37336354268463651e+02
8.37778746503451202e+02
8.38519421614612156e+02
8.39123930018539227e+02
8.40646120273916154e+02
8.42445991506386463e+02
8.43164747515202862e+02
8.43787714242282163e+02
8.45451895648201003e+02
8.47053096589847314e+02
8.50072074566835681e+02
8.50430393519947756e+02
8.50818791824661844e+02
8.51981391385015627e+02
8.54460813549620184e+02
8.55767116422859203e+02
8.57008510563286450e+02
8.59976719420241693e+02
8.62160452060469652e+02
8.65932204544395518e+02
8.69997759167710683e+02
8.71502885518855351e+02
8.71952078727311800e+02
8.74580323229718715e+02
8.76035266218246989e+02
8.77120861821191056e+02
8.77675332319669224e+02
8.78686671348055825e+02
8.79092950835663942e+02
8.79445974578844471e+02
8.81150350739455803e+02
9.01403483474100653e+02
9.02670002906309264e+02
9.06181161953088576e+02
9.06710054944570970e+02
9.07981809032595947e+02
9.08692361249926535e+02
9.09208254151704296e+02
9.09724184112115154e+02
9.10059916740974245e+02
9.10668669563272147e+02
9.32510133802142491e+02
9.33020985332935652e+02
9.33361551821810053e+02
9.33698078945074940e+02
9.34165564336511352e+02
9.39332914240906575e+02
9.41675648049686743e+02
9.49733472791748000e+02
9.51067870553697503e+02
9.51597309914966900e+02
9.52275501125452138e+02
9.53149170680225780e+02
9.53576190244846202e+02
9.59782725111296031e+02
9.61466710104150252e+02
9.63386620553431385e+02
9.66359411225619397e+02
9.68214719827628869e+02
9.70217455512109382e+02
9.73357787180964351e+02
9.78091862563306449e+02
9.87419952925491089e+02
9.87790587298247829e+02
9.88468777894703180e+02
9.88849384760736712e+02
9.89496113555503371e+02
9.90346672268131670e+02
9.90998648464879807e+02
9.91461116799350293e+02
9.95571842738784881e+02
9.99548586696338816e+02
1.00230638121355878e+03
1.00273457222278671e+03
1.00355512642738518e+03
1.00414355345527929e+03
1.00522031117747474e+03
1.00686707687978014e+03
1.00861669332455085e+03
1.00902266428274652e+03
1.00965258853075807e+03
1.01046257490209609e+03
