6.22451128721849045e-01
6.25331582850421341e-01
6.26443573799789988e-01
6.27323229771604929e-01
6.28185932780681355e-01
9.87829746880396442e+00
2.02086515626996999e+01
3.32475545518666706e+01
3.95150435075585165e+01
4.88771279611662237e+01
5.97384702732397557e+01
6.70210944928068670e+01
7.67124905868888334e+01
7.68243984831672151e+01
7.68432132876742173e+01
7.69208164447665865e+01
7.69529031385267785e+01
7.70069447083492378e+01
7.70370988537259507e+01
7.70665623244395306e+01
7.71110647795434829e+01
7.71983870900718614e+01
7.73163889328820062e+01
8.28087574158733446e+01
8.76261205937161094e+01
8.89263464094954088e+01
1.08649207067367087e+02
1.10653065967747779e+02
1.19055026164782163e+02
1.36073042864456511e+02
1.37199102164726412e+02
1.52091957153660871e+02
1.55706464006795585e+02
1.58171740693785125e+02
1.63864537004682859e+02
1.68412696961637266e+02
1.87908722985793588e+02
1.87980565102194987e+02
1.88148233335993382e+02
1.89582767626517011e+02
1.93679434393324073e+02
1.93816773235928565e+02
1.93974136438283210e+02
1.94015345657897910e+02
1.97837289975596434e+02
1.98187597950623228e+02
1.98463344522519265e+02
2.01984827307241801e+02
2.02259334729184616e+02
2.02347335636190621e+02
2.02667054639106652e+02
2.03108195492766924e+02
2.17107027739712578e+02
2.26491943166960255e+02
2.26557643276606029e+02
2.26612411108004380e+02
2.26680387927586253e+02
2.33773677414574934e+02
2.38683773563703483e+02
2.38835886349434020e+02
2.39164160282220678e+02
2.40895618634458856e+02
2.41147698288069648e+02
2.41301192695892894e+02
2.42354240630719289e+02
2.47365173882905708e+02
2.54115083418512540e+02
2.59662366725695563e+02
2.61144291986653514e+02
2.61286961217827695e+02
2.61348797123970485e+02
2.61455645188167637e+02
2.61752677632545385e+02
2.61983323666242143e+02
2.66002981429250781e+02
2.68252274681356369e+02
2.68399494828212312e+02
2.68776933349406761e+02
2.69620858365183892e+02
2.70481890376544243e+02
2.77400885161721476e+02
2.77614098309832684e+02
2.77746348131636978e+02
2.77918824665724969e+02
2.78141613076839064e+02
2.78250723547358689e+02
2.78562783566506994e+02
2.79876416392091528e+02
2.86074370750729429e+02
2.86399594098133377e+02
2.86720415977716300e+02
2.90716845952422318e+02
2.92023787302508424e+02
2.97252725056243435e+02
2.97437376159564167e+02
2.97589007544789922e+02
2.98186481601730520e+02
2.98373703697099188e+02
2.98474287523047451e+02
2.98708511960336864e+02
3.00379958159610794e+02
3.00637696099198934e+02
3.00953976900140049e+02
3.05095463271493486e+02
3.10516727236869826e+02
3.11578795136118799e+02
3.13081455785189519e+02
3.13342567029537861e+02
3.13928778690604645e+02
3.14286849635984595e+02
3.15007026116026395e+02
3.15656273275699618e+02
3.17130312255761908e+02
3.17339870866361821e+02
3.18468674066843960e+02
3.18687045059270531e+02
3.18839018171816804e+02
3.19084641799659153e+02
3.19198134196230967e+02
3.19281300313630766e+02
3.36802890287968296e+02
3.36979302259331064e+02
3.37086131467874623e+02
3.37482240162998835e+02
3.37701461365281716e+02
3.37861515573822373e+02
3.38006480811195502e+02
3.38114895825806514e+02
3.38420064248903600e+02
3.38753831281977511e+02
3.41259743750686482e+02
3.48850900760607828e+02
3.50425188801908519e+02
3.50855957958346210e+02
3.51098534229619304e+02
3.54037088364790463e+02
3.58963136914727443e+02
3.59215578678328370e+02
3.59916531559038162e+02
3.60366406646993028e+02
3.60621588515323424e+02
3.60793514938196438e+02
3.61396140726045019e+02
3.62638682621377427e+02
3.63640647528487534e+02
3.66638479659571829e+02
3.71357966192331958e+02
3.79294946592794474e+02
3.79578504523010963e+02
3.79764272024418688e+02
3.80056583015677973e+02
3.80280134737033336e+02
3.80640052049745123e+02
3.81821390196901348e+02
3.82398553861318589e+02
3.82662499902361503e+02
3.83954837395688514e+02
3.85612153964456013e+02
3.86284820677962443e+02
3.86771465424844394e+02
3.87724892536974892e+02
3.89704955524413776e+02
3.93223599033360472e+02
4.08538316718867975e+02
4.09001343425648315e+02
4.09157567098532127e+02
4.09741183399660315e+02
4.09918044814043526e+02
4.10180121415188466e+02
4.10419338422739997e+02
4.11039546094537513e+02
4.23437674547524011e+02
4.23727476829290595e+02
4.24041699200401013e+02
4.24166531639834602e+02
4.24289878429052010e+02
4.36746119593338221e+02
4.43325898352632976e+02
4.44047702124825605e+02
4.44436248716642581e+02
4.45045378999433638e+02
4.45320041086806214e+02
4.47227684672061287e+02
4.47620479036815823e+02
4.49145669384005146e+02
4.52890381693055701e+02
4.53786020977671228e+02
4.57707645603145693e+02
4.58748085188067535e+02
4.60027758236599539e+02
4.60316245940598947e+02
4.60966805825679103e+02
4.61376872299646834e+02
4.62136212544963087e+02
4.62748803403039574e+02
4.63673548263373959e+02
4.65634249578161189e+02
4.66296848006756136e+02
4.67100402188788848e+02
4.67518163813373690e+02
4.69260052174741986e+02
4.69708818667309288e+02
4.70016468595437345e+02
4.70829175029665862e+02
4.72851615777957704e+02
4.78837818471147557e+02
4.80220572840722525e+02
4.82954285328243031e+02
4.99114957981320345e+02
5.01154985433301704e+02
5.02065979808656834e+02
5.02568299860828802e+02
5.02808456078790527e+02
5.04275811956266580e+02
5.05859181214076784e+02
5.06777751826188933e+02
5.09999646749496151e+02
5.10937542621161128e+02
5.11533306028918219e+02
5.12035901881287714e+02
5.12393472444371355e+02
5.12824956797638151e+02
5.13473384227141764e+02
5.13977299767885597e+02
5.14827352427997198e+02
5.15835097307419801e+02
5.18132115637617289e+02
5.18366341361242576e+02
5.18796885959112842e+02
5.19155249026942556e+02
5.19442064580316128e+02
5.20527978256399820e+02
5.21975157139990756e+02
5.22688206850479901e+02
5.24530495843288236e+02
5.25327431018275888e+02
5.26898937702001490e+02
5.27527825495240904e+02
5.46766161409943379e+02
5.47456133269411112e+02
5.49666091226181834e+02
5.55174052222193154e+02
5.58527962387584466e+02
5.61106635306382941e+02
5.61871745148516652e+02
5.63003559199191272e+02
5.63815391787631597e+02
5.63996000153093291e+02
5.64169833973834102e+02
5.66643877904912870e+02
5.67217757340338608e+02
5.68704372381106168e+02
5.70011246096414197e+02
5.70865435117521088e+02
5.71621054337331202e+02
5.72071343309435520e+02
5.72240739935458805e+02
5.72786891864181712e+02
5.73994651548114462e+02
5.74311721165124709e+02
5.74566477372285931e+02
5.76744238290094131e+02
5.77309103978412963e+02
5.81846032116201627e+02
5.91967581254549486e+02
5.92194952567512360e+02
5.94260151827917070e+02
5.94501305328527565e+02
5.94724568404536853e+02
6.20581230439560272e+02
6.21430741794970686e+02
6.22186942944644102e+02
6.22649255211534751e+02
6.23265771723515400e+02
6.23988361842445215e+02
6.24426359644777222e+02
6.24749557442399350e+02
6.25045816633822596e+02
6.29072685140717908e+02
6.33427415265492414e+02
6.34357926937866637e+02
6.35260074047210423e+02
6.35579532811869285e+02
6.35862231988386384e+02
6.36137634984929150e+02
6.37133259482925496e+02
6.37881094403953853e+02
6.39631997230466709e+02
6.60998077742471651e+02
6.62296331627372751e+02
6.63245228000832412e+02
6.63483572233144514e+02
6.72178489944168859e+02
6.82285192728405264e+02
6.82681592510815108e+02
6.82977799791032567e+02
6.83266419115002122e+02
6.83597522924231157e+02
6.84129302327409619e+02
6.84710777180509808e+02
6.95859410121803535e+02
6.96111551544257395e+02
6.96588953268652403e+02
6.96807425210338579e+02
6.97688616804853268e+02
6.98387053376093149e+02
6.98945890528452651e+02
6.99537671190320111e+02
7.01116171118425768e+02
7.02740236802258210e+02
7.04897577841536872e+02
7.27034975011588585e+02
7.31727651657862111e+02
7.38487303895559762e+02
7.39163617160796207e+02
7.40010242662006704e+02
7.40379567892499495e+02
7.40667228190260062e+02
7.41187385592444116e+02
7.41852779890285433e+02
7.42123239542960164e+02
7.43122274961209087e+02
7.43562575442488424e+02
7.45056469702979712e+02
7.45293216627807169e+02
7.50582030581819708e+02
7.55435339602875388e+02
7.55704376621258120e+02
7.56146678873472865e+02
7.57004957848344475e+02
7.59519122425738033e+02
7.63709796772575828e+02
7.65608199099600370e+02
7.66066256924857612e+02
7.66803677237171200e+02
7.67259757450883626e+02
7.67536534303628514e+02
7.92830035727917220e+02
7.95471067741921047e+02
7.97213184254128237e+02
7.98087859893607970e+02
8.03500268278087333e+02
8.04382167041920184e+02
8.04902983501912445e+02
8.05200981529884530e+02
8.06019855479334183e+02
8.06638612674114938e+02
8.07358420858482305e+02
8.08259820769524254e+02
8.09440696170105753e+02
8.10141961566465852e+02
8.13517766692183613e+02
8.20775674400586013e+02
8.29321399877275894e+02
8.36185489148292163e+02
8.36777940349426444e+02
8.37378420391083523e+02
8.38151086972531061e+02
8.38800910406566572e+02
8.39901625485949808e+02
8.40835013922675785e+02
8.42062614483677407e+02
8.44454436390720389e+02
8.44919984292434492e+02
8.46425860226042573e+02
8.50439734915931240e+02
8.52315339760901338e+02
8.53479880222003089e+02
8.55558795300745146e+02
8.57750904470706359e+02
8.61264396468880705e+02
8.64451767804189103e+02
8.64940231626436457e+02
8.65495430043204806e+02
8.65871171484926776e+02
8.72141064885287619e+02
8.73258213202869683e+02
8.74274211128083607e+02
8.75426054075092793e+02
8.76653853697064051e+02
8.77915417169349439e+02
8.78258880227667987e+02
8.79391526876838270e+02
8.80185127516368311e+02
8.81581976484994698e+02
9.01282862380425058e+02
9.04513251079575070e+02
9.06791485113585850e+02
9.07644913504188480e+02
9.08070494265568641e+02
9.08593992623901158e+02
9.09286839461411660e+02
9.09718168610516614e+02
9.10323638361217263e+02
9.10688973583326970e+02
9.11036739702514751e+02
9.11352388696177854e+02
9.32242337425591131e+02
9.32627380544540983e+02
9.33106966697111602e+02
9.33462071646331651e+02
9.34225366662454007e+02
9.37136658284089890e+02
9.47063614151444881e+02
9.47608195756129589e+02
9.50716744088462292e+02
9.51317695029337301e+02
9.51758206089769374e+02
9.52772342007442830e+02
9.54828246551920984e+02
9.55666418399275472e+02
9.56826259722302211e+02
9.62504873693222407e+02
9.64519812004946516e+02
9.70709451246426624e+02
9.71404316358757114e+02
9.73196208756125998e+02
9.78876609366488310e+02
9.86746299120055482e+02
9.87927738854197287e+02
9.88678295458569210e+02
9.89691457625362773e+02
9.90119369695882824e+02
9.94060632102054342e+02
9.94781180253840148e+02
9.95713038280842284e+02
9.99651168210735705e+02
1.00202804407768099e+03
1.00257215107038564e+03
1.00293085930717166e+03
1.00344895663748571e+03
1.00383951179970200e+03
1.00470772548381933e+03
1.00742784374835946e+03
1.00940474708956958e+03
