6.13442022013600763e-01
6.25500677017910789e-01
6.26310358533999079e-01
6.27468279939776608e-01
6.28269083658793193e-01
6.30154375820410451e-01
9.87829746880454707e+00
2.02086515626794494e+01
3.32475545518699391e+01
3.95150435075584596e+01
4.88771279612348337e+01
5.97384702731019104e+01
6.70210944918047460e+01
7.66790641922242173e+01
7.67475154692585875e+01
7.68580114184179877e+01
7.69530642367844848e+01
7.69793636584147976e+01
7.70354702402488556e+01
7.70948876256605899e+01
7.71177799479470991e+01
7.72075553019852805e+01
7.77989759545058632e+01
8.28087574149502075e+01
8.49236947664616935e+01
8.76261205092758644e+01
8.89263464051999506e+01
1.08649207183636918e+02
1.10653064961347980e+02
1.19055026139979361e+02
1.36072887535581572e+02
1.36415492434573054e+02
1.37199084751621797e+02
1.52091956383946979e+02
1.58171742240519563e+02
1.63864135307391280e+02
1.68412724427082196e+02
1.87951876357785011e+02
1.87995144394670490e+02
1.88442185371701783e+02
1.89904785719308222e+02
1.90989131936518675e+02
1.93674353612407003e+02
1.93919400203934629e+02
1.93985258266245125e+02
1.97764056522904411e+02
1.98076992829152744e+02
1.98248808429900464e+02
2.02256392311871991e+02
2.02315206487633020e+02
2.02386804927594426e+02
2.02514035090027562e+02
2.03165390390067955e+02
2.26509872527484447e+02
2.26564590198826465e+02
2.26622959395116709e+02
2.26692733331449290e+02
2.34893157788179849e+02
2.38649571867693226e+02
2.38706939309832421e+02
2.38882214097067731e+02
2.39696512012451137e+02
2.40485687963724331e+02
2.40863313334955251e+02
2.41262117959340628e+02
2.43381900466775335e+02
2.47339660700247009e+02
2.61033699882454926e+02
2.61227211539720770e+02
2.61324140118060427e+02
2.61410263737396178e+02
2.61704875656070158e+02
2.62130917897462666e+02
2.67012580075817709e+02
2.67766366570976572e+02
2.67991324047742694e+02
2.68150504293243614e+02
2.68327054522790263e+02
2.69649914021869961e+02
2.69805390173934654e+02
2.72373799618857959e+02
2.72478660944179921e+02
2.74578610383593059e+02
2.76581285172026412e+02
2.77316869321556737e+02
2.77658986556111415e+02
2.77727813638582916e+02
2.77872357642185875e+02
2.78243767171820878e+02
2.78431766804870733e+02
2.78826948240845468e+02
2.79032244916229956e+02
2.82746909890715756e+02
2.85660383225466774e+02
2.86970409873308256e+02
2.87092636350904968e+02
2.87301569510450861e+02
2.94094532988334720e+02
2.96391859091050549e+02
2.97109381440665913e+02
2.97261755173602410e+02
2.97652238122660549e+02
2.98291262750586213e+02
2.98367587609357713e+02
2.98498978626531709e+02
2.98583486599851994e+02
2.99001655432442703e+02
3.00048644175409436e+02
3.05705329104131465e+02
3.06950189314961619e+02
3.07753909482495828e+02
3.13050551612295862e+02
3.14338238370178203e+02
3.15294738860347366e+02
3.16070161041793313e+02
3.16574249864965225e+02
3.17755046558374659e+02
3.18117491810200136e+02
3.18942258594650696e+02
3.19065427882475717e+02
3.19207153566858949e+02
3.19357712573615061e+02
3.23918843210019077e+02
3.30139891588996477e+02
3.36808820363613165e+02
3.37193104711189903e+02
3.37453500555608912e+02
3.37656205584738984e+02
3.37946408614248980e+02
3.38056864301516100e+02
3.38151763155076026e+02
3.38327513324985091e+02
3.39801387780369907e+02
3.41227653042178758e+02
3.48831431170965573e+02
3.49011387944359740e+02
3.49996863511987215e+02
3.50574350625456930e+02
3.51465367284116837e+02
3.58070476390356532e+02
3.58748780307093739e+02
3.59515050804660177e+02
3.59759768678806608e+02
3.60451945234774769e+02
3.60788789858491157e+02
3.60959775316408354e+02
3.61714360926324332e+02
3.62108239799308251e+02
3.62497294606551293e+02
3.62725641198074356e+02
3.62832453763539434e+02
3.63432888620469157e+02
3.68775296674305082e+02
3.76521262072192314e+02
3.79700016694779777e+02
3.79824948937121405e+02
3.79995231069057468e+02
3.80126977370287875e+02
3.80423245278256843e+02
3.81282207276229713e+02
3.81422182759179293e+02
3.82447259542610880e+02
3.83282334540173736e+02
3.83902877277352559e+02
3.85706383836325415e+02
3.86018395768109315e+02
3.87068001007728526e+02
3.88453301931737940e+02
4.08519048285512497e+02
4.09014406977053739e+02
4.09379220706087551e+02
4.09586140490986111e+02
4.09768635700344191e+02
4.09932391925715308e+02
4.10165675890009084e+02
4.10420171041539732e+02
4.10692760248709760e+02
4.10819446941216995e+02
4.11655591442684909e+02
4.23404853496143005e+02
4.23872887260503489e+02
4.23995841585645508e+02
4.24155375048805922e+02
4.24324968931720036e+02
4.24505783487705799e+02
4.27183521402640054e+02
4.35140606611145927e+02
4.39716171895491811e+02
4.44198544856901776e+02
4.44328450595500499e+02
4.46227589911885843e+02
4.46719511392647064e+02
4.48532619456016278e+02
4.50927257427132304e+02
4.52185521618535063e+02
4.56004614429694357e+02
4.56991895181600285e+02
4.58768669311377607e+02
4.60463379546272336e+02
4.60702255730265392e+02
4.62497824161623271e+02
4.63303531415513817e+02
4.64281253592235203e+02
4.65826280173212922e+02
4.66495323403185807e+02
4.67002923136520621e+02
4.67724470732467694e+02
4.68077587616813162e+02
4.68962872645115226e+02
4.69250769335654809e+02
4.70352836786748526e+02
4.70887235378178161e+02
4.72977232638451596e+02
4.74684496318093579e+02
4.78019318695761967e+02
4.79531934630726255e+02
4.95961499239201999e+02
5.00173554204890024e+02
5.02042019308589602e+02
5.02912704806462557e+02
5.04389967292281540e+02
5.06810191686515054e+02
5.07852946138339121e+02
5.09841303446324105e+02
5.11835665921249074e+02
5.11991139510882363e+02
5.12327037214175562e+02
5.13155538074654487e+02
5.13375018334232891e+02
5.13736443754934385e+02
5.14543644062166322e+02
5.15178638455309169e+02
5.16871818305907709e+02
5.18111323250843157e+02
5.18345964833034941e+02
5.18654517529846430e+02
5.19586984231944257e+02
5.21147620852912041e+02
5.21430315361580597e+02
5.23663018119324875e+02
5.24611974368786377e+02
5.25282811298567367e+02
5.26608789066498730e+02
5.27296942972365969e+02
5.44944558613839831e+02
5.48513457102852612e+02
5.50321847296878900e+02
5.55948881331871348e+02
5.59775515416331018e+02
5.60711200076460841e+02
5.61370357090336938e+02
5.62554769755537109e+02
5.63699279063065774e+02
5.64161077409603649e+02
5.65676371266755837e+02
5.66574195225677499e+02
5.67372289851706796e+02
5.68957956943254658e+02
5.70527414774657814e+02
5.70899849538214085e+02
5.71450242777199492e+02
5.71884922566265686e+02
5.72908852441332328e+02
5.73123817554129118e+02
5.73911065288895429e+02
5.74389267305121621e+02
5.74772475618593944e+02
5.75052888316901658e+02
5.75622992778367461e+02
5.88858010805825643e+02
5.94450980040321610e+02
5.94631763545507965e+02
5.94810581850139215e+02
5.97736772771282176e+02
6.22078950581664685e+02
6.22555869617298072e+02
6.23194100013908724e+02
6.23603552638350834e+02
6.24168908779679100e+02
6.24456107098499842e+02
6.24674956457518874e+02
6.25087932398784801e+02
6.27989625840853478e+02
6.33083528525292991e+02
6.35322412538333879e+02
6.35876411675377312e+02
6.36075973380510163e+02
6.36553609338237038e+02
6.37503325918219048e+02
6.62047270284936189e+02
6.63278747735170327e+02
6.63622833180743896e+02
6.64007699420779431e+02
6.64489521670103272e+02
6.71257478387126525e+02
6.72630463029733846e+02
6.82018480403704984e+02
6.82270194903343736e+02
6.82630639303987550e+02
6.83034958836487590e+02
6.83728028441848323e+02
6.84322818726089849e+02
6.93433623613328223e+02
6.93902564959034180e+02
6.94803163638144724e+02
6.95765238007334233e+02
6.96806753513420290e+02
6.98206604910427473e+02
6.99075529540932848e+02
6.99986020082097752e+02
7.00874286731619691e+02
7.02206023064672308e+02
7.04366012520794015e+02
7.29529154506611462e+02
7.38495784100811989e+02
7.38791569219844177e+02
7.39557169805032004e+02
7.39905030576314175e+02
7.40184946781020813e+02
7.40496073936552420e+02
7.41045557048047840e+02
7.41329703817174959e+02
7.42167772573588309e+02
7.42760720799719024e+02
7.43660012271752407e+02
7.46237039376904022e+02
7.49207830601940827e+02
7.50435172553452617e+02
7.52191114783426201e+02
7.52493122257350706e+02
7.55593000286295137e+02
7.56438621822216305e+02
7.57435410341965621e+02
7.60220745850348408e+02
7.63475755569222997e+02
7.65043978106714803e+02
7.65323783178101280e+02
7.65573902869539211e+02
7.66543602307306628e+02
7.66935472824376347e+02
7.67395472068087997e+02
7.93718655277886342e+02
7.94720563609547980e+02
7.95335051578467187e+02
7.96341061061485675e+02
7.96678762022184628e+02
7.97288831319566953e+02
8.01493383620188865e+02
8.02708446524895521e+02
8.03227284002330862e+02
8.03495180240263494e+02
8.04665103587954150e+02
8.05098686175302646e+02
8.06385206321945816e+02
8.06937967509306304e+02
8.07714487653903120e+02
8.08403130973044995e+02
8.09267082809056092e+02
8.09689827934719119e+02
8.20912812618982457e+02
8.23532781135485493e+02
8.32058149569064653e+02
8.36333055197869498e+02
8.36727788101868100e+02
8.37078850294581912e+02
8.37804627605028486e+02
8.38167504775318093e+02
8.38630409404652028e+02
8.39446546567956830e+02
8.39891986127108794e+02
8.41191820021704075e+02
8.42254697566870050e+02
8.42833309086374470e+02
8.43501267589834697e+02
8.45301788194891174e+02
8.50424320360873708e+02
8.51078313909810390e+02
8.52579190519367671e+02
8.53360113017030130e+02
8.56667178058075592e+02
8.57859358835666626e+02
8.61546460502189575e+02
8.64272151624283424e+02
8.65253068581778166e+02
8.65894120593148273e+02
8.66254148437601771e+02
8.71208290698609176e+02
8.71803940238815017e+02
8.73250247740863529e+02
8.73997665754692434e+02
8.74783056604343301e+02
8.75244813085120768e+02
8.76933159959561067e+02
8.78563745673240305e+02
8.79710322289771284e+02
8.80260207864534891e+02
8.83906688795223090e+02
8.84645306279199758e+02
8.94918052497754275e+02
9.04087382994679388e+02
9.04970833053492470e+02
9.06404803081450154e+02
9.08050575049245253e+02
9.09532463440988067e+02
9.10195876292459275e+02
9.10642695313504191e+02
9.32595330915097065e+02
9.33014145465083175e+02
9.33488170473695845e+02
9.33924399924517502e+02
9.34674385278430236e+02
9.49247167342562079e+02
9.50029487687937944e+02
9.50660250033728516e+02
9.51153166438789185e+02
9.52548286824214301e+02
9.53299015851609056e+02
9.53953750777541018e+02
9.56283753447493154e+02
9.60589666372090278e+02
9.62962951662783325e+02
9.65687620063622944e+02
9.67240495288140210e+02
9.68821400392765554e+02
9.69367182733008349e+02
9.71056843035895326e+02
9.74690901179199045e+02
9.82662946839369852e+02
9.87121218245111550e+02
9.87891151197749195e+02
9.88388277021378144e+02
9.89209515197263272e+02
9.90694167259876622e+02
9.92170748131330356e+02
9.92612129298090849e+02
9.93970844415163356e+02
9.96066182628403112e+02
9.96760285482297149e+02
1.00161985708078328e+03
1.00252144150777190e+03
1.00289088571574780e+03
1.00336917153999980e+03
1.00432182406658148e+03
1.00522275663642790e+03
1.00597377102008954e+03
1.00639145716297094e+03
1.00674319882416830e+03
1.00955711504935562e+03
1.01303609703143547e+03
1.01364146340522848e+03
