0.00000000000000000e+00
6.23274624949772260e-01
6.25108140426462455e-01
6.26182135916764082e-01
6.27004004944339499e-01
6.27871921506923059e-01
9.87829746880315440e+00
2.02086515626766072e+01
3.32475545518839510e+01
3.95150435075583175e+01
4.88771279612876128e+01
5.97384702730321635e+01
6.70210944929078778e+01
7.65706619536078108e+01
7.66548764004905649e+01
7.68436976799951026e+01
7.69465895467504595e+01
7.69867683505732998e+01
7.70279804619616471e+01
7.70436643230235632e+01
7.71178052833708421e+01
7.73711765127872297e+01
8.28087574166326590e+01
8.76261205936877730e+01
8.89263464029712054e+01
1.08649207518373686e+02
1.10653065802658233e+02
1.19055026116301946e+02
1.36072954045511381e+02
1.37199090874586062e+02
1.52091954268256842e+02
1.58171739302108961e+02
1.63864446330136786e+02
1.68412699678170497e+02
1.84480289589951099e+02
1.87855287856739722e+02
1.87914093441221610e+02
1.87983470558456247e+02
1.88391695709926523e+02
1.92690421514796924e+02
1.93145421474205136e+02
1.93867456224823343e+02
1.93978266043732106e+02
1.97396438017651235e+02
1.98312831502972642e+02
1.98684483820966307e+02
2.01803404976036006e+02
2.02258046458596766e+02
2.02361297718250853e+02
2.02611068822912216e+02
2.03340017631339038e+02
2.26508883862001028e+02
2.26575446645432635e+02
2.26659496559717297e+02
2.35321376942375309e+02
2.37507992463332641e+02
2.38624009551750021e+02
2.38707628732277897e+02
2.38792178373696913e+02
2.40226278491568223e+02
2.41106689492553016e+02
2.41190091710871513e+02
2.41606467992055968e+02
2.47328077001272504e+02
2.60333984963860416e+02
2.60735780757686996e+02
2.61039930085736103e+02
2.61289519718661211e+02
2.61348584125762613e+02
2.61909976627259653e+02
2.62171065954810899e+02
2.64327880773050026e+02
2.67700922981651729e+02
2.68259864662047846e+02
2.68424426906599138e+02
2.69306369538003310e+02
2.69382761346166546e+02
2.71258194991546759e+02
2.77396064288024547e+02
2.77526194413166138e+02
2.77651506316289101e+02
2.77731645882318219e+02
2.77848858551365936e+02
2.78060078328663678e+02
2.84134104708923985e+02
2.86799460462113927e+02
2.87453191335759925e+02
2.88310170893338352e+02
2.91916865640840967e+02
2.92866665918743365e+02
2.97258569891146124e+02
2.97672483480385438e+02
2.98135053632574113e+02
2.98426290961192535e+02
2.98553704178539761e+02
2.99485390648621888e+02
3.00023048972556126e+02
3.01727559926515426e+02
3.04456684298088192e+02
3.06384983614205169e+02
3.10433552064997855e+02
3.11185083512267056e+02
3.12024480426917876e+02
3.12637743565461392e+02
3.13563263023323827e+02
3.15385642501802238e+02
3.16278490300538522e+02
3.16619067942225968e+02
3.16909072557508694e+02
3.17512196559856818e+02
3.17941335531190703e+02
3.18308335080609197e+02
3.18785973459854972e+02
3.18940110775651533e+02
3.19067342744869563e+02
3.19262507322636793e+02
3.19344386936171759e+02
3.33104670037189635e+02
3.37059619572663564e+02
3.37194885279298262e+02
3.37449762732531156e+02
3.37537003619541167e+02
3.37849447096063216e+02
3.37950256792911262e+02
3.38059413660647124e+02
3.38206984679923266e+02
3.38849120330455946e+02
3.46453011572818752e+02
3.48475460723422941e+02
3.50346834884012651e+02
3.50844309031570901e+02
3.51317736879487768e+02
3.59163792968940299e+02
3.59546424844399894e+02
3.60164823061912273e+02
3.60478186913156378e+02
3.61293244002159156e+02
3.61626332501995194e+02
3.62210053131282677e+02
3.62585540708867711e+02
3.63106592630370130e+02
3.63359080560373059e+02
3.63613277209297848e+02
3.64906236051239716e+02
3.71018419762909275e+02
3.79001374541318626e+02
3.79742727923738983e+02
3.79890092827371973e+02
3.80075745630900883e+02
3.80472619281530399e+02
3.80788740228343897e+02
3.82720535635954263e+02
3.83122931303566531e+02
3.83873552508449336e+02
3.85453117413890652e+02
3.86978754323211433e+02
3.87217431714904592e+02
3.90701487134440868e+02
4.08576052715591459e+02
4.09160845471145592e+02
4.09379067204893715e+02
4.09571817935741137e+02
4.09770986276512986e+02
4.10003050310169101e+02
4.10203989016498554e+02
4.10413395819669802e+02
4.10708301252962144e+02
4.10899904581376461e+02
4.11241399898757095e+02
4.11451414861422279e+02
4.22466510407202236e+02
4.23534406150494078e+02
4.23726590603346267e+02
4.24165470647356869e+02
4.24332980984080109e+02
4.36127233982819348e+02
4.43516138887030252e+02
4.44007938068798808e+02
4.44343066584410053e+02
4.44863412719319967e+02
4.46147926186197992e+02
4.46650894931880998e+02
4.47412244580689958e+02
4.50766704725561340e+02
4.57424155602286646e+02
4.57777157166155348e+02
4.59377875186278743e+02
4.60618832365485105e+02
4.60792284097264769e+02
4.60968107593763762e+02
4.62574258406334707e+02
4.63037762165078334e+02
4.64539566335096765e+02
4.65646989624990169e+02
4.67454594372071142e+02
4.67624777804139967e+02
4.68208074938779646e+02
4.69048917224374804e+02
4.69188728811848023e+02
4.69404243030394582e+02
4.70737270174799278e+02
4.72836410945769217e+02
4.74068803682990733e+02
4.75665733874471925e+02
4.79903432046161697e+02
5.01042004800139125e+02
5.01877381125491979e+02
5.02939440692220387e+02
5.03337835725738046e+02
5.03794119369813302e+02
5.04272890772744859e+02
5.04639643453988924e+02
5.07493990102164048e+02
5.10099159533517991e+02
5.11826170728689021e+02
5.12083697664013812e+02
5.12260098355093760e+02
5.12549910536808738e+02
5.13120787977735404e+02
5.13578588818729713e+02
5.13840010323213960e+02
5.14773045407325071e+02
5.16451558789416936e+02
5.16947051919440582e+02
5.18257111678416095e+02
5.18427381337695806e+02
5.18739588731113940e+02
5.19540754848966230e+02
5.20088885115510266e+02
5.20880082353027774e+02
5.21032439322293271e+02
5.23427376750706230e+02
5.24001988960794392e+02
5.25898643678904136e+02
5.26760693095621377e+02
5.27045898718590252e+02
5.47728804409485861e+02
5.47948465476237402e+02
5.48126344681921069e+02
5.49392919453684726e+02
5.57959900220684062e+02
5.61509753741644886e+02
5.62169066666381582e+02
5.62664259095837110e+02
5.62868271384234163e+02
5.64839562299755585e+02
5.65449888944259214e+02
5.66547776536320384e+02
5.67232227581029065e+02
5.68669730292071790e+02
5.70596602205583508e+02
5.70792035330526005e+02
5.71075465843151051e+02
5.71980569720554740e+02
5.73243241948499872e+02
5.73524704295517040e+02
5.74154042310211139e+02
5.74531825052656814e+02
5.74918041075621318e+02
5.75091464459740564e+02
5.75296469067056364e+02
5.75754829831710254e+02
5.85681908158673423e+02
5.92456947112588182e+02
5.94445366299820876e+02
5.94650555613439224e+02
5.94974550567221854e+02
6.21150398956534900e+02
6.22737382268223882e+02
6.23233343327068724e+02
6.24195516331598924e+02
6.24541757313591461e+02
6.24913302599715621e+02
6.25303416072441905e+02
6.32578383814271774e+02
6.33508338157963522e+02
6.34557010204895732e+02
6.35178510005081876e+02
6.36027720633188324e+02
6.36365218953906037e+02
6.36855954746770180e+02
6.37454679521342314e+02
6.39919037989010462e+02
6.63328423813263043e+02
6.63666298872588868e+02
6.63876467364733230e+02
6.64114638992284426e+02
6.65887043217393739e+02
6.66154047523152371e+02
6.67083017148345334e+02
6.82089001575558541e+02
6.82413042685400683e+02
6.82942272511832584e+02
6.83244830756568831e+02
6.83633264774339523e+02
6.84811745069132144e+02
6.94886073992423121e+02
6.95609989086187397e+02
6.95822935074170687e+02
6.98701364031330058e+02
6.99217092311943247e+02
6.99558984960582848e+02
6.99807523133064024e+02
7.00113797076162655e+02
7.02528196147511721e+02
7.03322132347393449e+02
7.05441362295888098e+02
7.37282583381452469e+02
7.38249547430364487e+02
7.39031390893621733e+02
7.39524440342623279e+02
7.39862953188223628e+02
7.40203554644412861e+02
7.40596743598590251e+02
7.41029026893105879e+02
7.41759612667061901e+02
7.42737063905458285e+02
7.44178816381511297e+02
7.48630376478961466e+02
7.49286813113923245e+02
7.53720112720421525e+02
7.54288283919064611e+02
7.55116196350112091e+02
7.58084436321861972e+02
7.58640791508892903e+02
7.59521885344023417e+02
7.61501795876390815e+02
7.62360298198022178e+02
7.64038666772780630e+02
7.65107016000039607e+02
7.65535073118481364e+02
7.66285984415309713e+02
7.66574103504641585e+02
7.67241989973163300e+02
7.92486124860254336e+02
7.93273346272156914e+02
7.95038862278850729e+02
7.96766215379339997e+02
8.00673078580405786e+02
8.02291077475622842e+02
8.03805420384835770e+02
8.04642625155550945e+02
8.04977623260276118e+02
8.05424181560624902e+02
8.05726623025138679e+02
8.07036029851866147e+02
8.08493659705914865e+02
8.09041854752654444e+02
8.09580636332079166e+02
8.20091640535637453e+02
8.28864739680493699e+02
8.30518127494254259e+02
8.34714776824301566e+02
8.36801507782757881e+02
8.37452955006426919e+02
8.37732264324186986e+02
8.38234739636469953e+02
8.38682489219484751e+02
8.39965750527530872e+02
8.41118022227328538e+02
8.42157031362879707e+02
8.42628973377675834e+02
8.43211542301078225e+02
8.44558049346636722e+02
8.45371998022901153e+02
8.50216025944058515e+02
8.51609067384998525e+02
8.52352581529457780e+02
8.55754882421398179e+02
8.57154563911538730e+02
8.62444996999406499e+02
8.65519298321088627e+02
8.66247701153154480e+02
8.71840625391125172e+02
8.73200534475117252e+02
8.74267239764955548e+02
8.77104655268130841e+02
8.77946800077404191e+02
8.78248973341269675e+02
8.78906085859418226e+02
8.80023536310478676e+02
8.80585106081208210e+02
8.83475369758882266e+02
8.99963852590733040e+02
9.04343517278596551e+02
9.06671946482694466e+02
9.07104733742569692e+02
9.08957560840764472e+02
9.09860043051171374e+02
9.10674462178466797e+02
9.32381572314033065e+02
9.32851273525815259e+02
9.33314420349243164e+02
9.33761513336695089e+02
9.34099080410829174e+02
9.40936388942912799e+02
9.42439411150398882e+02
9.48262588255636729e+02
9.49191219682060137e+02
9.50402774113758596e+02
9.51107141721424796e+02
9.51476996328923178e+02
9.51899332111599506e+02
9.52405095830627943e+02
9.53404829308015451e+02
9.54806829860460994e+02
9.57634855391509291e+02
9.64726883537867025e+02
9.66225583911136255e+02
9.66721288898039802e+02
9.69538997408993509e+02
9.70463900219762991e+02
9.73660183439660614e+02
9.75850643476406049e+02
9.83051306141701161e+02
9.87003966896074189e+02
9.87470298487343371e+02
9.88589445780218512e+02
9.89167399477330491e+02
9.89535482138949646e+02
9.90327977105238460e+02
9.90977909329206341e+02
9.92907673950185881e+02
9.93362058177342305e+02
9.95141188676650472e+02
9.99221449177983914e+02
1.00231384579956580e+03
1.00276678995744533e+03
1.00332059288129767e+03
1.00380731393196425e+03
1.00474980202898905e+03
1.00742330096286446e+03
1.00791227104097356e+03
1.01231643046465092e+03
