6.25762538702971938e-01
6.26678738784150369e-01
6.27719868974807582e-01
6.29637481201982041e-01
6.32058449239693232e-01
9.87829746880417758e+00
2.02086515626883170e+01
3.32475545518914828e+01
3.95150435075590281e+01
4.88771279611837315e+01
5.97384702731868913e+01
6.70210944928939512e+01
7.66262689827298118e+01
7.68141158754187359e+01
7.68873577720135586e+01
7.69204738696464290e+01
7.69560354313312587e+01
7.69789943276474276e+01
7.70414991223198626e+01
7.70860062412964169e+01
7.71249087915709879e+01
7.72272522113291018e+01
7.73307340520903210e+01
8.28087574165280387e+01
8.76261205935236944e+01
8.89263464050528967e+01
1.08649207112195114e+02
1.10653065574530274e+02
1.19055026178921054e+02
1.36073113207620793e+02
1.37199080924061889e+02
1.52091954927397552e+02
1.58171743464702331e+02
1.63864526954421535e+02
1.68412703194895073e+02
1.87732122527189176e+02
1.87923081005059259e+02
1.87987654719003672e+02
1.93595920539262806e+02
1.93723395443755408e+02
1.93927452581704870e+02
1.93999362164513684e+02
1.98340900243840565e+02
1.98386751149422878e+02
1.98517340399645661e+02
2.02119686429377566e+02
2.02256306979461726e+02
2.02304617618993348e+02
2.02427689463261345e+02
2.02567869686914491e+02
2.08089364266433847e+02
2.26506058918080782e+02
2.26569830172475008e+02
2.26629262164237787e+02
2.26710254951021909e+02
2.36600536615589988e+02
2.38333089655492699e+02
2.38689284091418926e+02
2.39357226403124173e+02
2.39923886987823153e+02
2.40695460522318399e+02
2.41035181413047724e+02
2.41312351425913903e+02
2.42064043057665572e+02
2.43843505323362422e+02
2.44718971893898129e+02
2.47330188693473076e+02
2.60464629341459784e+02
2.61046915008417841e+02
2.61203608116939904e+02
2.61334450800899049e+02
2.61409965536179925e+02
2.61996602401185839e+02
2.64788471306121551e+02
2.67282003249023660e+02
2.68277409542400278e+02
2.68560770192308610e+02
2.69125884939887158e+02
2.70416909564096500e+02
2.71058925721133051e+02
2.71274526691098913e+02
2.72158627483472287e+02
2.72819919956267483e+02
2.74867373984606445e+02
2.76838063517867965e+02
2.77449168690665772e+02
2.77588326805888642e+02
2.77747958586621792e+02
2.77811371979690364e+02
2.77950506674106350e+02
2.79430688673823681e+02
2.79806683790294130e+02
2.84881918363614318e+02
2.86538934700984157e+02
2.88183490147988266e+02
2.95533662945669732e+02
2.95985383313982368e+02
2.97685258207306731e+02
2.98267792952930677e+02
2.98383840325309450e+02
2.98474912615961046e+02
2.98570157493702311e+02
2.98678238133039599e+02
2.98934191980532830e+02
2.99262162042849639e+02
2.99723031695409475e+02
3.01333576576573762e+02
3.02093577617849235e+02
3.06581608520108716e+02
3.07742307526760214e+02
3.07824714632168991e+02
3.09864515027623952e+02
3.11507395961693646e+02
3.12352315835722038e+02
3.13091141984959734e+02
3.13939986478693868e+02
3.15760125375799475e+02
3.16634418162313921e+02
3.17587622951740286e+02
3.18219363953694483e+02
3.18920822192982655e+02
3.19105288456373501e+02
3.19261670851108590e+02
3.25055350813481084e+02
3.36827830917572101e+02
3.36984899364790408e+02
3.37247565747630631e+02
3.37497770856955924e+02
3.37734110992303670e+02
3.37931387056103517e+02
3.38017236207931376e+02
3.38142228139006761e+02
3.38610392072750869e+02
3.49368917490199692e+02
3.49615009113191718e+02
3.49865906262172075e+02
3.50501225040863062e+02
3.50760403265793968e+02
3.51262265584415388e+02
3.53692010481776038e+02
3.59337481150760425e+02
3.59424843768392122e+02
3.59875803239053084e+02
3.60098132873802740e+02
3.60565430247517156e+02
3.60692455610127809e+02
3.61116237635043376e+02
3.61633364797855165e+02
3.62247696877159740e+02
3.62631901100521588e+02
3.62816307137631441e+02
3.63586836269660523e+02
3.64265254847351173e+02
3.65570004860114182e+02
3.78714456476664850e+02
3.79429091259034749e+02
3.79819313364064215e+02
3.80245469051574503e+02
3.80715989045080846e+02
3.80853459300587019e+02
3.81346723610639344e+02
3.81539188940611268e+02
3.82585784320218977e+02
3.83132119250176743e+02
3.85497332561902169e+02
3.87293799788033709e+02
3.91969647017577302e+02
4.08467768367498650e+02
4.08663926325750310e+02
4.08923762961956129e+02
4.09374160296623245e+02
4.09725892908104811e+02
4.09949361929449424e+02
4.10164486125090775e+02
4.10380299611490443e+02
4.10501267254719608e+02
4.10734828207653095e+02
4.11290513464512060e+02
4.12355827436552431e+02
4.23242943378954806e+02
4.23801687817929746e+02
4.24098066530943356e+02
4.24215850466979873e+02
4.24324612540666635e+02
4.24507187894530261e+02
4.32412845895737291e+02
4.42687518703630531e+02
4.43703838717290068e+02
4.44484780132899232e+02
4.48455818182279700e+02
4.48666026423878179e+02
4.50751827956681495e+02
4.53259906969134022e+02
4.53494119474923764e+02
4.57363756184858403e+02
4.58692603448540808e+02
4.60098829929913677e+02
4.60381821487933280e+02
4.60546411415798730e+02
4.61021162617004620e+02
4.63160450537298061e+02
4.63776812837434818e+02
4.64037451683596032e+02
4.66547708023361906e+02
4.66973665043787832e+02
4.67398176315836963e+02
4.68171205892676994e+02
4.68477362062336397e+02
4.68733215617581664e+02
4.69685229661596622e+02
4.70577854838119151e+02
4.71036947320239733e+02
4.74380998745504030e+02
4.77122401559452214e+02
4.80108585866933481e+02
5.01431581441865660e+02
5.01698357376535228e+02
5.02776698758413318e+02
5.02916442084597747e+02
5.04215113940453648e+02
5.04814267789622932e+02
5.05929611743748865e+02
5.08580946463283681e+02
5.08875635886264490e+02
5.09487957426128105e+02
5.10369602333081730e+02
5.11550252355947464e+02
5.11699409634251992e+02
5.12277887011655480e+02
5.12482576940972649e+02
5.12979755021422307e+02
5.13527139263568188e+02
5.13850656384920171e+02
5.14818545845798099e+02
5.16324635085709588e+02
5.17404139556684640e+02
5.18167400151060178e+02
5.18700435014369987e+02
5.18959334215575836e+02
5.19210505082814279e+02
5.19399059783489406e+02
5.20039039035534302e+02
5.20761105806453429e+02
5.22638721610912739e+02
5.24625579129547305e+02
5.25164624847777191e+02
5.26548330925998357e+02
5.27976879162904311e+02
5.46698377688145570e+02
5.47351599136335494e+02
5.49672398350996332e+02
5.55671114141155726e+02
5.59335997431772739e+02
5.61347804500544498e+02
5.62997918096715694e+02
5.64064343213245479e+02
5.64918340247712877e+02
5.65840271329247798e+02
5.66022294676203046e+02
5.66725679223398060e+02
5.69236717943550843e+02
5.70501024182220590e+02
5.71839201312791943e+02
5.72988576577650406e+02
5.73576716212791098e+02
5.73874137315849339e+02
5.74055609798514297e+02
5.74924571775178947e+02
5.75575686465429953e+02
5.84744732929095335e+02
5.86570749615992781e+02
5.93929574160698280e+02
5.94204948321694019e+02
5.94444761614194590e+02
5.94688681019258752e+02
5.94910273148421538e+02
6.20455664337130770e+02
6.20909387219943710e+02
6.21720673993246805e+02
6.22551355765859171e+02
6.23383422009473861e+02
6.23946392989192077e+02
6.24383120673663029e+02
6.24603149619812598e+02
6.24849735575773252e+02
6.31061720793476866e+02
6.32841812859609831e+02
6.34285353658923327e+02
6.34614069170880953e+02
6.35761786534497332e+02
6.36533764519944498e+02
6.37019824750876069e+02
6.37235099215730656e+02
6.41299504377749145e+02
6.63240655912876377e+02
6.63496962398324058e+02
6.63791512423657082e+02
6.65298869038788666e+02
6.68430617576264922e+02
6.82264029320993131e+02
6.82491827257374439e+02
6.82730485374579985e+02
6.83234893489402111e+02
6.83640441570014218e+02
6.84075663469820029e+02
6.93738452233574208e+02
6.95459742768581350e+02
6.96863170849940957e+02
6.98368958322341655e+02
6.98710303538926155e+02
6.99496893981939593e+02
6.99899439339831815e+02
7.00407444557032363e+02
7.02776397942648259e+02
7.04707225420367081e+02
7.32838785202015060e+02
7.38277429820554516e+02
7.38705224631553733e+02
7.40653200211954754e+02
7.41196433448306493e+02
7.41695126168771480e+02
7.42181853981510926e+02
7.43289108300113867e+02
7.43675425731441919e+02
7.44608811590599430e+02
7.46872550561782646e+02
7.50151107565415941e+02
7.52335911674930799e+02
7.52892230360583198e+02
7.57577810303534079e+02
7.58906808984135978e+02
7.62143507758061219e+02
7.62679115766859354e+02
7.63541474548991573e+02
7.64891995527992094e+02
7.65000792932156173e+02
7.65625954099022920e+02
7.65964564305066915e+02
7.66339214759147353e+02
7.66880908808249387e+02
7.67550259016256518e+02
7.92934522476351390e+02
7.94291672713646108e+02
7.97244694646783842e+02
7.99876738091578545e+02
8.02855158489515361e+02
8.03980267864237703e+02
8.04459924975629406e+02
8.05306041521971451e+02
8.05907797035600993e+02
8.06870887704356846e+02
8.07461674739200816e+02
8.08870136911460690e+02
8.09165041680231411e+02
8.09796730001322430e+02
8.13284543538935509e+02
8.16289624905688584e+02
8.19022920792249920e+02
8.21552125286220303e+02
8.31153055696834485e+02
8.35729037078502984e+02
8.36734382126131095e+02
8.37129685821773592e+02
8.37628362781065903e+02
8.38091445614630175e+02
8.38462988814939763e+02
8.39805672132653740e+02
8.40132409761488589e+02
8.41254780921419638e+02
8.42367758490055394e+02
8.43101167307933679e+02
8.44282004984199830e+02
8.44779399698887460e+02
8.51249544067166426e+02
8.51654478814245294e+02
8.52954553966896469e+02
8.53947233201617109e+02
8.56827603473251997e+02
8.59562121323244128e+02
8.61362356581421636e+02
8.65432098573378198e+02
8.73019619837462528e+02
8.73432552637598519e+02
8.73974918102484935e+02
8.75530923987860206e+02
8.75931439076390689e+02
8.77056590413455524e+02
8.77495369381345995e+02
8.77985570076406475e+02
8.79401107059765991e+02
8.82545115818272961e+02
8.83012883538864344e+02
9.01476130721197819e+02
9.02554513459692998e+02
9.05301893375543955e+02
9.05921336509846014e+02
9.08270545101290850e+02
9.09582408449572540e+02
9.09971792189624011e+02
9.10582909101013115e+02
9.10904094887481278e+02
9.32493014157771313e+02
9.32835790061745456e+02
9.33261237034599844e+02
9.33783918159722589e+02
9.49438002312421077e+02
9.50560989434987960e+02
9.51301289565447632e+02
9.51887081017100400e+02
9.52817418558733834e+02
9.53173628622617571e+02
9.53520160046089813e+02
9.61646870656296869e+02
9.62017568992387396e+02
9.64689457007610145e+02
9.65566764072704927e+02
9.67326406188554301e+02
9.70103804770111083e+02
9.71428651154495128e+02
9.71965757070801828e+02
9.76701826594202430e+02
9.80147372318350563e+02
9.83291796124837219e+02
9.88105142652220366e+02
9.88478520858175898e+02
9.89836486782936163e+02
9.90793518788913843e+02
9.91771500784743466e+02
9.92750425041120707e+02
9.97150022918684044e+02
9.99039422039995543e+02
1.00256549408275419e+03
1.00299266809049573e+03
1.00353082863844543e+03
1.00409824285766149e+03
1.00597388337361349e+03
1.00711378688612149e+03
1.00835007560623171e+03
1.00912516793341388e+03
1.01030693930670054e+03
