6.13501882425978806e-01
6.25910344267467167e-01
6.26864842204696515e-01
6.28039331997939598e-01
9.87829746880404969e+00
2.02086515626818937e+01
3.32475545518802278e+01
3.95150435075595681e+01
4.88771279612062983e+01
5.97384702732219921e+01
6.70210944924304215e+01
7.67009853407618323e+01
7.68812014565116328e+01
7.69130410504460542e+01
7.69540660282304714e+01
7.70261750886092500e+01
7.70623743347171342e+01
7.70858418099879259e+01
7.71824736992105898e+01
7.74026632413563220e+01
8.28087574173547409e+01
8.76261205996888179e+01
8.89263464059954174e+01
1.08649207335130882e+02
1.10653067113017357e+02
1.19055026137698064e+02
1.36072896270059061e+02
1.37199166330392273e+02
1.52091957653289569e+02
1.58171726260439073e+02
1.63864332892097082e+02
1.68412707831420846e+02
1.87137662533663445e+02
1.87934035018994109e+02
1.87981028310131592e+02
1.88039043023672889e+02
1.89480973563598411e+02
1.93811463411265777e+02
1.93859457114589361e+02
1.93921274720314443e+02
1.93985923824806889e+02
1.96483331294436880e+02
1.98264483563218164e+02
1.98555721549785346e+02
2.02227252607462617e+02
2.02277373181264352e+02
2.02398196885582081e+02
2.21448851654479313e+02
2.26489232057131062e+02
2.26547015330553677e+02
2.26602612129876945e+02
2.26652605132009683e+02
2.34071486398565810e+02
2.38086144135171992e+02
2.38502255953680219e+02
2.38707271919626692e+02
2.39290031626676182e+02
2.40543523320308680e+02
2.40604848524242300e+02
2.40797253242572083e+02
2.40973286526257596e+02
2.41155678097906559e+02
2.41488083639572551e+02
2.47259093867970194e+02
2.51954230139456740e+02
2.59388630750887387e+02
2.60927002902936806e+02
2.61078595023884702e+02
2.61238716607688445e+02
2.61326635949396348e+02
2.61431598781424555e+02
2.61742774552270419e+02
2.65256021466548759e+02
2.67912615716308096e+02
2.68168281682198085e+02
2.68506450217283941e+02
2.68816460669035848e+02
2.69879147773343959e+02
2.70632002836510537e+02
2.73656719734624971e+02
2.76107570992576541e+02
2.77285359378632904e+02
2.77398618774148190e+02
2.77657053645160374e+02
2.77737256715738511e+02
2.77852593063429879e+02
2.78313452848039674e+02
2.78716734470321398e+02
2.80530986396107778e+02
2.83860698102151900e+02
2.85948119842274707e+02
2.86467630492817875e+02
2.87563600588038923e+02
2.88421909345589199e+02
2.89273689917881200e+02
2.89692036381673802e+02
2.96294922119436251e+02
2.97714916827113655e+02
2.98148696875247424e+02
2.98232953632139356e+02
2.98409926371167160e+02
2.98560466291340845e+02
2.98932998548819114e+02
2.99502683388125320e+02
2.99947144138225042e+02
3.01611154593450010e+02
3.02820101500916508e+02
3.04939941185928092e+02
3.11503798045991971e+02
3.12215736419257496e+02
3.12407228391993499e+02
3.13895496492250459e+02
3.17029295474835749e+02
3.17809203576053733e+02
3.18202143941783959e+02
3.18518315042181030e+02
3.18659272051775133e+02
3.18944653011013372e+02
3.19082050632326627e+02
3.19210119153867765e+02
3.20447084029856569e+02
3.36963833095366738e+02
3.37194007331773832e+02
3.37425874818821512e+02
3.37540728578824883e+02
3.37843129083177871e+02
3.37933184892006807e+02
3.38056236694346694e+02
3.38176382084227271e+02
3.38542439800666841e+02
3.40623813465960609e+02
3.45510764550147371e+02
3.49276817000056724e+02
3.50230310999377480e+02
3.51001196029896278e+02
3.57423396081715907e+02
3.59035871809929176e+02
3.59991765497337894e+02
3.60456840168214057e+02
3.60738584536414521e+02
3.60955217611833461e+02
3.61277982677866362e+02
3.61675666019156893e+02
3.61923561403679287e+02
3.62443023620756492e+02
3.62682047221420817e+02
3.63304846005052013e+02
3.63450824364206312e+02
3.70439028581866751e+02
3.73638204499878839e+02
3.76040949432594232e+02
3.79710143369262084e+02
3.79978619822386065e+02
3.80228805061941443e+02
3.80325014349384332e+02
3.80469682360713193e+02
3.81204424304727411e+02
3.82862155239388699e+02
3.84004724924273035e+02
3.84601114591120847e+02
3.85017631253480033e+02
3.85810168477554328e+02
3.85953973592528314e+02
4.08016983559130949e+02
4.08820713103992944e+02
4.09373942195503901e+02
4.09671797216818220e+02
4.09929823583117525e+02
4.10103687888289471e+02
4.10301955843249630e+02
4.10707732193891388e+02
4.11544237290279227e+02
4.23182516576291050e+02
4.23934350627107847e+02
4.24081412633883019e+02
4.24204613793092904e+02
4.41169850481927142e+02
4.43332915656064301e+02
4.43845852134696997e+02
4.44138177278541775e+02
4.45201959953870642e+02
4.45630719798596147e+02
4.45762713583634991e+02
4.47621352561631284e+02
4.48955646060577919e+02
4.49473583198900087e+02
4.52734336569923357e+02
4.54298914542159991e+02
4.54570611222911225e+02
4.57715998859844149e+02
4.58149668680693026e+02
4.59130632230413312e+02
4.60946582265006214e+02
4.61660446691474476e+02
4.62122346935265455e+02
4.64235266399968737e+02
4.64399033908321599e+02
4.66372816645153080e+02
4.67323144705088566e+02
4.67870731770294014e+02
4.69467936105309604e+02
4.70774561778959537e+02
4.72106349896286019e+02
4.73397766926784698e+02
4.76759667187681316e+02
4.78439080533569040e+02
4.78931996978113602e+02
5.01867571762682701e+02
5.02237903375670612e+02
5.02923668465585592e+02
5.03769990517007273e+02
5.05329046792106851e+02
5.06193154661180984e+02
5.07017918030138844e+02
5.11416832551569769e+02
5.11709506902459680e+02
5.12023543780977661e+02
5.12317446191370095e+02
5.12581491429477637e+02
5.12744024479787186e+02
5.13493628151683083e+02
5.13655705741016959e+02
5.14253609673838696e+02
5.15260516043046891e+02
5.17942634682828498e+02
5.18348544857499178e+02
5.18640959029989176e+02
5.18955461859429761e+02
5.19290843056059998e+02
5.20126172367383674e+02
5.20471454039257083e+02
5.22712747946391005e+02
5.25149591914781695e+02
5.25860240495585913e+02
5.27041624129410934e+02
5.27972247092669932e+02
5.43651729150221968e+02
5.47471885032742648e+02
5.49045893372169417e+02
5.51925819061423795e+02
5.54516655499771105e+02
5.55487381080437785e+02
5.59207783796447529e+02
5.61997449793845703e+02
5.63265735534654254e+02
5.63529347873252505e+02
5.64900542711160710e+02
5.65364425706792531e+02
5.67352089500177044e+02
5.69735124354608615e+02
5.70270571280149738e+02
5.70711947073426813e+02
5.70962188999929253e+02
5.71406134165454205e+02
5.72477978447571672e+02
5.72689482568992844e+02
5.73771177261516414e+02
5.74343438007288000e+02
5.74652786901824015e+02
5.75121212634435096e+02
5.77345724958106416e+02
5.79884396745755112e+02
5.88412883630394163e+02
5.91933383876020230e+02
5.94310371335929290e+02
5.94502540326586427e+02
5.94815921813960244e+02
5.94995273403563601e+02
6.20740383666768480e+02
6.21490398540055480e+02
6.21816107974625652e+02
6.22721282685801953e+02
6.23675565635912221e+02
6.23935049720892721e+02
6.24206220534334420e+02
6.24562818530379559e+02
6.24919463063294643e+02
6.25220527309858653e+02
6.29144130984932644e+02
6.33412071414108937e+02
6.34489886583462294e+02
6.34867161484411781e+02
6.35795825167631619e+02
6.36101614433745340e+02
6.36441030340193038e+02
6.37437384984210212e+02
6.60886798925745779e+02
6.63110435659132122e+02
6.63384032294602093e+02
6.63719869626423929e+02
6.64215383695588798e+02
6.65859149066735426e+02
6.75573883561910179e+02
6.82168981987565076e+02
6.82385665346376527e+02
6.82671418333225461e+02
6.82879170266217670e+02
6.83087513524861379e+02
6.83812932754457393e+02
6.84846873699585558e+02
6.95409397507929157e+02
6.95761742666525265e+02
6.96838717014831332e+02
6.97428475935409324e+02
6.97753825594726777e+02
6.98620435252423363e+02
6.99436830027480823e+02
6.99654691761843083e+02
7.00082510607681684e+02
7.01775013293090183e+02
7.03861873377153415e+02
7.04328570280393137e+02
7.26481410748293342e+02
7.38593335880046084e+02
7.39148769958043090e+02
7.39748669595230467e+02
7.40111351873216904e+02
7.40875263329473341e+02
7.41201023569814424e+02
7.42004545575018028e+02
7.42445214765059859e+02
7.43371739074602715e+02
7.43703438212028800e+02
7.43941108701350799e+02
7.45015268216843538e+02
7.51070887094398245e+02
7.51955638489194939e+02
7.54651352051407116e+02
7.58047952609084518e+02
7.58377894082729540e+02
7.60896853512385178e+02
7.62083496898471481e+02
7.64687812184363679e+02
7.65000992142544760e+02
7.65427763207411544e+02
7.65818941752817523e+02
7.66563658512060897e+02
7.67179093567657787e+02
7.67448859202412677e+02
7.92712257127919997e+02
7.93711887728902980e+02
7.97554183948325999e+02
7.99121284844373577e+02
8.03904043888592128e+02
8.04681689412678111e+02
8.04971852479797235e+02
8.05285790636047182e+02
8.05639027729838745e+02
8.06560370614204999e+02
8.06990985474409854e+02
8.07731750243823285e+02
8.09993529414129625e+02
8.10416718673558989e+02
8.14404860106744650e+02
8.15716015907227302e+02
8.18880194840612489e+02
8.31469834424601117e+02
8.36879384421628856e+02
8.37684521753334934e+02
8.38315626256364453e+02
8.38904205424839574e+02
8.39736346730918967e+02
8.40727786990029244e+02
8.41082275057841571e+02
8.41686846677973676e+02
8.42575450058253637e+02
8.44691178193921928e+02
8.50143936786072118e+02
8.50909103266064449e+02
8.51607147423677475e+02
8.52772939142023347e+02
8.55323027237771953e+02
8.60260277525926199e+02
8.61846608983291389e+02
8.62546246061397255e+02
8.65301530097715272e+02
8.66335164677023613e+02
8.72408714864973717e+02
8.73205942104841938e+02
8.74830724498983727e+02
8.75384601092039020e+02
8.76091357519885833e+02
8.76721127567306439e+02
8.77794883062419103e+02
8.78090214679402038e+02
8.80910847840767474e+02
8.81390407005796192e+02
9.02178378834024556e+02
9.05160063490994162e+02
9.05838980843308491e+02
9.07359213687264059e+02
9.08598867957090079e+02
9.09015818786541217e+02
9.09389202562800961e+02
9.09694878697081776e+02
9.10547465342290820e+02
9.10878263324802901e+02
9.32650663908777460e+02
9.33186050320333152e+02
9.33638037314082567e+02
9.37537570496635453e+02
9.46933130010718060e+02
9.49185469743258864e+02
9.50701565065868408e+02
9.51076873987827639e+02
9.51559317689964701e+02
9.52156551292625636e+02
9.53381919543227468e+02
9.55180979880276027e+02
9.56805811298742356e+02
9.58431169294917026e+02
9.58812762583029553e+02
9.63324424981585025e+02
9.67364112213987937e+02
9.68373486507979578e+02
9.71467716182026606e+02
9.72005812479124870e+02
9.73861611445610833e+02
9.77435777097796745e+02
9.80657909435186411e+02
9.88250666087745913e+02
9.88599886803660183e+02
9.89120236349011293e+02
9.89706524416859565e+02
9.91568559399832111e+02
9.92317544400736779e+02
9.92716326805195195e+02
9.93666136833353221e+02
9.97107706011796154e+02
1.00170373936424221e+03
1.00241887384264101e+03
1.00299162462276490e+03
1.00341951064921682e+03
1.00431045058278960e+03
1.00479001319728422e+03
1.00583316873419312e+03
1.00776357634950909e+03
1.00934437845199204e+03
1.01308510146618005e+03
