0.00000000000000000e+00
1.58517540361790452e+01
3.49948072904517176e+01
3.65953697368095163e+01
3.72745113009659690e+01
4.66375661283163936e+01
8.17818738273199415e+01
9.19899389689380769e+01
9.53031687892435002e+01
9.74445246418763418e+01
1.21348748708383937e+02
1.23729780435969587e+02
1.49407511627177882e+02
1.75137099289058824e+02
1.80249116962091648e+02
1.85988424294067954e+02
2.20225800108761177e+02
2.66327336979928077e+02
2.73916429472548771e+02
2.78571364842966432e+02
3.16804808870823763e+02
3.18586351868514612e+02
3.26833904552491731e+02
3.39149437587089778e+02
3.51524289688677527e+02
3.80531484731814999e+02
4.15543870620756934e+02
4.27158445825574745e+02
4.86743525401034276e+02
4.94816318519006018e+02
4.95952544456791657e+02
4.99920235403740662e+02
5.06223628743457084e+02
5.07990743860231305e+02
5.22045698031026404e+02
5.31545628845327883e+02
5.34338121542103181e+02
5.53076257760592853e+02
5.54962337937788107e+02
5.56202589276857907e+02
5.58523299654865696e+02
5.63197751168416289e+02
5.67874255102571624e+02
5.70664220885926625e+02
5.73218332612937957e+02
5.76327615686364879e+02
6.90901081307973072e+02
7.03529349748423556e+02
7.06482938817782269e+02
7.12792129853398365e+02
7.16590401690620638e+02
7.18391158905164048e+02
7.23730924274190329e+02
7.42940622516944131e+02
7.45191274461780267e+02
8.73659933088492835e+02
8.86804494206844538e+02
8.97598714194005879e+02
8.99273906825241284e+02
9.02074682369609945e+02
9.06066882826125948e+02
9.14915357539175602e+02
9.33116207342463895e+02
1.04833507106892648e+03
1.05229643680215668e+03
1.05811754583146831e+03
1.06032236200651823e+03
1.06243828228931670e+03
1.06450095429158682e+03
1.07940489723610517e+03
1.11548079518529266e+03
1.11683950732921949e+03
1.15503042642970831e+03
1.15952107813060138e+03
1.16200691895444470e+03
1.16517851843839162e+03
1.17069107565681770e+03
1.26536901737390144e+03
1.26800054169810028e+03
1.34732659038542624e+03
1.34981557474536385e+03
1.35539289783683489e+03
1.35809124789822090e+03
1.36347116347235715e+03
1.36788626833946910e+03
1.36993995654656464e+03
1.44456040684328036e+03
1.45061707958424813e+03
1.55501901080775860e+03
1.55641682877179119e+03
1.55919199569540797e+03
1.56206833908501721e+03
1.56404856217114138e+03
1.56549421251576860e+03
1.60630414608114370e+03
1.60814778930956527e+03
1.71350200123863033e+03
1.71538987384767097e+03
1.71911410541903751e+03
1.72305128232155403e+03
1.90003204873396317e+03
1.90201650380784122e+03
1.90604855730566487e+03
1.90992565794329857e+03
1.91331501757957449e+03
1.91596212836995255e+03
2.10192025838834525e+03
2.10439787832654838e+03
2.10823395210043236e+03
2.10988297743011935e+03
2.11406666727297124e+03
2.26359416683677409e+03
2.26839629968692316e+03
2.27134324170806940e+03
2.27297516728939809e+03
2.27523758800066571e+03
2.45390002245552751e+03
2.45630235586570780e+03
2.45799371896655794e+03
2.46000429095796426e+03
2.46381383404403459e+03
2.46684483643668500e+03
2.47003713622532086e+03
2.65107385961539694e+03
2.65493958438473783e+03
2.65726053047207097e+03
2.65923257717303932e+03
2.66124180220955168e+03
2.66514319851877372e+03
2.81776902518030693e+03
2.82018336812444613e+03
2.82436202053399757e+03
2.82820101196927862e+03
3.00758614219760057e+03
3.01047938661713124e+03
3.01366392980638921e+03
3.01680144550168916e+03
3.01905290348608833e+03
3.20672121734952088e+03
3.20904808766534552e+03
3.21286831782344234e+03
3.21583610224274162e+03
3.36992824079508864e+03
3.37285402216251532e+03
3.37587462174733082e+03
3.37938930338112550e+03
3.55984411868364259e+03
3.56335582593832805e+03
3.56538893980409921e+03
3.56937724070392869e+03
3.75642636390116968e+03
3.76046166712468403e+03
3.76338674420264579e+03
3.92174251594133239e+03
3.92472254223972413e+03
3.92713821619779628e+03
3.92996422444222117e+03
4.11219275093115721e+03
4.11481478741925093e+03
4.11805451973987510e+03
4.12079503839838435e+03
4.30513616896424355e+03
4.30932644345924928e+03
4.31240691330395202e+03
4.31505450914490939e+03
4.47476439085489255e+03
4.47980732644650561e+03
4.48243985894069192e+03
4.66130970836590132e+03
4.66518370423467422e+03
4.66785548080407898e+03
4.67097585202879418e+03
4.67328885558844922e+03
4.85590226277837792e+03
4.85894166553935793e+03
4.86136770910418272e+03
4.86391238299632096e+03
4.86670471287555119e+03
5.02219751901860582e+03
5.02467472938740684e+03
5.02795267854590202e+03
5.03135839545947965e+03
5.21297498791452381e+03
5.21546882682777505e+03
5.21833570083155064e+03
5.22230971249583672e+03
5.40581244512984995e+03
5.40888999885599333e+03
5.41137936622755660e+03
5.41416120368761767e+03
5.41822988265989261e+03
