0.00000000000000000e+00
2.58306584436941193e+01
3.77415330493386136e+01
3.81121672940280405e+01
5.48332437467761338e+01
6.13286519677058095e+01
7.32597471457775100e+01
7.55192084927912219e+01
8.59204687630845001e+01
1.09945937282333034e+02
1.16581298347678967e+02
1.24078583080226963e+02
1.29262734108357108e+02
1.37366407318957499e+02
1.40625624863881967e+02
1.43243986444096663e+02
2.02472572702812613e+02
2.20586269050145347e+02
2.27002242989947263e+02
2.31248269192932639e+02
2.49574433453599340e+02
3.05426738707406912e+02
3.22738679492511437e+02
3.42884179254302580e+02
3.46260265455304761e+02
3.65236875270515156e+02
3.83138347175452509e+02
3.95736026873964875e+02
4.19234473824741144e+02
4.85733419640971988e+02
4.91438946866124752e+02
4.96218451486143749e+02
5.02411053405914572e+02
5.05850333845701243e+02
5.13576536643384316e+02
5.19355555849448137e+02
5.42186351711781754e+02
5.51817474727780791e+02
5.57785312176580192e+02
5.62700885959893640e+02
5.66722642237400578e+02
5.71192477319498721e+02
5.78032072167283332e+02
6.96994094482470246e+02
7.02440631035824481e+02
7.07423864222793782e+02
7.09760792027431307e+02
7.15017144322293461e+02
7.20142808157070249e+02
7.23249783621824463e+02
7.26561689755704720e+02
8.82967933349827945e+02
8.85837985480837233e+02
8.88982545227991068e+02
8.92442502993326343e+02
9.01627711493289098e+02
9.04800299292175623e+02
9.06337698214178090e+02
9.09015148233367654e+02
1.04501990394540189e+03
1.04664940182444843e+03
1.05290299791272992e+03
1.05419477310880029e+03
1.05849843494124070e+03
1.06380384367080114e+03
1.06798545731823833e+03
1.11963483238787740e+03
1.15081037112061313e+03
1.15626888443570351e+03
1.15981037447384006e+03
1.16120683129553800e+03
1.16512152015791798e+03
1.16849095256887813e+03
1.26150782199321839e+03
1.27092498129736487e+03
1.34290443421764940e+03
1.35057919629142998e+03
1.35313188757036551e+03
1.35873690754729614e+03
1.36646854185526172e+03
1.37086956084116537e+03
1.45127256865077652e+03
1.45444332717403449e+03
1.55218663488534366e+03
1.55829400264346623e+03
1.56121882274057134e+03
1.56586205749529472e+03
1.56861279115928482e+03
1.60965117193123297e+03
1.71255712562724511e+03
1.71615229758198257e+03
1.71804909787446377e+03
1.72385572896932717e+03
1.90204414042457211e+03
1.90651207302964758e+03
1.90828827389255457e+03
1.91438035798712372e+03
1.91689134084042598e+03
2.10275487114330463e+03
2.10643810329573171e+03
2.10853769454447320e+03
2.11117032596620265e+03
2.11294056796510995e+03
2.11462237512331922e+03
2.26545952317699994e+03
2.26752610314213234e+03
2.27178680477304442e+03
2.27533028487669071e+03
2.45638473354955931e+03
2.45964145139957691e+03
2.46229225344080623e+03
2.46453969303049234e+03
2.46660041572406044e+03
2.65258661647179542e+03
2.65853801242590998e+03
2.66070031517154712e+03
2.66259080083703157e+03
2.66515170331253466e+03
2.81841999117603700e+03
2.82254466398301156e+03
2.82534884035620780e+03
2.82862344591641158e+03
3.00579726803310041e+03
3.00825287625369674e+03
3.01232999373388884e+03
3.01584908826564060e+03
3.01944989477028867e+03
3.20474468005298695e+03
3.20904856399769051e+03
3.21153270476011676e+03
3.21434822688130225e+03
3.36732702917575079e+03
3.37150571130491880e+03
3.37411093950014038e+03
3.37612380573381233e+03
3.37839280657591735e+03
3.55757512305698037e+03
3.56144825199919433e+03
3.56366910426964023e+03
3.56595410479715065e+03
3.56905376877667004e+03
3.75495342338358751e+03
3.75834003214010590e+03
3.76143316664553276e+03
3.76417100831814605e+03
3.92060765694959264e+03
3.92535093772079563e+03
3.93012932882647874e+03
4.10952508646806382e+03
4.11193127838613145e+03
4.11427074486266793e+03
4.11689963430400530e+03
4.12065486571236397e+03
4.30425366565830336e+03
4.30818027130960400e+03
4.31068542947868264e+03
4.31430030947897467e+03
4.47509026449099474e+03
4.47766982261059457e+03
4.48242210346856155e+03
4.66257279926412593e+03
4.66542889588276739e+03
4.66843827074550791e+03
4.67097428965373547e+03
4.67387630406375683e+03
4.85657171863782423e+03
4.85899228328234312e+03
4.86208451655918179e+03
4.86508039566817024e+03
5.02394849171236274e+03
5.02709727075384581e+03
5.03050044949560834e+03
5.03346261791419238e+03
5.21534222253088228e+03
5.21790395394166262e+03
5.22044614617357729e+03
5.22317569225660554e+03
5.40827059690339229e+03
5.41100671937580773e+03
5.41476723320117162e+03
5.41782014917138440e+03
