0.00000000000000000e+00
1.74529084592795698e+01
2.74615844171130448e+01
3.78850068235187791e+01
4.40411057833916857e+01
5.72610511626990046e+01
6.59128293262037914e+01
9.05720846818658174e+01
1.02090419156105781e+02
1.05592006348553696e+02
1.14654689292001422e+02
1.52112274916915339e+02
1.68715382109556231e+02
1.74908228606167540e+02
1.97183969601952413e+02
2.09685231594987272e+02
2.21015588159985782e+02
2.79272819809615612e+02
3.05469148762014811e+02
3.17092425167837064e+02
3.41965630826693086e+02
3.43246855115008657e+02
3.60032363373822591e+02
3.75259088996652281e+02
3.80746909302004497e+02
4.20172247010697902e+02
4.51188200013617461e+02
4.86177385195645911e+02
4.87364463232093840e+02
4.94901089060425875e+02
5.08723833991381980e+02
5.10276276233154931e+02
5.11486315661255503e+02
5.15489874239829078e+02
5.23552373512524355e+02
5.26552467283530859e+02
5.50908264399433392e+02
5.56334697014397534e+02
5.61120253507186135e+02
5.62046127850873745e+02
5.65132105382093869e+02
5.71057368424553715e+02
5.77308204867964378e+02
5.79573779114500212e+02
6.90356882193547790e+02
6.97364193125693419e+02
7.07364693191353581e+02
7.08910794937437458e+02
7.09929970315752144e+02
7.16412992120975105e+02
7.20870757028344087e+02
7.24266644240866299e+02
7.35889000086150190e+02
8.79638623201644805e+02
8.85697049934235110e+02
8.92872647990894620e+02
8.94540151163906557e+02
9.03900817377929343e+02
9.09850703737422009e+02
9.24585403379627678e+02
1.04698146515430562e+03
1.04901816973256064e+03
1.05171543281467166e+03
1.05527179062167852e+03
1.05746799397998984e+03
1.06060377076630539e+03
1.06773501327800477e+03
1.11618457174947252e+03
1.15040647711987549e+03
1.15610886320158897e+03
1.16055256773855945e+03
1.16268405555984646e+03
1.16740987408696674e+03
1.26582156169648079e+03
1.34748293621648190e+03
1.35018543966666766e+03
1.35445551989624801e+03
1.36035780665747734e+03
1.36211632152411767e+03
1.36590602848921117e+03
1.37003282154679619e+03
1.44957119384282123e+03
1.55024278538054932e+03
1.55190064994457498e+03
1.55860163137714699e+03
1.56343335470816237e+03
1.56886610687905340e+03
1.60821112129190442e+03
1.71160931870080822e+03
1.71501409890774812e+03
1.71794496945233550e+03
1.71950529071694473e+03
1.72267180053369520e+03
1.89885318885554443e+03
1.90455727081515215e+03
1.90687418139942019e+03
1.91158210987626808e+03
1.91397068123708596e+03
1.91649359749210998e+03
1.91889794988340873e+03
2.10161858430622669e+03
2.10550623396663286e+03
2.10778022482638335e+03
2.11133671295563545e+03
2.11307697266345349e+03
2.11528176143576275e+03
2.26502274309105997e+03
2.26915973502199631e+03
2.27118456947233062e+03
2.27301706481284782e+03
2.27534613388878643e+03
2.45708421869777521e+03
2.45882891852233297e+03
2.46088804599503783e+03
2.46528324297809741e+03
2.65395895649384329e+03
2.65613346591818845e+03
2.65937736090600083e+03
2.66127651544244145e+03
2.66332145196989586e+03
2.66586495580313203e+03
2.81705651365104859e+03
2.82086480486186338e+03
2.82370384129472222e+03
2.82862786971331661e+03
3.00550431642893091e+03
3.00971379452031397e+03
3.01171875298981467e+03
3.01459807958930469e+03
3.01729322149413929e+03
3.02007527424268483e+03
3.20432566966857121e+03
3.20667770337090042e+03
3.21035625154656736e+03
3.21295489988197369e+03
3.21572396808673511e+03
3.36939423863473348e+03
3.37248803441120253e+03
3.37466797720754403e+03
3.37924152314791718e+03
3.55953699233954103e+03
3.56159457821078104e+03
3.56452995516801457e+03
3.56715427309842198e+03
3.56925866223830963e+03
3.75634627805969649e+03
3.76076769899833744e+03
3.76493492568353395e+03
3.92194513922831538e+03
3.92473495004640426e+03
3.93040786840914370e+03
4.11213834900785878e+03
4.11556392669695924e+03
4.11806346464827220e+03
4.12167371885012835e+03
4.30577201425535168e+03
4.31000914377417939e+03
4.31346855117048835e+03
4.31705435212409793e+03
4.47280134772685415e+03
4.47546799671118788e+03
4.47779506291285361e+03
4.48165880169784941e+03
4.66155944077870663e+03
4.66414813141633931e+03
4.66687212447671482e+03
4.66992246053292183e+03
4.67402050016629073e+03
4.85623939663288911e+03
4.86142567100838642e+03
4.86439313520635915e+03
4.86785389542375924e+03
5.02365135396545520e+03
5.02722877372356015e+03
5.02979204820284940e+03
5.03232939661276760e+03
5.21415486006194988e+03
5.21752704385734978e+03
5.22192687890083471e+03
5.22477392922860599e+03
5.40928289290099929e+03
5.41190835929612513e+03
5.41540046719304519e+03
