0.00000000000000000e+00
5.17252786562312394e+00
2.51690849995793542e+01
2.79215213078568922e+01
3.47332595386396861e+01
4.37536881123378407e+01
4.43132599709060742e+01
5.47560051184191252e+01
7.71609212510229554e+01
8.40643203452054877e+01
9.34722891153578530e+01
1.16028075701004127e+02
1.33798978354949213e+02
1.41749592924294120e+02
1.68106363047336345e+02
1.87264471434507868e+02
1.98632656587797101e+02
2.04906033530423883e+02
2.08812315511175257e+02
2.26103620658177533e+02
2.95390536480379524e+02
3.21803435434318089e+02
3.34782905253363424e+02
3.54503937947360100e+02
3.55695772579863842e+02
3.70704421189802815e+02
3.85205397638390423e+02
4.12415770376122964e+02
4.49361278035699797e+02
4.63222659202452633e+02
4.89306786725574057e+02
4.95507719072535110e+02
5.01505762444408902e+02
5.07816819241081248e+02
5.21478469028494146e+02
5.25132122769602574e+02
5.26545832895797503e+02
5.46607884670134808e+02
5.53369909779474256e+02
5.56242987877143605e+02
5.59196573143977730e+02
5.60859334645108902e+02
5.68517872395481390e+02
5.73149955980778032e+02
5.76561631939184736e+02
5.77631676351236820e+02
6.93630921727723035e+02
7.01277934409998124e+02
7.03431969960547576e+02
7.12690789127867902e+02
7.15187205568196077e+02
7.23432106266496703e+02
7.36452769169365638e+02
7.45522925826560822e+02
8.78964305650937604e+02
8.82294568411976798e+02
8.86990274243464228e+02
8.99568069388449658e+02
9.02338770484937413e+02
9.14017969266104046e+02
9.17510233555593004e+02
9.19087024030377506e+02
9.20561262356881343e+02
1.04660158793177106e+03
1.05283851987593516e+03
1.05934644237678003e+03
1.06078123979860538e+03
1.06658870059024048e+03
1.06886674066646083e+03
1.07353305529203499e+03
1.11431491486188315e+03
1.15408130306184466e+03
1.15960793664713128e+03
1.16090276836363046e+03
1.16778920885307161e+03
1.16994926694969035e+03
1.26231143491552211e+03
1.34450322848284122e+03
1.34929526175860519e+03
1.35190825467587274e+03
1.35721073837912991e+03
1.36470453058418934e+03
1.36716439164207259e+03
1.44377478439704282e+03
1.55129685445383075e+03
1.55342528085683443e+03
1.55976474164739921e+03
1.56223119823573506e+03
1.56644801863117755e+03
1.56940356438989693e+03
1.60957641030498053e+03
1.71000626140330860e+03
1.71306828996499098e+03
1.71595325485534704e+03
1.71831421937068808e+03
1.72202823959084344e+03
1.90069775739966281e+03
1.90320624972044607e+03
1.90527827956979309e+03
1.90764165741834586e+03
1.90937473474105354e+03
1.91267057922673848e+03
1.91959676835810387e+03
2.09684220078385260e+03
2.10066661082700739e+03
2.10438055252609047e+03
2.10734838802942249e+03
2.10910338573022455e+03
2.11071134979014460e+03
2.11291875705358689e+03
2.11622771566564916e+03
2.26533445492752799e+03
2.26730059523545788e+03
2.26926823605850223e+03
2.27307592202015076e+03
2.27489781541583216e+03
2.45455363818519982e+03
2.45711844542502513e+03
2.46200835605945031e+03
2.46477702211309224e+03
2.46801313203774771e+03
2.65497884298076679e+03
2.65676771012388781e+03
2.65867633566849690e+03
2.66254655255429680e+03
2.66655265602123109e+03
2.81926446385114832e+03
2.82136725754856889e+03
2.82443287908870116e+03
2.82750775297427026e+03
3.01064402512428933e+03
3.01374178530222707e+03
3.01891787106276024e+03
3.20430637002022559e+03
3.20638852808777301e+03
3.20945961367698328e+03
3.21223616514111927e+03
3.21594389446530840e+03
3.37125011519619147e+03
3.37408587800042733e+03
3.37646606609724404e+03
3.37913726209448214e+03
3.56021355504544772e+03
3.56317823419468186e+03
3.56551773079572740e+03
3.56842651677750837e+03
3.57109852959216369e+03
3.75691704259590915e+03
3.76014476998692408e+03
3.76383070522973139e+03
3.91980162900280266e+03
3.92368869301574887e+03
3.92757889860599244e+03
3.93008749054819782e+03
4.10887004034296842e+03
4.11155214814140345e+03
4.11547179922605574e+03
4.11820386241818778e+03
4.12142603060245165e+03
4.30719438260739844e+03
4.31000357134668593e+03
4.31404464819126588e+03
4.47603499529260444e+03
4.47935333791028097e+03
4.48225652959493891e+03
4.66383461553545203e+03
4.66853335763879295e+03
4.67137061882018315e+03
4.67382743425620720e+03
4.85665308217910206e+03
4.86066921447432105e+03
4.86334355362222414e+03
4.86665692757067154e+03
5.02325582309920719e+03
5.02673804315720190e+03
5.03003035556026589e+03
5.03403113697053050e+03
5.21370857655089640e+03
5.21620455194108945e+03
5.22000996116881288e+03
5.22252143248404900e+03
5.40538939289713744e+03
5.40808703662666085e+03
5.41111396477494418e+03
5.41414775087002636e+03
5.41858476400101063e+03
