0.00000000000000000e+00
1.82933188909883029e+01
2.12402297967346385e+01
4.02828848666176782e+01
4.94914958802255569e+01
5.19157923876919085e+01
7.22763747429853538e+01
8.84326754280264140e+01
1.00287403358153824e+02
1.01159082260644936e+02
1.05293201937849517e+02
1.27685471069373307e+02
1.29240382934614900e+02
1.46168436100968393e+02
1.67590326546276629e+02
1.94616450065630488e+02
2.10065623724694888e+02
2.51531742440514790e+02
2.54134342585486593e+02
2.66919519119583128e+02
2.91829101241622993e+02
3.14470940039049310e+02
3.27466828731965506e+02
3.58443126359125017e+02
3.64635114786120539e+02
3.72370093316807470e+02
3.84498839197527559e+02
4.07749449100985657e+02
4.70288042399326514e+02
4.83077267130138353e+02
4.88818511003606545e+02
5.04328610287862830e+02
5.08245212951471331e+02
5.20162544555190834e+02
5.29718840560737590e+02
5.34178363460443506e+02
5.52947923790081404e+02
5.56882665056160477e+02
5.58544141610997031e+02
5.62168455278952024e+02
5.63117679460090585e+02
5.70464673040303751e+02
5.73094732943805866e+02
5.75789788030131604e+02
5.77836714879646024e+02
6.91453160292585380e+02
7.07602897860917437e+02
7.08954121583781671e+02
7.15274358232913073e+02
7.19974893527149106e+02
7.29242066049613641e+02
7.31126870886342658e+02
8.74983199510643317e+02
8.86651255306212988e+02
8.95047818856604863e+02
9.06842383752111346e+02
9.09252577356659458e+02
9.12361501947430952e+02
9.14977511067052546e+02
1.04099156858717470e+03
1.05120164273329283e+03
1.05237459439853410e+03
1.05383735385169712e+03
1.05923330610422272e+03
1.06291959832343855e+03
1.06710456806085858e+03
1.11599144790299033e+03
1.15889645841225138e+03
1.16185278287750407e+03
1.16675040723463462e+03
1.16811096221041225e+03
1.26374021953152260e+03
1.26780131419846293e+03
1.34596007442858536e+03
1.35396338520306017e+03
1.35590782463487994e+03
1.35887457532546978e+03
1.36030515490846301e+03
1.36479005899778713e+03
1.37027059539042966e+03
1.44819223087595310e+03
1.45404966189055267e+03
1.55800200887946994e+03
1.55941917714997544e+03
1.56416797044204577e+03
1.56640452699694288e+03
1.60464598419380491e+03
1.61181167615817685e+03
1.70904715828187182e+03
1.71246610302502813e+03
1.71566558729053213e+03
1.71728864067898394e+03
1.71885579558842437e+03
1.72447365698037902e+03
1.89829641615394212e+03
1.90368079389475315e+03
1.90713702942440432e+03
1.90904739964797773e+03
1.91116766958712105e+03
1.91339144791215222e+03
1.91887502069346374e+03
2.09986113023851067e+03
2.10185386564477812e+03
2.10385001401159388e+03
2.10928736768475937e+03
2.11089311318578984e+03
2.11500372166174930e+03
2.26420109068134479e+03
2.26662863953396300e+03
2.27068598263782042e+03
2.27278310207850154e+03
2.27530381723328901e+03
2.27837054704422189e+03
2.45605735585173534e+03
2.45796823664735712e+03
2.46221259875301621e+03
2.46414438160439022e+03
2.46589191922952159e+03
2.47031851644253766e+03
2.65563304126370349e+03
2.65747364580192516e+03
2.65994686442679813e+03
2.66244913489824830e+03
2.66646471423028561e+03
2.81696619290131639e+03
2.81946657088648499e+03
2.82288114912938909e+03
2.82481209969404881e+03
2.82673074497299240e+03
3.00780311116724624e+03
3.01203714854639838e+03
3.01520133991490729e+03
3.01784971531054907e+03
3.02036858825405943e+03
3.20637329656912334e+03
3.20968734113553364e+03
3.21339462917983474e+03
3.21614160853425710e+03
3.36946128123529343e+03
3.37244787968142191e+03
3.37521301666920044e+03
3.37740059739752905e+03
3.37997437425665703e+03
3.55731534747118712e+03
3.55999624771161325e+03
3.56326954754585313e+03
3.56696564018272329e+03
3.57110515736253728e+03
3.75582344804670720e+03
3.75840279316395026e+03
3.76112981515833235e+03
3.76463002627532114e+03
3.92011687421315582e+03
3.92242039715107967e+03
3.92765714863017638e+03
3.93038105914491462e+03
4.10915602602731815e+03
4.11253198012791836e+03
4.11583309298219683e+03
4.11800364122554311e+03
4.12150166540007194e+03
4.30549598399856040e+03
4.30935622345020965e+03
4.31214284149104060e+03
4.31441348318736709e+03
4.47505800699300744e+03
4.47769147043376870e+03
4.48146996480197413e+03
4.66233835145313060e+03
4.66726519565962371e+03
4.66997235234000254e+03
4.67349469101937575e+03
4.85716858045523259e+03
4.85956676190281723e+03
4.86396163412732130e+03
4.86669124214330077e+03
5.02375837226917065e+03
5.02878155466177850e+03
5.03143571394051105e+03
5.21344620027477504e+03
5.21590789579875127e+03
5.21846290929893439e+03
5.22114009325961524e+03
5.22548697092476505e+03
5.40300278533469100e+03
5.40959664550289745e+03
5.41327629817490379e+03
5.41709697980938654e+03
