0.00000000000000000e+00
3.61137505904916907e+01
3.84135665961875929e+01
4.06132796394376783e+01
5.63583661721204408e+01
6.53409624903142685e+01
6.87661267258517910e+01
8.61127639121259563e+01
1.01079335759350215e+02
1.10576521289891389e+02
1.30548092329205247e+02
1.64707294779276708e+02
1.79244666653103195e+02
1.92615994602958381e+02
2.19569137650098128e+02
2.25073503263709426e+02
2.59974762396959704e+02
2.84577878776726720e+02
2.95577985780160816e+02
3.21481612515315646e+02
3.25320586661080597e+02
3.32917754263631650e+02
3.39860862942681706e+02
3.72212348824636138e+02
3.74162569454238110e+02
4.09051395604314166e+02
4.57997909951292968e+02
4.60067058674998407e+02
4.62557253023514932e+02
4.78515257277656929e+02
4.93659571024531033e+02
4.99193861636078509e+02
5.08424967857390584e+02
5.13520878581308352e+02
5.20647097901281086e+02
5.53563043721296708e+02
5.57270209396650898e+02
5.58956771722754638e+02
5.62199784418538911e+02
5.63746768622484524e+02
5.71738698833731178e+02
5.78923625828312652e+02
6.93443788522999967e+02
6.96261580431491893e+02
7.05386081966353231e+02
7.07245430026821850e+02
7.09025039217514859e+02
7.19702127020980697e+02
7.24560132102124044e+02
7.32285241808422143e+02
7.37420840978549677e+02
8.61955893126701994e+02
8.80666802229476161e+02
8.87753253562434111e+02
8.91606647995758976e+02
8.94959129190297972e+02
8.98599758814918459e+02
9.06847141910220671e+02
9.07975300151156262e+02
9.23316681929609331e+02
1.04643717658473906e+03
1.04808331359262957e+03
1.05363734405083233e+03
1.06088578336935461e+03
1.06337013192809536e+03
1.06460104409254564e+03
1.07044427187729161e+03
1.11250232359431538e+03
1.11541628639871487e+03
1.11955565946540446e+03
1.15961722012925020e+03
1.16083157677874260e+03
1.16304829632549809e+03
1.16507858739886433e+03
1.26263371711381478e+03
1.26680113570158574e+03
1.26934331768674019e+03
1.35304695667841588e+03
1.35729060198473599e+03
1.36373376624599041e+03
1.37088892993397894e+03
1.44907044773133384e+03
1.45435020012348105e+03
1.45721894005676586e+03
1.55639409340335988e+03
1.56160798973428609e+03
1.56323995913557155e+03
1.56587040588290256e+03
1.57333232344532007e+03
1.60842355515455711e+03
1.60997031851873180e+03
1.70983136998271948e+03
1.71647190222095378e+03
1.71789372277463553e+03
1.71935238261610357e+03
1.72239564489815530e+03
1.72639830245351186e+03
1.90351078271574079e+03
1.90533516210315429e+03
1.91047714141110191e+03
1.91291574777386995e+03
1.91546936906923656e+03
2.10238969520630781e+03
2.10632038026094233e+03
2.10872842888353625e+03
2.11224113021229277e+03
2.11460008849267615e+03
2.26445897610556858e+03
2.26839119308087538e+03
2.27137530624193460e+03
2.27366107807694789e+03
2.27537941197126929e+03
2.45310051069698966e+03
2.45673260060504981e+03
2.45992391316969588e+03
2.46203720240923576e+03
2.46374135765552637e+03
2.46919793617732648e+03
2.65413419399960549e+03
2.65716062467241136e+03
2.65934086573959939e+03
2.66414935421846167e+03
2.66670363533246564e+03
2.81703462360485719e+03
2.81886679785288288e+03
2.82181879964468681e+03
2.82407534013665281e+03
2.82892581857875484e+03
3.00620157623849082e+03
3.01012689806624985e+03
3.01307282040588325e+03
3.01505420391337975e+03
3.01725572158782597e+03
3.20711621038916928e+03
3.20948576451591362e+03
3.21178554363718285e+03
3.21397010897824657e+03
3.21661388513612474e+03
3.36954772963583673e+03
3.37216325172316283e+03
3.37432406991215248e+03
3.37741879574971244e+03
3.38005228009625716e+03
3.55683548102361965e+03
3.56078205544057710e+03
3.56290832504304126e+03
3.56518749798933277e+03
3.56875937700937357e+03
3.75810733582032117e+03
3.76108573517598415e+03
3.76334912066863762e+03
3.92212256289537618e+03
3.92514529646503797e+03
3.92863675989012700e+03
3.93158232652208972e+03
4.10934526677898248e+03
4.11224122795959556e+03
4.11599425008577236e+03
4.11835734179322753e+03
4.12053447365164902e+03
4.30930025966977701e+03
4.31151851044566138e+03
4.31447807113377348e+03
4.31669873244124756e+03
4.47293535565921047e+03
4.47545996680222015e+03
4.47800253633594548e+03
4.48199189538781502e+03
4.66184023343333683e+03
4.66424876866426348e+03
4.66791110577731888e+03
4.67244017840637389e+03
4.85780289340953459e+03
4.86091348275569180e+03
4.86400557228906109e+03
4.86637519928564870e+03
5.02057761533196754e+03
5.02527987027055497e+03
5.02774294895121420e+03
5.03024826910736738e+03
5.21563499378220149e+03
5.21815653784650203e+03
5.22075606659503683e+03
5.40516224436434277e+03
5.40858305530818325e+03
5.41220177481113205e+03
5.41615032645906467e+03
