0.00000000000000000e+00
3.95603003761061700e+00
2.54267322201631032e+01
3.11919495169131551e+01
3.74115580184152350e+01
4.40496111089523765e+01
4.43344513769261539e+01
8.09939616094197845e+01
8.43863843556173379e+01
8.56769291138116387e+01
9.36136594504132518e+01
9.55032616471362417e+01
1.24801790199162497e+02
1.34318115904454316e+02
1.57185364370219759e+02
1.87579697452849359e+02
1.89796900496716262e+02
2.07339400758137344e+02
2.22388666045742866e+02
2.52061683864136285e+02
2.98430145293437818e+02
3.06480893207066401e+02
3.13272507160778332e+02
3.21962140495314088e+02
3.32241835955886927e+02
3.38956082430799142e+02
3.43147799318998295e+02
3.87044783027267840e+02
4.10968833211743913e+02
4.49287965202274790e+02
4.87017895874130772e+02
4.88023431010115019e+02
4.96554945990741544e+02
4.99909753908126731e+02
5.04317113424120180e+02
5.13634556165729009e+02
5.18799462131137261e+02
5.42690045485171140e+02
5.56046899891225621e+02
5.57466043324107886e+02
5.67327888249586977e+02
5.72733325801629690e+02
5.77241947403570521e+02
6.80489843154195114e+02
7.05594956980858115e+02
7.07108985544655297e+02
7.13641147897280462e+02
7.19586227292988042e+02
7.33608343738196709e+02
7.36547246600377548e+02
8.83400170965011057e+02
8.85389486343548924e+02
8.91369116922920512e+02
8.95193416113550484e+02
8.97510912434932834e+02
9.00235072759161994e+02
9.03010660755004210e+02
9.09786115204500675e+02
9.22399637427057314e+02
1.04953527833485714e+03
1.05462220411872840e+03
1.05903822981268604e+03
1.06030929973262391e+03
1.06276912476658617e+03
1.06396907089672459e+03
1.06667458882998471e+03
1.11515469895198476e+03
1.15071201376429235e+03
1.15422792012841819e+03
1.15561012145259883e+03
1.16003086308889760e+03
1.16463149301870726e+03
1.16582683078268747e+03
1.17219016734840261e+03
1.26344216729093023e+03
1.34562791432927042e+03
1.34825571877519542e+03
1.35151752233948355e+03
1.35510362223940319e+03
1.35861509214113903e+03
1.36359779047102347e+03
1.36575432598850603e+03
1.45131350993551314e+03
1.55026729983579571e+03
1.55525196242328821e+03
1.55662405773174396e+03
1.55992818805860588e+03
1.56214465622352873e+03
1.56548187484835216e+03
1.60533830631113960e+03
1.70983262814307091e+03
1.71222413050229807e+03
1.71439509167957294e+03
1.71678673436643294e+03
1.71918077408972749e+03
1.72443682773102773e+03
1.89824597615055245e+03
1.90390493987625814e+03
1.90753548591965227e+03
1.91099023622531240e+03
1.91375713958104461e+03
1.91525419641850749e+03
2.10003974540330091e+03
2.10539603289249499e+03
2.11001596567377419e+03
2.11377995567071775e+03
2.26087209285454446e+03
2.26401432044491230e+03
2.26771038411889458e+03
2.26951340462150256e+03
2.27433200568487518e+03
2.27680394386793341e+03
2.45238567079715722e+03
2.45749336279349518e+03
2.46291085751399078e+03
2.46620342994647217e+03
2.65392201983092673e+03
2.65592404057508975e+03
2.65973963365726377e+03
2.66507273094866832e+03
2.82002966993956943e+03
2.82285630012026377e+03
2.82595230960226763e+03
2.82845418526849244e+03
3.00708602699185576e+03
3.01291361040296761e+03
3.01480325893702684e+03
3.01736023541610484e+03
3.01952740842924686e+03
3.20390880747955089e+03
3.20584533036543871e+03
3.21002966795250541e+03
3.21306512315364671e+03
3.21647648634156940e+03
3.37000243199152465e+03
3.37282408536804724e+03
3.37581630885398044e+03
3.37990747057047702e+03
3.56246485388074507e+03
3.56633427637844579e+03
3.56868580547534657e+03
3.57096096592042886e+03
3.75518390494488995e+03
3.75742068724999990e+03
3.75972123745660792e+03
3.76241219931685919e+03
3.76493721890704910e+03
3.92033129201563133e+03
3.92586618078584434e+03
3.92961740185042436e+03
3.93226805481941847e+03
4.11296505680411792e+03
4.11562363954184548e+03
4.11806537047229358e+03
4.12096570989159954e+03
4.30433741476597788e+03
4.30880562342448684e+03
4.31114990767800191e+03
4.31411748581916618e+03
4.31695365425391356e+03
4.47342822964835796e+03
4.47760962109523098e+03
4.48005460892257543e+03
4.48258530726589379e+03
4.66510930158272095e+03
4.66894999023795390e+03
4.67182622762310348e+03
4.67484229555601632e+03
4.85797388207892800e+03
4.86272149148694734e+03
4.86529279964911257e+03
5.02456498003695742e+03
5.02738566292653559e+03
5.03167789895773603e+03
5.21036766299208102e+03
5.21638067116391903e+03
5.22005529178419238e+03
5.22282634332965972e+03
5.40856337180518312e+03
5.41144588970725454e+03
5.41655863674492866e+03
