0.00000000000000000e+00
2.36590521155667375e+01
2.55208652557485038e+01
4.65950257286094711e+01
4.91451648970614769e+01
5.90719909836843726e+01
5.93383246920784586e+01
6.88044806229299866e+01
7.02180893803015351e+01
9.05760624270697008e+01
1.01038052749274357e+02
1.11900136605123407e+02
1.15605893070271122e+02
1.35688652720295067e+02
1.61367465412447928e+02
1.89519019271436264e+02
2.00460621183978219e+02
2.18262271891246201e+02
2.60921394042117754e+02
2.65130276641488308e+02
2.90352299080543162e+02
3.08311942030188220e+02
3.13089067796725431e+02
3.24563768687155971e+02
3.39750262713962002e+02
3.77752754507084319e+02
3.89411949293513317e+02
4.14618029417179059e+02
4.19456224348512478e+02
4.92656387235190778e+02
4.96920336518465774e+02
5.01518858783994801e+02
5.06556227494809718e+02
5.11940080992171715e+02
5.14002724799436692e+02
5.23482958652399248e+02
5.31363538240650087e+02
5.37206205517650233e+02
5.50572898870661447e+02
5.54629491269071877e+02
5.56440416145902418e+02
5.62498632041366363e+02
5.66350024599523749e+02
5.68278563622981892e+02
5.74917349862873380e+02
5.76537978470936650e+02
5.81637343274313025e+02
6.98723469000200566e+02
6.99740065074554877e+02
7.04929687123534677e+02
7.09175538239374873e+02
7.12537919698748738e+02
7.23210682807948615e+02
7.29111184532652260e+02
7.34173781759061967e+02
7.35754512769839494e+02
8.73459980318264570e+02
8.82349167490094260e+02
8.89461944558912364e+02
8.93374717287464591e+02
8.99937336343959032e+02
9.08875850924399856e+02
9.18300868035941676e+02
9.26161536569445161e+02
1.04612630381268536e+03
1.05079812742066861e+03
1.05230044626655581e+03
1.06031669502511068e+03
1.06180847122004343e+03
1.06426826679246733e+03
1.11088680794279207e+03
1.15277083489161305e+03
1.15657823219567217e+03
1.15834809801159281e+03
1.15994493899621739e+03
1.16211496994271874e+03
1.16456176413234789e+03
1.16644388471737329e+03
1.25695502111531096e+03
1.34496844608704851e+03
1.35131156788121734e+03
1.35721051047326910e+03
1.35984400860051392e+03
1.36112942968714924e+03
1.36502460943047481e+03
1.44022621637285192e+03
1.55895235504965967e+03
1.56244536581528519e+03
1.56509714007712319e+03
1.56861723838445323e+03
1.60952656071766251e+03
1.71249265175764594e+03
1.71617499312135624e+03
1.71791326284204843e+03
1.71957319942633330e+03
1.72330285415288381e+03
1.90163024847412453e+03
1.90395169313286897e+03
1.90625808231010888e+03
1.90811194168258953e+03
1.91290144809310732e+03
1.91455189546396286e+03
1.91891449718568765e+03
2.10133734285659011e+03
2.10349563085553382e+03
2.10658504629884555e+03
2.11021036829350487e+03
2.11239104160220450e+03
2.11419155009504175e+03
2.26429950970862410e+03
2.26899270684156363e+03
2.27137339880145737e+03
2.27341041232483985e+03
2.27593567970319418e+03
2.45551289784019900e+03
2.45854844754529768e+03
2.46124505790623516e+03
2.46412038594690239e+03
2.46588799104053760e+03
2.46899453002604423e+03
2.65247603343525407e+03
2.65426371346417000e+03
2.65870032573829667e+03
2.66179651297140663e+03
2.66587446342059411e+03
2.81628673176556913e+03
2.81976405634888943e+03
2.82406190716765559e+03
2.82743932440799108e+03
3.00589033752827527e+03
3.00836309895697923e+03
3.01066908390333992e+03
3.01326491279948095e+03
3.01557934135443793e+03
3.01943424543493893e+03
3.20586216015792161e+03
3.21047321330812701e+03
3.21244665543443989e+03
3.21589654669595620e+03
3.36837954176689527e+03
3.37285309691245493e+03
3.37549858371673326e+03
3.37758185683388001e+03
3.38006706448802288e+03
3.56030238728415861e+03
3.56249654331725469e+03
3.56648613586120337e+03
3.56976279990464536e+03
3.75531531459974940e+03
3.75872506029838405e+03
3.76202353725882858e+03
3.76455095436725969e+03
3.92157366623372945e+03
3.92376782773378363e+03
3.92643356790333928e+03
3.92954323456293787e+03
4.11188017925940949e+03
4.11468124706437811e+03
4.11693862651331438e+03
4.11942834891902748e+03
4.12165931078647554e+03
4.30722404308289697e+03
4.31036982278516371e+03
4.31403643850511435e+03
4.31684369711263571e+03
4.47143116597456537e+03
4.47426612675325305e+03
4.47696662048901635e+03
4.47929749981246277e+03
4.48334492448742822e+03
4.66322973312610702e+03
4.66761719006447674e+03
4.67065791030143737e+03
4.67300634011527291e+03
4.85867911593023746e+03
4.86157888288737740e+03
4.86428300996746111e+03
5.02271901436769986e+03
5.02709262561376818e+03
5.02993342496126570e+03
5.03357455830860999e+03
5.21533164659559407e+03
5.21779205780974007e+03
5.22180104883588501e+03
5.40754244384820049e+03
5.41040547336719465e+03
5.41335630715748266e+03
5.41671073379453446e+03
