5.27285192084610088e+00
7.85854622871304542e+00
1.00080331245890939e+01
1.11664300066439637e+01
1.33578662025979593e+01
1.43292993200554726e+01
1.52300490865197329e+01
1.66955212695947530e+01
1.73749481098594600e+01
1.81780418758186499e+01
2.00647416961565810e+01
2.09240906487415828e+01
2.09240906487415828e+01
2.20820543164319041e+01
2.26836916426847601e+01
2.53262841559401295e+01
2.54916678108057972e+01
2.56713874251105203e+01
2.57913564742989010e+01
2.74912978852271408e+01
2.78758878769550797e+01
2.85015273954058408e+01
2.92351226974762568e+01
3.04229915166567011e+01
3.06759417270993637e+01
3.13703042433632788e+01
3.20382636587073151e+01
3.36059629673567954e+01
3.37546832961132566e+01
3.37546832961132566e+01
3.45548595482977845e+01
3.58604474569220599e+01
3.61753831092827340e+01
3.65118153370184331e+01
3.73862432894301691e+01
3.76776030700219309e+01
3.91411993289185531e+01
3.92434309217693809e+01
3.96051352591533288e+01
4.04111836865060781e+01
4.04111836865060781e+01
4.04998569099348771e+01
4.18418651353423670e+01
4.26075887514602911e+01
4.30147754706648300e+01
4.33202384012700463e+01
4.47451948532705757e+01
4.53563049489683934e+01
4.61429590700799253e+01
4.69459110605753835e+01
4.70909070936837395e+01
4.76174441564523363e+01
4.77532607858259226e+01
4.79667295850120823e+01
4.79667295850120823e+01
4.82208301344778434e+01
4.84698301725729976e+01
4.97405039625191918e+01
4.98792266847484314e+01
5.01950504161150803e+01
5.09576289642958216e+01
5.20897343217008810e+01
5.26073018607007228e+01
5.33689114185009288e+01
5.42462037017190895e+01
5.43470010578061675e+01
5.46938662105020157e+01
5.50774996967621320e+01
5.54120340337226196e+01
5.57648017103622493e+01
5.58386252015114408e+01
5.61263198775807695e+01
5.70834177432531931e+01
5.75915126676020819e+01
5.78770117924938035e+01
5.80582583504198908e+01
5.87529957859639325e+01
5.94622603536230088e+01
6.04529953567682128e+01
6.12993207101988418e+01
6.12993207101988418e+01
6.15045372131909573e+01
6.20107762694700426e+01
6.22918485649729377e+01
6.22918485649729377e+01
6.25713683124400148e+01
6.37450262592352033e+01
6.43526709878093186e+01
6.45025026688843468e+01
6.46498183551841947e+01
6.49681755554290135e+01
6.49681755554290135e+01
6.54129937884203798e+01
6.60734997252921517e+01
6.61746054356622722e+01
6.66056738380385838e+01
6.74904333411744659e+01
6.79520117482192916e+01
6.94141421595102059e+01
6.99876446634829108e+01
6.99876446634829108e+01
6.99876446634829108e+01
7.07196440162650504e+01
7.08383369730348278e+01
7.09250392222054842e+01
7.15572904159545118e+01
7.16822094146023119e+01
7.20837684340886540e+01
7.24264664528435560e+01
7.34934837866786523e+01
7.35819527497532135e+01
7.40123596068438161e+01
7.41829102586133615e+01
7.41829102586133615e+01
7.45031407406517303e+01
7.48634613253073269e+01
7.54998939783816780e+01
7.58349868751302552e+01
7.60759387153892277e+01
7.61888490257497892e+01
7.79800856670567839e+01
7.79800856670567839e+01
7.83537750088109135e+01
7.85889051603215734e+01
7.93688955398689018e+01
7.93688955398689018e+01
7.95379134496919562e+01
7.96127597783552972e+01
7.97165909162025912e+01
8.02842742630889603e+01
8.04275256689280695e+01
8.12380140388524552e+01
8.18235308790299030e+01
8.23988869936580812e+01
8.25870045324523119e+01
8.27251516118571146e+01
8.32075571589718663e+01
8.43887791560260325e+01
8.44706178567818995e+01
8.46603326733268915e+01
8.48428873751431354e+01
8.50916903335143076e+01
8.55718672972163859e+01
8.55718672972163859e+01
8.57406508473035416e+01
8.60988132191316140e+01
8.65159799379687087e+01
8.72619283646814665e+01
8.73377651306402498e+01
8.79093829180055906e+01
8.79093829180055906e+01
8.82830934265005851e+01
8.83747630266234978e+01
8.90395566277779409e+01
8.93985707102245613e+01
8.94791021893096996e+01
9.03858496441803254e+01
9.13459512295260367e+01
9.18132621856942990e+01
9.18772288557538417e+01
9.19496485123094800e+01
9.21805284795962621e+01
9.24830158514318157e+01
9.26539497056107564e+01
9.38125994519392776e+01
9.42701421202391998e+01
9.49223295529824611e+01
9.51149707231111847e+01
9.52674791391442426e+01
9.53368324394154172e+01
9.54479472852375181e+01
9.56658584992792811e+01
9.56658584992792811e+01
9.60313547724267238e+01
9.63148014342933578e+01
9.63949292119991981e+01
9.69775007555784612e+01
9.70861277040673940e+01
9.72324490147294824e+01
9.75842575706948168e+01
9.76749301342550353e+01
9.78727136544853664e+01
9.90105270693481998e+01
9.92364362985797612e+01
1.00144499571723600e+02
1.00360243039029314e+02
1.00569865030296825e+02
1.00698017541979439e+02
1.01254409084693080e+02
1.01704440211696237e+02
1.01799569703566604e+02
1.02029259973564464e+02
1.02434849159917917e+02
1.02818276448434673e+02
1.03148710836793995e+02
1.03286328604849444e+02
1.04366987693079565e+02
1.04366987693079565e+02
1.04481948083316638e+02
1.04544761663355516e+02
1.05382854782982960e+02
1.05484230415464438e+02
1.06428451128736882e+02
1.06786171119763154e+02
1.06786171119763154e+02
1.06858645557332480e+02
1.06858645557332480e+02
1.07284657886178195e+02
1.07539389990924676e+02
1.07539389990924676e+02
1.07634555008546883e+02
1.07939903470802619e+02
1.07939903470802619e+02
1.08570077930161887e+02
1.09275557354201922e+02
1.09588031279779926e+02
1.09983331212250036e+02
1.10141711526877799e+02
1.10141711526877799e+02
1.10427509520983762e+02
1.11990518403120475e+02
1.12067441393780200e+02
1.12067441393780200e+02
1.12272608411742553e+02
1.12865773040235197e+02
1.12914372070189884e+02
1.13115057808037619e+02
1.13678595981368957e+02
1.14229734973136402e+02
1.14443087620402963e+02
1.14443087620402963e+02
1.14443087620402963e+02
1.14626109729861483e+02
1.15169475991548964e+02
1.15339964463738625e+02
1.15927476615375724e+02
1.16393439235295901e+02
1.16903194039532437e+02
1.17267787494586642e+02
1.17384397588135073e+02
1.17922935115794601e+02
1.18137401595350696e+02
1.18269250469279442e+02
1.18269250469279442e+02
1.18867030971156765e+02
1.18867030971156765e+02
1.18867030971156765e+02
1.19332542089203045e+02
1.19428441094615224e+02
1.19643719639553893e+02
1.19994656884685085e+02
1.20113473903229433e+02
1.20207714837025264e+02
1.20207714837025264e+02
1.20261861827754714e+02
1.20610760241788000e+02
1.20934524267215593e+02
1.21756082641460438e+02
1.22287548737244876e+02
1.23041517996700165e+02
1.23526969082498326e+02
1.23726598912135216e+02
1.23849441251185794e+02
1.24385884819421278e+02
1.24385884819421278e+02
1.24385884819421278e+02
1.25059076380657004e+02
1.25138139821105042e+02
1.25383327243578478e+02
1.25914134453925001e+02
1.26523451401883847e+02
1.26673335620230560e+02
1.26673335620230560e+02
1.26840905968496500e+02
1.27024262646705481e+02
1.27099513322731198e+02
1.28321508992885896e+02
1.29415725078237301e+02
1.29592166190463047e+02
1.29941772783039255e+02
1.30136310207771629e+02
1.30325345077894553e+02
1.30800794512364803e+02
1.30897020604486670e+02
1.30897020604486670e+02
1.30956387650987381e+02
1.31046051552898007e+02
1.31497341624228284e+02
1.31497341624228284e+02
1.31497341624228284e+02
1.31592646704584524e+02
1.31808632688783689e+02
1.31946827211047832e+02
1.32106844074614912e+02
1.32166550222644076e+02
1.33150512000864410e+02
1.33284401371623801e+02
1.33635158662446656e+02
1.33716128263790893e+02
1.33949104924115602e+02
1.34095035491510089e+02
1.34624671379453218e+02
1.34684651203202804e+02
1.34684651203202804e+02
1.34995822785583869e+02
1.35144581089867017e+02
1.35426375114973808e+02
1.35476399737708306e+02
1.36291995117884369e+02
1.36505146937049091e+02
1.36635269806558227e+02
1.37117102390906155e+02
1.37266894091974706e+02
1.37473541032426965e+02
1.37907174305313617e+02
1.38666366934304392e+02
1.38784365962999459e+02
1.38897290694516244e+02
1.39430629840439849e+02
1.40030740461882147e+02
1.40030740461882147e+02
1.40656796220507459e+02
1.41378088044042954e+02
1.41632049489389942e+02
1.41632049489389942e+02
1.41852329467611014e+02
1.42098506537042823e+02
1.42286387044109119e+02
1.42286387044109119e+02
1.42286387044109119e+02
1.43072144014078276e+02
1.43959319467856886e+02
1.44096504610185491e+02
1.44372713620228865e+02
1.44561054326269073e+02
1.44602667626787706e+02
1.44656407706646519e+02
1.44752293065355246e+02
1.44752293065355246e+02
1.44887036812388288e+02
1.44887036812388288e+02
1.45102006610177682e+02
1.45102006610177682e+02
1.45211639469918396e+02
1.45538257043794374e+02
1.46015535561820485e+02
1.46401591914970027e+02
1.46515566039964028e+02
1.46934615500768018e+02
1.47012013678534856e+02
1.47056946380246814e+02
1.47162619472216932e+02
1.48126529013274364e+02
1.48168359988316354e+02
1.48540893384377426e+02
1.48637319368781050e+02
1.48958602529700471e+02
1.49339142973322680e+02
1.49588828823974524e+02
1.51216014793578978e+02
1.51296533773200792e+02
1.51858555924978020e+02
1.51926096738717092e+02
1.52406698693077885e+02
1.52667749409142573e+02
1.52735971237471915e+02
1.52735971237471915e+02
1.52891477363045908e+02
1.53543672451850426e+02
1.53619144575673033e+02
1.53773003224692616e+02
1.53773003224692616e+02
1.54034639098507512e+02
1.54034639098507512e+02
1.54289404488989618e+02
1.54372304466680589e+02
1.54372304466680589e+02
1.54988498079880827e+02
1.55158841043382893e+02
1.55379239845665495e+02
1.55770918578498481e+02
1.56017162128103877e+02
1.56170584842658656e+02
1.56461264745211878e+02
1.56506415022440876e+02
1.56730908660594594e+02
1.56816993531361021e+02
1.57020823845779120e+02
1.57076173207209791e+02
1.58008912668127010e+02
1.58008912668127010e+02
1.58008912668127010e+02
1.58510081967965647e+02
1.58600667750008256e+02
1.58600667750008256e+02
1.58721804658595971e+02
1.58857615362194394e+02
1.58857615362194394e+02
1.59553230058276085e+02
1.60100081831449813e+02
1.60141771425590662e+02
1.60649298911303930e+02
1.60696554421378750e+02
1.60963992271109333e+02
1.61257854263040883e+02
1.61426770564017602e+02
1.61426770564017602e+02
1.61426770564017602e+02
1.61481831622907038e+02
1.62586207352353426e+02
1.63269035749036306e+02
1.63814417738478141e+02
1.64214256130669327e+02
1.64317488365200830e+02
1.64317488365200830e+02
1.65456284315047725e+02
1.65570521822373479e+02
1.65744439968243029e+02
1.65808995381333716e+02
1.65888559495105056e+02
1.66104806822408307e+02
1.66255591785909985e+02
1.66748164667883458e+02
1.66912421191549555e+02
1.66989500430198063e+02
1.67052168317453209e+02
1.67153944686357136e+02
1.67403354690035599e+02
1.67548714615063972e+02
1.67621385707294564e+02
1.67820884552232712e+02
1.68096097157298686e+02
1.68348264188717906e+02
1.68626411888675563e+02
1.68866381342388536e+02
1.69147810460309245e+02
1.69147810460309245e+02
1.69645210091336367e+02
1.69761460785317610e+02
1.70200986831281739e+02
1.70683974369022110e+02
1.70756648921862137e+02
1.71123464272149477e+02
1.71123464272149477e+02
1.72278355888997623e+02
1.72391247630129669e+02
1.72861223712881610e+02
1.73051201428144338e+02
1.73051201428144338e+02
1.73156383720434150e+02
1.73237902385863975e+02
1.73314040009967329e+02
1.73447046337149231e+02
1.73447046337149231e+02
1.73627619065720296e+02
1.73885016925492891e+02
1.73962977195768104e+02
1.74128314939415048e+02
1.74597344380273739e+02
1.74667005521257522e+02
1.74703040486578772e+02
1.75501306742885390e+02
1.75544200291281697e+02
1.75579642879098515e+02
1.76332390754819926e+02
1.76375435598965396e+02
1.76507622804695529e+02
1.76507622804695529e+02
1.77690338654034832e+02
1.77748389936316045e+02
1.77837610649132898e+02
1.77995614462870861e+02
1.78126880439172197e+02
1.78364708817271776e+02
1.78804518631736471e+02
1.78900385664535776e+02
1.79094998042857810e+02
1.79094998042857810e+02
1.79188198098874494e+02
1.79262522365975173e+02
1.79565904014364321e+02
1.79941734993779505e+02
1.80047535349559951e+02
1.80382157342834205e+02
1.80615221801651728e+02
1.80811623235379614e+02
1.80983434160185595e+02
1.81146838115977687e+02
1.81410080442478403e+02
1.81490838047058645e+02
1.81903192417412953e+02
1.81903192417412953e+02
1.82018898350191563e+02
1.83050565703038245e+02
1.83151887951403637e+02
1.83239228681985196e+02
1.83654652690229284e+02
1.83739083780373647e+02
1.83979562795866627e+02
1.84409140598395879e+02
1.84540878039585351e+02
1.84540878039585351e+02
1.85145525952159915e+02
1.85810681329915553e+02
1.85915914853133188e+02
1.86199904693806047e+02
1.86397860292379647e+02
1.86643956734052409e+02
1.86865470497267012e+02
1.87440215251611590e+02
1.87511453737861245e+02
1.87511453737861245e+02
1.87742598753857067e+02
1.88103583192757213e+02
1.88103583192757213e+02
1.88178260498729827e+02
1.88224237360124960e+02
1.88411573709261290e+02
1.88536688467557667e+02
1.88779017007313996e+02
1.88886460688699998e+02
1.89161676055203714e+02
1.89323948035913361e+02
1.89493489354161227e+02
1.90306420938726916e+02
1.90306420938726916e+02
1.90385124473806229e+02
1.90599774817944507e+02
1.90775106867563068e+02
1.91629710045975628e+02
1.91629710045975628e+02
1.91706510481257226e+02
1.92070392163836203e+02
1.92231006828947443e+02
1.92231006828947443e+02
1.92605353218134127e+02
1.92605353218134127e+02
1.92729768116449009e+02
1.92867497051174837e+02
1.92960089815109313e+02
1.93557108232632572e+02
1.93557108232632572e+02
1.93610239653894098e+02
1.93929284378408113e+02
1.94173853491749696e+02
1.94478910843006958e+02
1.94574214431003270e+02
1.94783256753651614e+02
1.94823280222471908e+02
1.95313067758790027e+02
1.95313067758790027e+02
1.95977821800553500e+02
1.96314230777378640e+02
1.96550299978116527e+02
1.96793948467781604e+02
1.96957476752368109e+02
1.97349693155545992e+02
1.97405549757197207e+02
1.97445457103231490e+02
1.97927433348748792e+02
1.98330141940936386e+02
1.98451468736793885e+02
1.98775972425164952e+02
1.98822990907189990e+02
1.98873066786277121e+02
1.99372183251639200e+02
1.99572255823171474e+02
2.00250770138500087e+02
2.00648208700276570e+02
2.00808696849726914e+02
2.01066783321051986e+02
2.01567098442373208e+02
2.01567098442373208e+02
2.01923626976236875e+02
2.01982662390518499e+02
2.01982662390518499e+02
2.02164507672263852e+02
2.02275970413629835e+02
2.02587510759436242e+02
2.02776893351984398e+02
2.02899130538443387e+02
2.03310203968251557e+02
2.03370763512000394e+02
2.03445525462983682e+02
2.03527029293841991e+02
2.03605172175676046e+02
2.03773742142178918e+02
2.03773742142178918e+02
2.03773742142178918e+02
2.03818687791692355e+02
2.03818687791692355e+02
2.03876571119758466e+02
2.05240683072370388e+02
2.05240683072370388e+02
2.05575544263043014e+02
2.05649270977030909e+02
2.05791015019835498e+02
2.05791015019835498e+02
2.05791015019835498e+02
2.06547555985041726e+02
2.06617954836553992e+02
2.06786231800595601e+02
2.06901189940086709e+02
2.06975261462789035e+02
2.07052043271429113e+02
2.07810537751716481e+02
2.08204927547333000e+02
2.08204927547333000e+02
2.08251395307941266e+02
2.08626243648457972e+02
2.08626243648457972e+02
2.08730781458343358e+02
2.08819061911553490e+02
2.08874065166067908e+02
2.09119985371629326e+02
2.09291351171427266e+02
2.09420722979983026e+02
2.09671451215517834e+02
2.10710412148294893e+02
2.10898146338086008e+02
2.11343715146748394e+02
2.11891678024485401e+02
2.12075960732906907e+02
2.12247893462702109e+02
2.12362936699768653e+02
2.12362936699768653e+02
2.12535142971971169e+02
2.12644032561857898e+02
2.12911448576856088e+02
2.12968060179901499e+02
2.13224315818011007e+02
2.13663830732380632e+02
2.13913037735985199e+02
2.14820710416843610e+02
2.14820710416843610e+02
2.15264976488915408e+02
2.15324049705310813e+02
2.15324049705310813e+02
2.15616930082428837e+02
2.15844741228483173e+02
2.16077550411969725e+02
2.16294395593929920e+02
2.16545960329419700e+02
2.16578100164668768e+02
2.16663711188908593e+02
2.16874940415923106e+02
2.16992720394082710e+02
2.17196258804776903e+02
2.17272278571805572e+02
2.17491274030877037e+02
2.17575352545359067e+02
2.17670911191717153e+02
2.17790643959011987e+02
2.18068459935067040e+02
2.18409181770677293e+02
2.18480456990350348e+02
2.19156188584052813e+02
2.19447805396381909e+02
2.19633024686358226e+02
2.19854616846520372e+02
2.19944516773450090e+02
2.20004452918612628e+02
2.20004452918612628e+02
2.20004452918612628e+02
2.20004452918612628e+02
2.20004452918612628e+02
2.20004452918612628e+02
2.20153428066257959e+02
2.20189554812122509e+02
2.20328215471591250e+02
2.20489991941653443e+02
2.20926309298212317e+02
2.21967824810590571e+02
2.22063137363647229e+02
2.22063137363647229e+02
2.22483811273483724e+02
2.22880110357713761e+02
2.22880110357713761e+02
2.23350372820756490e+02
2.23527847845132300e+02
2.23569792030615190e+02
2.23648288851641666e+02
2.23708684196702876e+02
2.24202109874238829e+02
2.24555512491642503e+02
2.24829116790923081e+02
2.25025385334393206e+02
2.25291191638847806e+02
2.25358553139151809e+02
2.25553894279720765e+02
2.25553894279720765e+02
2.25603203679848207e+02
2.25913078647608472e+02
2.26545816443543686e+02
2.26583666202310013e+02
2.27195954219765611e+02
2.27536313635267277e+02
2.27536313635267277e+02
2.27809421732647991e+02
2.27857269329674892e+02
2.28171679374558323e+02
2.28171679374558323e+02
2.28244266326325828e+02
2.28356624947726004e+02
2.29081049939924441e+02
2.29200644704444869e+02
2.29242885765258450e+02
2.29486155271639717e+02
2.29529277558613387e+02
2.29690603598006788e+02
2.30134635425668648e+02
2.30269008436141320e+02
2.30300173358286088e+02
2.30553778390261726e+02
2.30718640857799869e+02
2.31301053086564792e+02
2.31400228024834291e+02
2.31508518242773505e+02
2.31557911602892432e+02
2.31631179163899873e+02
2.31631179163899873e+02
2.31721346455133698e+02
2.32161213604593684e+02
2.32632802967858993e+02
2.32947811903878289e+02
2.33123464084123725e+02
2.33394239095680604e+02
2.33927324686064281e+02
2.34093454621012398e+02
2.34216021532313988e+02
2.34292271269091970e+02
2.34292271269091970e+02
2.34381724602282958e+02
2.34693970815305562e+02
2.34693970815305562e+02
2.34693970815305562e+02
2.34817952147054115e+02
2.35441387285545488e+02
2.35495709755711687e+02
2.35647020828327555e+02
2.35896561949804095e+02
2.36538905043732854e+02
2.36803992233521967e+02
2.36803992233521967e+02
2.36871727448041497e+02
2.36871727448041497e+02
2.36921328383704292e+02
2.37213183640308500e+02
2.37253282332275091e+02
2.37774921344001370e+02
2.37865698838939721e+02
2.38255136624599231e+02
2.38714183171583187e+02
2.38843907543589239e+02
2.38921150977560558e+02
2.39419515299097213e+02
2.39591060031650869e+02
2.39682957613573365e+02
2.39760573057378849e+02
2.39798045541143154e+02
2.40205976932950080e+02
2.40317313362247404e+02
2.40373637922757609e+02
2.40644633452459004e+02
2.40994128973401189e+02
2.41054398736052832e+02
2.41096562733155992e+02
2.41096562733155992e+02
2.41300322521141709e+02
2.41391418725984067e+02
2.41449201657928029e+02
2.41667146486622272e+02
2.41667146486622272e+02
2.41667146486622272e+02
2.42066991613293254e+02
2.42682137724931238e+02
2.43059865266747636e+02
2.43134316220350087e+02
2.43206392892633403e+02
2.43759052379654406e+02
2.43759052379654406e+02
2.43759052379654406e+02
2.43826980356686505e+02
2.44081197179887027e+02
2.44188996809648955e+02
2.44398351662142232e+02
2.44664457534390692e+02
2.44816905385882194e+02
2.45393974128452157e+02
2.45644100015478813e+02
2.45824887866227726e+02
2.46268509284401318e+02
2.46548614252131074e+02
2.46548614252131074e+02
2.46612189469343434e+02
2.46805369919656812e+02
2.46805369919656812e+02
2.47052391074765438e+02
2.47128650615350466e+02
2.47306797833087444e+02
2.47852627121604598e+02
2.47929882088550301e+02
2.48110156286670133e+02
2.48792183875852885e+02
2.48843191431916438e+02
2.48945269755362006e+02
2.49201934523527370e+02
2.49240418732871689e+02
2.49395949742567524e+02
2.49557063277245163e+02
2.49842000685791106e+02
2.49920136524786187e+02
2.49981698323288867e+02
2.49981698323288867e+02
2.50172883005290203e+02
2.50289951726515653e+02
2.50481699164380899e+02
2.51498347784363432e+02
2.51537351148930838e+02
2.52267218679381557e+02
2.52461811096521586e+02
2.52461811096521586e+02
2.53477909505794912e+02
2.53837182312969787e+02
2.54204243854788103e+02
2.54204243854788103e+02
2.54204243854788103e+02
2.54321354639168646e+02
2.54321354639168646e+02
2.54321354639168646e+02
2.54321354639168646e+02
2.54394544442355311e+02
2.54559416335182362e+02
2.54559416335182362e+02
2.54615022127250484e+02
2.54659814162112013e+02
2.54743281312207074e+02
2.54929600435222994e+02
2.55149927611793828e+02
2.55228339027660155e+02
2.55415110644564123e+02
2.55465793071235595e+02
2.55831772753507266e+02
2.55869934904939328e+02
2.56378047080575925e+02
2.56408184789837833e+02
2.56408184789837833e+02
2.56599132014948282e+02
2.56665213306216060e+02
2.56899510119559523e+02
2.56972606774185294e+02
2.57260157018880420e+02
2.57591301742167218e+02
2.57640759093284373e+02
2.57640759093284373e+02
2.58111930655018000e+02
2.58350810821190180e+02
2.58759364999815944e+02
2.58759364999815944e+02
2.58886881396722629e+02
2.58921613078645464e+02
2.59173576161797371e+02
2.59653479959608944e+02
2.59691743755736752e+02
2.59749408978789177e+02
2.60387514896047833e+02
2.60620425691909304e+02
2.60686456386660439e+02
2.60821344277816138e+02
2.61253121647713954e+02
2.61329260897865765e+02
2.61329260897865765e+02
2.61413271627496897e+02
2.61536145709366110e+02
2.62158164351095934e+02
2.62225862719107624e+02
2.62899439325682806e+02
2.63117040070543624e+02
2.63153344309380486e+02
2.63373168935259514e+02
2.63593582127164098e+02
2.64034363359867768e+02
2.64207730476328493e+02
2.64271606189676220e+02
2.64452361814161577e+02
2.64697390950529268e+02
2.64697390950529268e+02
2.64752984510582564e+02
2.64752984510582564e+02
2.64908248558681294e+02
2.64972642528522385e+02
2.65061862599316498e+02
2.65247282940791138e+02
2.65335474111273697e+02
2.66062134701512321e+02
2.66216548584208681e+02
2.66314493629087281e+02
2.66314493629087281e+02
2.66409672490093499e+02
2.66556399584120413e+02
2.67145579405790386e+02
2.67292172306755219e+02
2.67533133554250298e+02
2.67737570384668743e+02
2.67863575879222140e+02
2.67863575879222140e+02
2.67934531001081666e+02
2.67934531001081666e+02
2.68212999085318131e+02
2.68869780519164351e+02
2.68906865237284080e+02
2.69481781897734095e+02
2.69481781897734095e+02
2.69631467609083984e+02
2.69631467609083984e+02
2.70259182333926390e+02
2.70980851936671343e+02
2.71067370174802534e+02
2.71201550790632723e+02
2.71255825644711933e+02
2.71329816467313890e+02
2.71329816467313890e+02
2.71436985434097721e+02
2.71609221037123689e+02
2.71658771563086532e+02
2.71716617502249335e+02
2.71716617502249335e+02
2.71887100255941505e+02
2.71964262536199612e+02
2.72206317096505870e+02
2.72206317096505870e+02
2.72396214640530559e+02
2.72396214640530559e+02
2.72775827458862352e+02
2.73094844462928677e+02
2.73159473454480064e+02
2.73232727066569794e+02
2.73232727066569794e+02
2.73729481087575891e+02
2.73779207247589682e+02
2.74173773800192976e+02
2.74173773800192976e+02
2.74301213234316435e+02
2.74660175877905033e+02
2.74660175877905033e+02
2.74687781917939844e+02
2.74687781917939844e+02
2.74990868333167214e+02
2.75274381015718461e+02
2.75693467536969308e+02
2.75759364315855805e+02
2.75872979598568122e+02
2.76239203290028740e+02
2.76335508325830801e+02
2.76653964762552505e+02
2.76726930398828074e+02
2.77513554243769761e+02
2.77705908402824264e+02
2.77976228100680260e+02
2.78056916084130251e+02
2.78414806423542018e+02
2.78471274928236312e+02
2.79063087314478025e+02
2.79595915784746694e+02
2.79595915784746694e+02
2.79595915784746694e+02
2.79682339754706163e+02
2.79866575289579600e+02
2.79866575289579600e+02
2.79939031960467446e+02
2.80174580811412852e+02
2.80218145032401310e+02
2.80773455345067362e+02
2.80773455345067362e+02
2.80856759416735656e+02
2.80904642249404901e+02
2.81100410539657446e+02
2.81222600369119618e+02
2.81414545801941017e+02
2.81729588963358822e+02
2.82204872425001213e+02
2.82261914161127891e+02
2.82585274381388217e+02
2.82888229590077344e+02
2.82974779357324337e+02
2.83018285847843515e+02
2.83018285847843515e+02
2.83089544121160657e+02
2.83191319827944824e+02
2.83191319827944824e+02
2.83500569651295621e+02
2.83500569651295621e+02
2.84241934956715113e+02
2.84473346136426017e+02
2.84521761559411118e+02
2.84884189847235348e+02
2.84996842801382172e+02
2.84996842801382172e+02
2.85131782589932868e+02
2.85200610134014937e+02
2.85299800881984936e+02
2.85299800881984936e+02
2.85582191212078726e+02
2.85649239775473291e+02
2.85704406609630098e+02
2.85812241527829030e+02
2.86128013135414108e+02
2.86703206616334114e+02
2.86752898544479592e+02
2.87190708103058000e+02
2.87589806477541117e+02
2.87650050517035197e+02
2.87650050517035197e+02
2.87749119391668273e+02
2.88098397578678600e+02
2.88528886754340874e+02
2.88806173361514652e+02
2.88806173361514652e+02
2.88965856864621799e+02
2.89199840063348176e+02
2.89469519715219690e+02
2.89676349107698798e+02
2.89978279636421234e+02
2.90023369459452226e+02
2.90315140524726303e+02
2.90346506345527303e+02
2.90410315288217816e+02
2.90506764124858023e+02
2.90630298206888142e+02
2.90630298206888142e+02
2.90810587901988981e+02
2.90810587901988981e+02
2.91066992374236747e+02
2.91066992374236747e+02
2.91066992374236747e+02
2.91066992374236747e+02
2.91066992374236747e+02
2.91538538834319695e+02
2.91538538834319695e+02
2.91731248044435574e+02
2.91790163398714412e+02
2.92437876687541973e+02
2.92518566873122836e+02
2.92518566873122836e+02
2.92679938618076221e+02
2.92754132977046424e+02
2.92929145559458220e+02
2.93593225993280214e+02
2.94389431494084477e+02
2.94472142643358211e+02
2.94901166263799098e+02
2.95055550776341192e+02
2.95222744230430294e+02
2.95313585226957457e+02
2.95313585226957457e+02
2.95313585226957457e+02
2.95367546353233024e+02
2.95663890333993834e+02
2.95716448612254453e+02
2.95961931866842235e+02
2.96270708051636575e+02
2.96340399396377109e+02
2.96767575583902612e+02
2.97109461995200377e+02
2.97165987113013728e+02
2.97412300964124540e+02
2.97412300964124540e+02
2.97440858430471224e+02
2.97525887673813259e+02
2.97627527729095789e+02
2.97627527729095789e+02
2.97730533309245459e+02
2.98054866118606185e+02
2.98536314850755502e+02
2.98733586094998884e+02
2.98733586094998884e+02
2.99145447348863343e+02
2.99328292265716527e+02
2.99610660365460603e+02
2.99610660365460603e+02
2.99976447905862074e+02
3.00321868611915079e+02
3.00553342415044597e+02
3.00553342415044597e+02
3.00553342415044597e+02
3.00593254126839213e+02
3.00630897158800565e+02
3.00669430280367578e+02
3.00807789700939054e+02
3.00842301314208726e+02
3.01113055793768183e+02
3.01113055793768183e+02
3.01226364843443378e+02
3.01593301593682099e+02
3.01905470435073539e+02
3.02182974271015325e+02
3.02301558116654121e+02
3.02607190269848900e+02
3.02877052329985304e+02
3.03157263143495697e+02
3.03338427645553338e+02
3.03550253429844815e+02
3.03816375074068844e+02
3.04020404537480999e+02
3.04203547271987190e+02
3.04203547271987190e+02
3.04256439599745136e+02
3.04385368355889341e+02
3.04641959266940546e+02
3.04692130218839452e+02
3.04723944419751547e+02
3.04798912944665403e+02
3.04798912944665403e+02
3.05553098330174748e+02
3.05910959914281932e+02
3.06203141176947383e+02
3.06203141176947383e+02
3.06369948636000800e+02
3.06563199918310943e+02
3.06707393182797432e+02
3.06857781458463080e+02
3.07001388557001803e+02
3.07366694662940631e+02
3.07398593082944615e+02
3.07570235105615780e+02
3.07570235105615780e+02
3.07676796903603474e+02
3.07807890477689625e+02
3.08080212870549587e+02
3.08122699590006334e+02
3.08122699590006334e+02
3.08187337034601740e+02
3.08456797126741321e+02
3.08456797126741321e+02
3.08783529615658722e+02
3.09417818402294870e+02
3.09466598181142444e+02
3.09793534275970103e+02
3.10018701781791890e+02
3.10018701781791890e+02
3.10135492386571855e+02
3.10337985179343150e+02
3.10337985179343150e+02
3.10545694289640664e+02
3.10851516796963836e+02
3.11626752624160815e+02
3.11681961559668139e+02
3.12074095386365229e+02
3.12428004352359494e+02
3.12740047604212748e+02
3.12867697364757987e+02
3.12915126007366609e+02
3.12915126007366609e+02
3.12915126007366609e+02
3.13005876429666671e+02
3.13005876429666671e+02
3.13187959772756869e+02
3.13478332406079744e+02
3.13667601825213524e+02
3.13885242254540572e+02
3.13945317059917841e+02
3.13990236361468305e+02
3.13990236361468305e+02
3.14427278573946865e+02
3.14525581580379367e+02
3.14643339227177592e+02
3.14643339227177592e+02
3.14767953492930417e+02
3.14767953492930417e+02
3.15041418544429689e+02
3.15041418544429689e+02
3.15228760305317849e+02
3.15355161436306105e+02
3.15570738355029221e+02
3.15600326303175052e+02
3.15721681009015526e+02
3.16060827628229731e+02
3.16345699609051223e+02
3.16412972647015863e+02
3.16960867010724314e+02
3.17499007422449552e+02
3.17745498736299623e+02
3.17835827599577669e+02
3.17835827599577669e+02
3.17873167990361935e+02
3.17948032418044647e+02
3.18133575470274423e+02
3.18276491549749892e+02
3.18543898203519120e+02
3.18661332569263834e+02
3.18740911013357618e+02
3.18886901886943974e+02
3.18927450662014962e+02
3.19242829907064845e+02
3.19443423816519214e+02
3.19609220813382990e+02
3.19609220813382990e+02
3.19609220813382990e+02
3.20021932857178456e+02
3.20137551532856492e+02
3.20210358031835142e+02
3.20551434645500194e+02
3.20621536734881147e+02
3.21046244590874210e+02
3.21275692249028964e+02
3.21384229538864929e+02
3.21384229538864929e+02
3.21415169229359606e+02
3.21715396544897033e+02
3.21811130244659012e+02
3.22365998019215851e+02
3.22434321217171714e+02
3.22476950389084664e+02
3.22679083752427687e+02
3.22729147566537335e+02
3.23087299892143051e+02
3.23451695743828964e+02
3.23451695743828964e+02
3.23706069093384826e+02
3.23790841869939243e+02
3.23884915218730839e+02
3.23947480470407584e+02
3.24246690343530474e+02
3.24369064776857783e+02
3.24511341233458324e+02
3.24890472202277010e+02
3.24890472202277010e+02
3.24890472202277010e+02
3.25605338989009226e+02
3.25605338989009226e+02
3.25727107786546071e+02
3.25753227451016528e+02
3.25790524342303343e+02
3.25822256486034178e+02
3.25872305024341188e+02
3.26045766802014043e+02
3.26430053594446122e+02
3.26430053594446122e+02
3.26514516518756579e+02
3.26579327818673789e+02
3.26738825784838809e+02
3.27087959448206220e+02
3.27168736638031532e+02
3.27839012855168789e+02
3.27905917598864335e+02
3.27991639249315313e+02
3.28222575102308497e+02
3.28679040438147069e+02
3.29117423440740083e+02
3.29207629762357953e+02
3.29207629762357953e+02
3.29426165468632860e+02
3.29426165468632860e+02
3.29832062312323728e+02
3.29832062312323728e+02
3.30218618750519909e+02
3.30218618750519909e+02
3.31016663776745872e+02
3.31016663776745872e+02
3.31047113183457725e+02
3.31047113183457725e+02
3.31078869004262401e+02
3.31128777853215070e+02
3.31234883950602011e+02
3.31286403032004216e+02
3.31541911918245660e+02
3.31541911918245660e+02
3.31801859384929628e+02
3.31951219360649304e+02
3.31951219360649304e+02
3.32769091053511033e+02
3.32769091053511033e+02
3.32933462497444282e+02
3.33153160332720802e+02
3.33210785889449596e+02
3.33408522526997672e+02
3.33449720357732645e+02
3.33475082412214022e+02
3.33701656045533809e+02
3.33770825234352913e+02
3.33847099437634597e+02
3.34045791419331408e+02
3.34228840988737431e+02
3.34259229357072684e+02
3.34286393753943685e+02
3.34500095033907883e+02
3.34563070959395588e+02
3.34707582368143051e+02
3.34754179894474532e+02
3.34853086413572726e+02
3.34970396809365127e+02
3.35013671556213467e+02
3.35178456970289290e+02
3.35178456970289290e+02
3.35332991453149816e+02
3.36153468860299540e+02
3.36864794199260132e+02
3.37077069283757908e+02
3.37129781440985880e+02
3.37239259383928072e+02
3.37239259383928072e+02
3.37295209905132538e+02
3.37359792702202469e+02
3.37463855701577302e+02
3.37463855701577302e+02
3.37534202550893497e+02
3.37580520479277141e+02
3.37923178471183462e+02
3.37957611385861696e+02
3.37983160394149877e+02
3.38391197442389284e+02
3.38674352952971105e+02
3.38777260489367620e+02
3.39197846040441505e+02
3.39197846040441505e+02
3.39241752213470022e+02
3.39405248457063919e+02
3.39783057087984503e+02
3.40212104145961689e+02
3.40212104145961689e+02
3.40212104145961689e+02
3.40777550223604521e+02
3.40964267766200635e+02
3.40993671206033014e+02
3.41435051012307326e+02
3.42206101884824250e+02
3.42388360101030344e+02
3.42559357579315588e+02
3.43095107448981992e+02
3.43262434137432138e+02
3.43365268897162082e+02
3.43564793523399715e+02
3.43632758443910632e+02
3.43919792014794837e+02
3.43919792014794837e+02
3.44016447919083305e+02
3.44084073061074548e+02
3.44122254330907140e+02
3.44122254330907140e+02
3.44255761295290540e+02
3.44255761295290540e+02
3.44302906305629620e+02
3.44718647221267133e+02
3.44774490885570629e+02
3.44914273118568531e+02
3.44914273118568531e+02
3.45034023400436183e+02
3.45146100773585033e+02
3.45256559768382033e+02
3.45375700199333437e+02
3.45402563212661221e+02
3.45740557512084479e+02
3.45740557512084479e+02
3.45961536446171010e+02
3.46331906247944005e+02
3.46396130918557844e+02
3.46529229106447019e+02
3.46529229106447019e+02
3.46593188773028828e+02
3.46593188773028828e+02
3.46807275212746219e+02
3.47289878917125520e+02
3.47289878917125520e+02
3.47389896649107300e+02
3.47772398713486496e+02
3.47960222862646901e+02
3.47960222862646901e+02
3.48314101497288107e+02
3.48401946324633116e+02
3.48765466921322741e+02
3.48765466921322741e+02
3.49045794548199694e+02
3.49094120791855744e+02
3.49466225637418006e+02
3.49466225637418006e+02
3.49764054009391316e+02
3.49764054009391316e+02
3.49963982553434960e+02
3.50001871128275695e+02
3.50058495385584877e+02
3.50252903303962739e+02
3.50252903303962739e+02
3.50707420962219601e+02
3.50707420962219601e+02
3.50793103684479775e+02
3.51176232467781460e+02
3.51203273654784311e+02
3.51333730031450159e+02
3.51463980857484046e+02
3.51798299875213900e+02
3.51911821249227899e+02
3.52119439364837604e+02
3.52234649055445743e+02
3.52276121754024643e+02
3.52276121754024643e+02
3.52506212909736860e+02
3.52675688722418499e+02
3.53096460400349372e+02
3.53148308008020535e+02
3.53148308008020535e+02
3.53581701636629248e+02
3.53890039253146256e+02
3.53977263806244082e+02
3.54070394563533000e+02
3.54126518851498645e+02
3.54169458763251896e+02
3.54169458763251896e+02
3.54235558393594374e+02
3.54365130523681842e+02
3.54440569538177613e+02
3.54505381473418993e+02
3.54505381473418993e+02
3.54660057739706417e+02
3.54884933297443240e+02
3.55220104713464877e+02
3.55220104713464877e+02
3.55684040060014354e+02
3.55757304874079864e+02
3.55954034678605922e+02
3.56075884525847357e+02
3.56146175871298851e+02
3.56289996939745492e+02
3.56289996939745492e+02
3.56524124354395781e+02
3.56941467640350538e+02
3.57004178331468893e+02
3.57514935075504980e+02
3.57654704442082902e+02
3.57654704442082902e+02
3.57749512263010502e+02
3.57777009265875677e+02
3.57990718844586524e+02
3.58364212648847626e+02
3.58752674308562575e+02
3.58820039504259739e+02
3.58854409041980148e+02
3.59140753201463326e+02
3.59263516591209225e+02
3.59427808255067589e+02
3.59878007549488416e+02
3.59973382375918732e+02
3.60112603290933862e+02
3.60334048595282411e+02
3.61171776827404528e+02
3.61171776827404528e+02
3.61408376911714981e+02
3.61408376911714981e+02
3.61564481032881190e+02
3.61564481032881190e+02
3.61982841901644520e+02
3.62133657051031491e+02
3.62799427590541654e+02
3.63069067309378966e+02
3.63097701709169769e+02
3.63247547739595291e+02
3.63372026450693227e+02
3.63704090108204582e+02
3.64236072694708980e+02
3.64236072694708980e+02
3.64429572425297920e+02
3.64429572425297920e+02
3.64543907297782539e+02
3.64655723173568504e+02
3.64655723173568504e+02
3.64655723173568504e+02
3.64687505406119385e+02
3.64757682605359605e+02
3.64783045140727495e+02
3.65033924480587302e+02
3.65165717124221942e+02
3.65165717124221942e+02
3.65279134232185413e+02
3.65279134232185413e+02
3.65648579816966105e+02
3.65733478583586020e+02
3.66005057382992732e+02
3.66046666692627923e+02
3.66046666692627923e+02
3.66148505973156546e+02
3.66198563493385677e+02
3.66379493583208273e+02
3.66894998096795007e+02
3.67173266033234313e+02
3.67173266033234313e+02
3.67228075732060688e+02
3.67228075732060688e+02
3.67228075732060688e+02
3.67601312811097785e+02
3.67601312811097785e+02
3.68001134765919176e+02
3.68179869939046739e+02
3.68295975918317936e+02
3.68400325435802586e+02
3.68630327958625799e+02
3.68764366532241354e+02
3.68942768488103809e+02
3.69064577075449279e+02
3.69318972348774992e+02
3.69424440285455205e+02
3.69519694540354408e+02
3.69519694540354408e+02
3.69558349175426997e+02
3.69628249156979678e+02
3.69656254680651500e+02
3.69730198103257067e+02
3.70242007039815803e+02
3.70748688893437929e+02
3.70853986687387476e+02
3.70975351166671203e+02
3.71282598280092827e+02
3.71282598280092827e+02
3.71599928200091654e+02
3.71749917871449895e+02
3.71749917871449895e+02
3.71806784288973120e+02
3.71806784288973120e+02
3.71859011799208588e+02
3.71889063800267195e+02
3.72244047968024063e+02
3.72296482783550005e+02
3.72403597780222185e+02
3.72520974430349781e+02
3.72520974430349781e+02
3.72655323879395894e+02
3.73304974096478418e+02
3.73304974096478418e+02
3.73396075184371114e+02
3.73786495358132015e+02
3.73852021884969872e+02
3.73852021884969872e+02
3.74014772544122081e+02
3.74251057449353084e+02
3.74476512635487211e+02
3.74476512635487211e+02
3.74547205282333266e+02
3.74835197638280476e+02
3.74983867187709848e+02
3.75223128027980977e+02
3.75339540851031700e+02
3.75824610944805613e+02
3.75901285959971688e+02
3.75934947953823894e+02
3.76037271168833797e+02
3.76065082603307701e+02
3.76347745169481300e+02
3.76675654394582580e+02
3.76762367023846650e+02
3.76762367023846650e+02
3.76942567987008772e+02
3.76942567987008772e+02
3.76975893214086852e+02
3.77043981658097266e+02
3.77043981658097266e+02
3.77114858548474956e+02
3.77168831186280613e+02
3.77168831186280613e+02
3.77558092325166740e+02
3.77738619673600454e+02
3.77960321259808779e+02
3.77989110564472412e+02
3.78317093803402088e+02
3.78422574866430011e+02
3.79423339475057503e+02
3.79466501712554020e+02
3.79466501712554020e+02
3.79500414240848272e+02
3.79677604749515012e+02
3.79731447667837358e+02
3.79731447667837358e+02
3.79796977903402308e+02
3.79796977903402308e+02
3.80765764393161135e+02
3.80823276252743199e+02
3.81312714291536508e+02
3.81559109960234309e+02
3.81640325263346426e+02
3.81926073193431080e+02
3.82427314146692822e+02
3.82537138776785014e+02
3.82537138776785014e+02
3.82537138776785014e+02
3.82708020598840903e+02
3.82708020598840903e+02
3.82708020598840903e+02
3.82749597775971381e+02
3.82883877899306185e+02
3.83200459731774913e+02
3.83200459731774913e+02
3.83245340197848293e+02
3.83337393675633507e+02
3.83626885436947532e+02
3.83737346348032247e+02
3.83993430832528873e+02
3.84165378213628003e+02
3.84165378213628003e+02
3.84352557384530314e+02
3.84833209408287757e+02
3.85002899201183766e+02
3.85181008379856905e+02
3.85386140437181325e+02
3.85411335802540862e+02
3.86008390701306894e+02
3.86109349189205773e+02
3.86200032484396957e+02
3.86239920176953945e+02
3.86239920176953945e+02
3.86239920176953945e+02
3.86353869682084280e+02
3.86383429335595793e+02
3.86383429335595793e+02
3.86577885126112506e+02
3.86807216649219072e+02
3.86904207255126778e+02
3.86943434583466797e+02
3.87853058705949366e+02
3.88154885444556328e+02
3.88192955398559093e+02
3.88192955398559093e+02
3.88514298204094473e+02
3.88514298204094473e+02
3.88740977706526905e+02
3.88787713691606200e+02
3.88819667732278333e+02
3.89239045968279811e+02
3.89303446607426167e+02
3.89385909842158014e+02
3.89385909842158014e+02
3.89756056286733724e+02
3.89796985248694455e+02
3.89796985248694455e+02
3.89850149393667834e+02
3.90412104824781522e+02
3.90885192250756404e+02
3.90939622453240645e+02
3.90939622453240645e+02
3.90992943127938020e+02
3.90992943127938020e+02
3.90992943127938020e+02
3.91288208585196116e+02
3.91340172323012553e+02
3.91340172323012553e+02
3.91377508958182773e+02
3.91446042464506718e+02
3.92033807742618990e+02
3.92139631707081435e+02
3.92139631707081435e+02
3.92383889270972986e+02
3.92618413048857121e+02
3.92618413048857121e+02
3.92811728123535829e+02
3.92923401559334309e+02
3.92923401559334309e+02
3.93058872127180507e+02
3.93058872127180507e+02
3.93173412057488633e+02
3.93289329404436501e+02
3.93368312763608401e+02
3.93503972190284912e+02
3.93533312973458692e+02
3.93607874392148688e+02
3.93939903374396408e+02
3.94418280251511476e+02
3.94672437066378677e+02
3.94944651553327446e+02
3.95006371147228492e+02
3.95071849509011201e+02
3.95156321317258858e+02
3.95156321317258858e+02
3.95156321317258858e+02
3.95196198453109218e+02
3.95337884892177613e+02
3.95586612271241620e+02
3.96040468873412692e+02
3.96089966854282011e+02
3.96231795967398227e+02
3.96322271836867515e+02
3.96415781429685126e+02
3.96527970057528591e+02
3.96527970057528591e+02
3.96527970057528591e+02
3.96527970057528591e+02
3.96610275729059197e+02
3.96843793331059658e+02
3.96878737409161090e+02
3.97507987376583344e+02
3.97920556242370083e+02
3.97973432336391284e+02
3.97973432336391284e+02
3.97973432336391284e+02
3.98040993919722496e+02
3.98087595190453101e+02
3.98164750181045861e+02
3.98325194106686240e+02
3.98365820814883591e+02
3.99415165687095225e+02
3.99595647728267693e+02
4.00173633282744731e+02
4.00197793688785509e+02
4.00197793688785509e+02
4.00683104622196879e+02
4.01214343806234524e+02
4.01338133724943191e+02
4.01368590127292180e+02
4.01480828445485486e+02
4.01480828445485486e+02
4.01480828445485486e+02
4.01842491870739877e+02
4.01842491870739877e+02
4.02136405749637504e+02
4.02175128783088326e+02
4.02298558525977796e+02
4.02698424838551318e+02
4.02698424838551318e+02
4.02732899959289057e+02
4.03042416810310897e+02
4.03073600357358998e+02
4.03194772742059513e+02
4.03226660420907592e+02
4.03281133129849991e+02
4.03323532627100803e+02
4.03446860995866928e+02
4.03446860995866928e+02
4.03861569823823118e+02
4.03968369733478312e+02
4.04193488925105271e+02
4.04276860047446974e+02
4.04611925017122076e+02
4.04964413718302012e+02
4.05353344560938694e+02
4.05593668803844480e+02
4.05593668803844480e+02
4.05762887522638096e+02
4.05762887522638096e+02
4.05762887522638096e+02
4.05785776621747118e+02
4.05961517713139301e+02
4.05961517713139301e+02
4.06002691965833606e+02
4.06002691965833606e+02
4.06438577353791914e+02
4.06520642428493431e+02
4.07116535672404495e+02
4.07146212873574655e+02
4.07300701299440902e+02
4.07329279313890083e+02
4.07574950191680614e+02
4.07597339652437256e+02
4.07652584237242195e+02
4.08044168193298219e+02
4.08145863795024809e+02
4.08173698776630999e+02
4.08377408785584066e+02
4.08435407334778404e+02
4.08610250046993087e+02
4.08742491861037308e+02
4.08742491861037308e+02
4.09405395967540016e+02
4.09556523200923039e+02
4.09680852727664956e+02
4.10170908378484455e+02
4.10170908378484455e+02
4.10351340756862612e+02
4.10573192110622017e+02
4.10678132808488158e+02
4.10713144991926242e+02
4.10889571875885224e+02
4.10889571875885224e+02
4.11286546463008676e+02
4.11286546463008676e+02
4.11385465615082126e+02
4.11440926315929914e+02
4.11491237753758867e+02
4.11722843655833401e+02
4.11802673371015999e+02
4.11864244481015191e+02
4.11985249788713588e+02
4.12149987746179193e+02
4.12193221320189764e+02
4.12193221320189764e+02
4.12313746009377724e+02
4.12313746009377724e+02
4.12433630737198200e+02
4.12480559779660211e+02
4.13122217968094674e+02
4.13122217968094674e+02
4.13165663091650288e+02
4.13165663091650288e+02
4.13328578323076783e+02
4.13411798875156023e+02
4.13682420072432819e+02
4.13682420072432819e+02
4.13859299014494297e+02
4.13859299014494297e+02
4.14052142110849502e+02
4.14110885523443415e+02
4.14280534007345523e+02
4.14369402826837813e+02
4.14521907275608100e+02
4.14545421271204191e+02
4.14657742304864939e+02
4.14806871171444641e+02
4.15178879025394792e+02
4.15178879025394792e+02
4.15178879025394792e+02
4.15425407839016486e+02
4.15510604410780616e+02
4.15851980677094332e+02
4.15851980677094332e+02
4.15851980677094332e+02
4.15986059856182806e+02
4.16070581054153820e+02
4.16372982629271576e+02
4.16671124537737512e+02
4.16671124537737512e+02
4.16955197951601974e+02
4.16955197951601974e+02
4.17086553112424895e+02
4.17086553112424895e+02
4.17167477852390505e+02
4.17308154929447994e+02
4.17451331948424411e+02
4.17451331948424411e+02
4.17714409507589494e+02
4.17714409507589494e+02
4.17874454628650426e+02
4.18195523357070897e+02
4.18723295092863680e+02
4.18844020271222234e+02
4.18906341439652408e+02
4.18936726387286910e+02
4.19413142777394114e+02
4.19557786504647197e+02
4.19612226340011318e+02
4.19670277014091994e+02
4.20615826280351541e+02
4.20998604653710288e+02
4.21034310381105172e+02
4.21034310381105172e+02
4.21034310381105172e+02
4.21076858739331215e+02
4.21169085676609768e+02
4.21425685252050414e+02
4.21425685252050414e+02
4.21641454323589755e+02
4.21739839426444405e+02
4.22319051835129812e+02
4.22370784541741784e+02
4.22622319877967925e+02
4.22686584854182456e+02
4.22737632542226720e+02
4.22848500183819624e+02
4.23454377504427839e+02
4.23631997248014613e+02
4.23631997248014613e+02
4.23631997248014613e+02
4.23960716353089310e+02
4.23960716353089310e+02
4.24046516442675284e+02
4.24072728280319780e+02
4.24202715056206557e+02
4.24245984641027917e+02
4.24245984641027917e+02
4.24277850421536016e+02
4.24363651990520225e+02
4.25223156794761621e+02
4.25223156794761621e+02
4.25652779188810882e+02
4.25742135897916228e+02
4.25801234952440268e+02
4.25801234952440268e+02
4.25801234952440268e+02
4.26291307410654667e+02
4.26373106843113987e+02
4.26373106843113987e+02
4.26407792844799133e+02
4.26487187783583124e+02
4.26903580259861997e+02
4.27107570090703348e+02
4.27107570090703348e+02
4.27696500773818173e+02
4.27833065221732909e+02
4.28349252663070615e+02
4.28378085821252398e+02
4.28454220111706320e+02
4.28498912668807407e+02
4.28561575946639834e+02
4.28590541552061495e+02
4.28590541552061495e+02
4.28707061402759450e+02
4.28807883463244252e+02
4.28807883463244252e+02
4.28932336566564004e+02
4.29187628930596475e+02
4.29372225091537416e+02
4.29372225091537416e+02
4.29850733581279826e+02
4.29932548182687697e+02
4.30047336791517978e+02
4.30139288642415124e+02
4.30204690955987530e+02
4.30204690955987530e+02
4.30388753420877379e+02
4.30521469686515616e+02
4.30708482136152725e+02
4.31160754468118171e+02
4.31442712402679206e+02
4.31442712402679206e+02
4.31476878808256401e+02
4.31516302543410688e+02
4.31594264737213848e+02
4.31784517568809576e+02
4.31864240972390121e+02
4.32318253250764997e+02
4.32318253250764997e+02
4.32318253250764997e+02
4.32446282623424054e+02
4.32609042664943217e+02
4.32705664207852408e+02
4.32992409322941512e+02
4.33082070921510535e+02
4.33173507371320625e+02
4.33173507371320625e+02
4.33245262281701173e+02
4.33449124927591356e+02
4.33541703648752787e+02
4.33740451966291175e+02
4.34038825564453703e+02
4.34482261457432969e+02
4.34866207761199462e+02
4.34911019299484337e+02
4.34911019299484337e+02
4.34995111621378385e+02
4.35046696564353397e+02
4.35491280574992800e+02
4.35584588473002952e+02
4.35661407613935921e+02
4.35661407613935921e+02
4.36047130954615341e+02
4.36073097552642480e+02
4.36431718848344815e+02
4.36646917268845527e+02
4.36748346768801014e+02
4.36772561702858013e+02
4.36804030701542899e+02
4.36833758372621787e+02
4.36894005502043626e+02
4.37091479087218715e+02
4.37162210259456685e+02
4.37233158318616688e+02
4.37436874687294733e+02
4.37575439253427817e+02
4.37780443484479122e+02
4.38052995053279119e+02
4.38052995053279119e+02
4.38052995053279119e+02
4.38052995053279119e+02
4.38095975124870506e+02
4.38205527007557748e+02
4.38294996118548170e+02
4.38622727799924007e+02
4.38756441700432561e+02
4.38789387845372175e+02
4.38821175004553481e+02
4.39274214076870862e+02
4.39301298099789676e+02
4.39644135755065122e+02
4.39712373903596074e+02
4.39747730600205045e+02
4.39954083066330099e+02
4.40070427748286647e+02
4.40310236503998453e+02
4.40545215979407772e+02
4.40679918390213800e+02
4.40829701179188021e+02
4.40970959205816598e+02
4.40970959205816598e+02
4.41086096348919341e+02
4.41220854181438483e+02
4.41251103251579480e+02
4.41446281531442878e+02
4.41513510186259111e+02
4.41771115533900172e+02
4.41844533733996059e+02
4.41892962649801404e+02
4.41892962649801404e+02
4.42022025882577282e+02
4.42046525896432001e+02
4.42390496722517355e+02
4.42390496722517355e+02
4.42803090101741589e+02
4.43393376973554325e+02
4.43447906717623994e+02
4.43726433705251225e+02
4.43940051126011667e+02
4.44171885314489998e+02
4.44194147130970009e+02
4.44453167160363705e+02
4.44535101805566399e+02
4.44568160812024018e+02
4.44568160812024018e+02
4.44669003712982089e+02
4.44787797844114095e+02
4.44905627561897120e+02
4.45178019104814382e+02
4.45318471038600876e+02
4.45318471038600876e+02
4.45345547108891537e+02
4.45735858484205437e+02
4.45760167403004175e+02
4.45813077995307196e+02
4.46051982390661522e+02
4.46096643054385140e+02
4.46186377424402167e+02
4.46213319324841279e+02
4.46387539402855282e+02
4.46486478421470110e+02
4.46486478421470110e+02
4.46570772109599204e+02
4.46973008780171710e+02
4.47012909983847919e+02
4.47231511649321419e+02
4.47284508032058454e+02
4.47339389820655526e+02
4.47493642205443223e+02
4.47567009409861214e+02
4.47594483753200677e+02
4.47673983636716002e+02
4.47732576809556406e+02
4.47732576809556406e+02
4.47835153894930386e+02
4.47904318661665513e+02
4.47941200740731574e+02
4.48686098087839355e+02
4.48983063309209001e+02
