3.4234248682690253e+02
3.4272082770432377e+02
3.4367072805370952e+02
3.4417157499144844e+02
3.4446413078611272e+02
3.4514843855360590e+02
3.4604543043289385e+02
3.4671621061915147e+02
3.4749452039256687e+02
3.4895058840110818e+02
3.4938563187447409e+02
3.4991107716840736e+02
3.5061456646191363e+02
3.5319155712427198e+02
3.5384735231151586e+02
3.5456671291732891e+02
3.5616747826561794e+02
3.5743057922167048e+02
3.5977271246070865e+02
3.6228627773859967e+02
3.6325380581516924e+02
3.6386933218807428e+02
3.6463999117475373e+02
