5.27285018702228570e+00
7.85854694017540822e+00
1.00080336757349571e+01
1.11664309256829668e+01
1.33578684599977819e+01
1.43293023570342797e+01
1.52300438412935293e+01
1.66955250101484935e+01
1.73749456550213495e+01
1.81780394792356219e+01
2.00647428091207587e+01
2.09102643827474566e+01
2.09378998748518086e+01
2.20820568615453823e+01
2.26836932446280741e+01
2.53263121146867718e+01
2.54916787993250580e+01
2.56714100520234680e+01
2.57913742916127617e+01
2.74912706415689598e+01
2.78758769956439494e+01
2.85015131271411661e+01
2.92351565671668112e+01
3.04230246175896042e+01
3.06759466492336230e+01
3.13703062145955585e+01
3.20382063425417840e+01
3.36059784275865070e+01
3.37332979496321883e+01
3.37763057126907711e+01
3.45549691026606496e+01
3.58604474988782869e+01
3.61753833168361041e+01
3.65118151790629923e+01
3.73862434094114064e+01
3.76776030608697994e+01
3.91411993178443822e+01
3.92434306823348180e+01
3.96051349522941791e+01
4.03994943954147203e+01
4.04228769053363663e+01
4.04998569486506454e+01
4.18418652692056412e+01
4.26075886048020607e+01
4.30147754781958866e+01
4.33202383756432425e+01
4.47451951368453393e+01
4.53563049235270057e+01
4.61429603431476067e+01
4.69459110642546449e+01
4.70909070991473016e+01
4.76174445364649443e+01
4.77532607679067667e+01
4.79335730539698375e+01
4.79998866142798732e+01
4.82208298904832162e+01
4.84698286916621015e+01
4.97405042496921936e+01
4.98792268956935487e+01
5.01950497225572434e+01
5.09576292289860504e+01
5.20897342280225217e+01
5.26073021045872338e+01
5.33689112392579545e+01
5.42462035161318994e+01
5.43470008907018922e+01
5.46938664896472488e+01
5.50774998729865075e+01
5.54120341903609557e+01
5.57648021335203197e+01
5.58386254859124449e+01
5.61263201910505103e+01
5.70834181035523613e+01
5.75915128226250914e+01
5.78770119782285803e+01
5.80582586707813419e+01
5.87529957080927261e+01
5.94622603855062835e+01
6.04529945524519547e+01
6.12969180868882546e+01
6.15045371177656932e+01
6.20107772277110314e+01
6.22857361914773406e+01
6.25713713010077583e+01
6.37450279028182649e+01
6.43526696428988174e+01
6.45025034285586258e+01
6.46498180391966599e+01
6.49501032301641033e+01
6.49874952747010752e+01
6.54129975852007135e+01
6.60734962327525750e+01
6.61746062787772615e+01
6.66056660979827342e+01
6.74904002481494274e+01
6.79520037220713533e+01
6.94141266885094268e+01
6.99566575321527608e+01
7.00120429386245888e+01
7.07196469023496661e+01
7.08383583108556536e+01
7.09250464229449449e+01
7.15573240170164127e+01
7.16822338385651392e+01
7.20837712000580382e+01
7.24264921552105676e+01
7.34935006612446955e+01
7.35819574988315281e+01
7.40123558446159393e+01
7.41828091327620882e+01
7.45031379045060760e+01
7.48634552300371752e+01
7.54999032640096033e+01
7.58349837450267330e+01
7.60758875730099078e+01
7.61888609538955279e+01
7.79796988349636564e+01
7.83538023997047759e+01
7.85888787745627724e+01
7.93462903979065288e+01
7.93914952531918630e+01
7.95379358521809365e+01
7.96127697189657226e+01
7.97165174930016747e+01
8.02842852781108434e+01
8.04275129404495033e+01
8.12380696633965584e+01
8.18235903735356942e+01
8.23989291958820189e+01
8.25870826090853427e+01
8.27251718798264193e+01
8.32075890988387386e+01
8.43888178965284368e+01
8.44706504673458767e+01
8.46603603936803921e+01
8.48427777818833135e+01
8.50918258180279565e+01
8.55705373652682084e+01
8.57407254412279940e+01
8.60987799432145664e+01
8.65159850657360181e+01
8.72618867225169623e+01
8.73377763351044791e+01
8.78844584508671431e+01
8.79342221703086011e+01
8.82832066662476507e+01
8.83747355483840380e+01
8.90397871351226655e+01
8.93987492431975284e+01
8.94791884444438068e+01
9.03859555609289202e+01
9.13462071614783184e+01
9.18134346555696226e+01
9.18774563346489828e+01
9.19495888330127400e+01
9.21807678133810384e+01
9.24829836024618004e+01
9.26538781918413861e+01
9.38122215078640238e+01
9.42698542548695428e+01
9.49211162265906978e+01
9.51135768432851307e+01
9.52656468740357241e+01
9.53360245483924302e+01
9.54479776965495006e+01
9.56633612109423552e+01
9.60307565376128736e+01
9.63137476834162101e+01
9.63908453110478831e+01
9.69767073413867280e+01
9.70854169622550103e+01
9.72322730798607324e+01
9.75846035487139005e+01
9.76751182163460214e+01
9.78722381319248882e+01
9.90106151898588109e+01
9.92365297430184086e+01
1.00144366755017046e+02
1.00359808372095841e+02
1.00569979371053918e+02
1.00697662127581012e+02
1.01254509587807533e+02
1.01705821829945876e+02
1.01799845144014782e+02
1.02029101925271107e+02
1.02436185973726054e+02
1.02820358465484404e+02
1.03149356146787127e+02
1.03285907339049629e+02
1.04359057335105575e+02
1.04487053055925870e+02
1.04548410013247491e+02
1.05383846016886395e+02
1.05482638062085385e+02
1.06428126966709414e+02
1.06779406501878640e+02
1.06856920305669831e+02
1.07284247769319251e+02
1.07534007977293470e+02
1.07630964530343718e+02
1.07926111148255302e+02
1.08568542275552218e+02
1.09271559323573968e+02
1.09592273073208403e+02
1.09989128087362474e+02
1.10140565866155470e+02
1.10428892448938115e+02
1.11991909132840476e+02
1.12056515172368279e+02
1.12273531830843623e+02
1.12871412253780164e+02
1.13112278260868862e+02
1.13679461016314178e+02
1.14230608309528520e+02
1.14426730435352880e+02
1.14631469449466010e+02
1.15172612920532003e+02
1.15324268114082997e+02
1.15923142990302594e+02
1.16377969151559000e+02
1.16899383929973155e+02
1.17292906175490316e+02
1.17916074939386732e+02
1.18147518398545600e+02
1.18257175145010194e+02
1.18379503705457481e+02
1.18863752885555982e+02
1.19408677951130045e+02
1.19639159310574200e+02
1.19805205527443789e+02
1.19993214567616917e+02
1.20080650296880421e+02
1.20195140694352006e+02
1.20573250992586509e+02
1.20920685394867746e+02
1.21757820505498600e+02
1.22294874821515180e+02
1.23045993691549626e+02
1.23538452148525636e+02
1.23730517356772395e+02
1.23856510882999999e+02
1.24393322688936593e+02
1.25055958923494416e+02
1.25134655253411665e+02
1.25351022124155350e+02
1.25915384859963666e+02
1.26524038792662950e+02
1.26671513895443155e+02
1.26831793786503411e+02
1.27004262418075882e+02
1.27089468532040684e+02
1.28329082747665552e+02
1.29479065289286893e+02
1.29990328225571147e+02
1.30110990804873467e+02
1.30465179472880010e+02
1.30843780955131592e+02
1.30945619119031306e+02
1.31050535418800223e+02
1.31200151196413998e+02
1.31375677742737253e+02
1.31501138198814942e+02
1.31630709732107448e+02
1.31734001485676458e+02
1.31856780632600163e+02
1.32058765477122108e+02
1.33249788854308065e+02
1.33396311989719322e+02
1.33587766320397463e+02
1.33917889016761137e+02
1.34119609353387943e+02
1.34498970376364468e+02
1.34662855239635405e+02
1.34788134127666950e+02
1.35195621098158767e+02
1.35355692790652540e+02
1.35451132213389798e+02
1.36308732651180748e+02
1.36532570474817703e+02
1.36651502777874384e+02
1.37116074935976400e+02
1.37264617804726470e+02
1.37484090310784040e+02
1.37904078565445047e+02
1.38738817682591701e+02
1.38857569594926758e+02
1.40000258805655562e+02
1.40094794595960650e+02
1.40718344321904652e+02
1.41669810329532766e+02
1.41791609066754887e+02
1.41943469648640928e+02
1.42097959603702179e+02
1.42212859636618731e+02
1.42300460031877719e+02
1.42628719828989205e+02
1.44121862183038047e+02
1.44351177031421770e+02
1.44554951149643983e+02
1.44691164113700239e+02
1.44819603696367238e+02
1.45003181367754735e+02
1.45098583844377913e+02
1.45325946639538500e+02
1.45791230257729410e+02
1.46368267975804201e+02
1.46945418086589797e+02
1.47034284571919443e+02
1.47146953221045209e+02
1.47977382893966364e+02
1.48203361516639887e+02
1.48360695974858857e+02
1.48519306845869664e+02
1.48953477736012331e+02
1.49326373614904838e+02
1.49578013047122852e+02
1.51268683378982303e+02
1.51789362166556145e+02
1.51945390887990271e+02
1.52204649852775106e+02
1.52413701227083379e+02
1.52557043472757982e+02
1.52718676351835768e+02
1.52891601941889235e+02
1.53042151375831821e+02
1.53293944774496509e+02
1.53503657439388860e+02
1.53818702284757052e+02
1.53955850167457612e+02
1.54095908528252210e+02
1.54260570886083769e+02
1.54565892747639396e+02
1.55166643279156403e+02
1.55332974186855694e+02
1.55708082436950690e+02
1.56144924014520598e+02
1.56567855009146712e+02
1.56730659588316144e+02
1.56876621528739179e+02
1.57544680974509106e+02
1.57972611028628933e+02
1.58153004573752952e+02
1.58393238273950544e+02
1.58575744772025530e+02
1.58741719839325754e+02
1.59007061300827445e+02
1.59670111646045285e+02
1.59992496495023602e+02
1.60568188069507755e+02
1.60736291409671310e+02
1.60877102737308405e+02
1.61209336486386576e+02
1.61368744975719153e+02
1.61474090128439229e+02
1.62537786155685467e+02
1.63198617467654287e+02
1.63501351537344391e+02
1.63854739009653599e+02
1.64018173640828394e+02
1.64237741551330089e+02
1.64363337434383652e+02
1.65512244751049508e+02
1.65750847324717824e+02
1.66057673695651488e+02
1.66382296443974980e+02
1.66659705254761604e+02
1.66858575217662064e+02
1.67066734288437203e+02
1.67235072445874607e+02
1.67510653845039656e+02
1.67726596104302814e+02
1.68353019407623492e+02
1.68863298864303601e+02
1.69214096301594566e+02
1.69645067975784087e+02
1.69949895329930740e+02
1.70587728220704946e+02
1.70758111458714893e+02
1.71226094054017437e+02
1.72801937740049908e+02
1.72941256810680358e+02
1.73108236943756765e+02
1.73310867100048370e+02
1.73456150096345709e+02
1.73671605168930228e+02
1.73903387710593449e+02
1.74318206384851635e+02
1.74464723368437802e+02
1.74620878093604489e+02
1.74846846777662222e+02
1.75510062986214109e+02
1.75671202869154115e+02
1.75966133283642080e+02
1.76215799634945256e+02
1.76340746846634318e+02
1.76474085723176586e+02
1.77831363967950750e+02
1.77992931023345335e+02
1.78388254110495836e+02
1.78700693394579048e+02
1.78926836853705083e+02
1.79139221576667325e+02
1.79372061145173120e+02
1.79665291240757000e+02
1.79912629110881113e+02
1.80117070915340634e+02
1.80740409693010889e+02
1.80883362538382272e+02
1.81060424897111290e+02
1.81321535037731564e+02
1.81463791598279329e+02
1.81970390628045664e+02
1.82158285746583289e+02
1.82973167719277825e+02
1.83207915270805529e+02
1.83553231835482165e+02
1.83984216302432657e+02
1.84371684374900667e+02
1.84553006094862383e+02
1.84746081036894680e+02
1.86161954601799209e+02
1.86676138345741379e+02
1.86826251667685938e+02
1.86974300541987105e+02
1.87474991833095260e+02
1.87607915765597738e+02
1.87771478173026878e+02
1.87988577069428914e+02
1.88192318567521738e+02
1.88319192986495807e+02
1.88482717298289742e+02
1.88768910477065617e+02
1.88949449850242132e+02
1.89152176901329710e+02
1.89578708850716026e+02
1.89982613402629909e+02
1.90326012925222074e+02
1.90929607699377129e+02
1.91427707913802919e+02
1.91917461052541285e+02
1.92349983604130500e+02
1.92564119396203978e+02
1.92825028320235759e+02
1.92982862157866862e+02
1.93465339699838466e+02
1.93674410380119298e+02
1.93844472080414675e+02
1.94115065655000848e+02
1.94305958180605927e+02
1.95062067238110615e+02
1.96131303529757844e+02
1.96620328778656500e+02
1.96797916249111609e+02
1.97159758018312772e+02
1.97363295937752582e+02
1.97865769978861834e+02
1.98322066366037518e+02
1.98557789133764146e+02
1.98813852684118842e+02
1.99143704744053878e+02
1.99285338348324558e+02
1.99755100563060694e+02
2.00639099362507409e+02
2.00929881508560868e+02
2.01288920155497038e+02
2.01610811994978178e+02
2.01832932348590361e+02
2.02050275816776832e+02
2.02193964858611139e+02
2.02362525446172668e+02
2.02548862773523098e+02
2.02874915016216306e+02
2.03337386025018787e+02
2.03503167256804318e+02
2.03717385104736650e+02
2.03917193654099435e+02
2.05110639079720016e+02
2.05618841725995935e+02
2.06390025235491350e+02
2.06578710080971547e+02
2.06700193751145946e+02
2.06917223891160631e+02
2.07738530904920992e+02
2.07855355265308162e+02
2.08060992675137129e+02
2.08266484386037519e+02
2.08409213658549106e+02
2.08652685411833602e+02
2.08821376664493926e+02
2.09030918060656461e+02
2.09631195091256757e+02
2.10862204336123909e+02
2.11315841239572876e+02
2.11630646352389476e+02
2.12064513912418249e+02
2.12337219584720572e+02
2.12601051992915160e+02
2.12815301622024151e+02
2.13009168863117253e+02
2.13246648294060378e+02
2.14323271379376507e+02
2.15231963088697000e+02
2.15440632736060309e+02
2.15817339730585388e+02
2.16211794206942329e+02
2.16393576320320960e+02
2.16614386431199534e+02
2.16765006821841467e+02
2.16940024538548016e+02
2.17366350672834500e+02
2.17576931504992444e+02
2.17870987895266524e+02
2.18053519855625098e+02
2.19392327873316503e+02
2.19614130269297533e+02
2.19861645471005602e+02
2.20148192544624408e+02
2.20369096364994959e+02
2.20603345107395853e+02
2.21806694955983971e+02
2.22131146466959109e+02
2.22662422109955287e+02
2.22876042175889154e+02
2.23034516548318351e+02
2.23428562602981685e+02
2.23649618706797298e+02
2.24182194826433999e+02
2.24485285843239296e+02
2.24751797420878745e+02
2.25008662670769354e+02
2.25262350706919733e+02
2.25466498279574495e+02
2.25617107499911015e+02
2.26103374938664956e+02
2.26400089398712339e+02
2.27071056386864655e+02
2.27567406727653747e+02
2.27767054149464656e+02
2.28009721324851682e+02
2.28253973842717528e+02
2.28747253461631203e+02
2.29027418552544589e+02
2.29561549900243165e+02
2.29956283986253368e+02
2.30577780599016478e+02
2.30887212665344919e+02
2.31073223680285309e+02
2.31366397796063325e+02
2.31731334321180100e+02
2.32087549239829883e+02
2.33175496704223519e+02
2.34044325238095411e+02
2.34318462365904992e+02
2.34689350737481107e+02
2.34920884581739216e+02
2.35452403893900680e+02
2.36572226497886561e+02
2.36779305266391134e+02
2.36955700748602112e+02
2.37160374423385292e+02
2.37439450254799112e+02
2.37968485906085476e+02
2.38366088865918528e+02
2.38978768060025629e+02
2.39213414895000909e+02
2.39546149121142975e+02
2.39775739283092122e+02
2.39979695346189317e+02
2.40457582802428533e+02
2.41049944367144349e+02
2.41695565852559639e+02
2.41925637493222069e+02
2.42391434822585808e+02
2.42579387497718642e+02
2.42920865270651916e+02
2.43113214037475871e+02
2.43364228878629120e+02
2.43700760715875845e+02
2.44124841411597401e+02
2.44580476223779044e+02
2.46028608919023725e+02
2.46302177811963702e+02
2.46778891790580587e+02
2.46934804208619795e+02
2.47192505499457098e+02
2.47553882110902293e+02
2.47825788350759154e+02
2.48096979583244064e+02
2.48383404582059882e+02
2.48724344189438511e+02
2.48988544384629790e+02
2.49349786495552109e+02
2.49585844156222379e+02
2.49804002486374088e+02
2.50016962958040693e+02
2.50379715169526833e+02
2.50960259024700122e+02
2.51459816055119205e+02
2.52048496516121617e+02
2.53915173701381491e+02
2.54564366376950773e+02
2.54749938914489690e+02
2.55068964491815166e+02
2.55265492288221736e+02
2.55529860313147793e+02
2.55730069992832000e+02
2.55889960520722127e+02
2.56198255567891067e+02
2.56450953345867390e+02
2.56809034648516104e+02
2.57072594009309967e+02
2.57624770549878747e+02
2.59068320369983212e+02
2.59750606186921289e+02
2.59936931319776534e+02
2.60305905387663529e+02
2.60528949156310318e+02
2.60736593345359438e+02
2.61026056801036361e+02
2.61283780586935279e+02
2.61809069152907455e+02
2.62372013930254866e+02
2.62630454376467014e+02
2.62953066727685155e+02
2.63520472639731850e+02
2.63770537152528277e+02
2.64220373777342047e+02
2.64473040784439149e+02
2.64664894584087165e+02
2.64897848568543338e+02
2.65181357251602776e+02
2.67138773124818783e+02
2.67395801883956835e+02
2.67726339142051756e+02
2.67948503852098838e+02
2.68170102029378256e+02
2.68380206731037049e+02
2.68686192531406164e+02
2.69112892725778124e+02
2.69546127832832553e+02
2.69821023983338364e+02
2.70068230956518676e+02
2.70582014203130655e+02
2.71706266736734790e+02
2.72185349525102311e+02
2.72443368937756645e+02
2.72638944851143776e+02
2.72873388172133218e+02
2.73205391517811563e+02
2.73595420621599715e+02
2.73883781846835234e+02
2.74159360964378095e+02
2.74428806997590243e+02
2.74620664544898602e+02
2.74839123274814369e+02
2.75054048615184740e+02
2.75351245426418302e+02
2.75592676555555272e+02
2.75809093789977908e+02
2.76064206350326856e+02
2.76283081872542994e+02
2.76499615422829379e+02
2.77401244585375423e+02
2.79452634937488483e+02
2.79761357780358651e+02
2.80100187903012284e+02
2.80453020093260875e+02
2.80746636016173227e+02
2.81001486964883327e+02
2.81218288631190489e+02
2.81462491941855774e+02
2.81949090664814548e+02
2.82140277436499048e+02
2.82376717948455507e+02
2.82664096233805253e+02
2.85082003636802881e+02
2.85294617238440878e+02
2.85517824381131049e+02
2.85890179896440713e+02
2.86100867737639021e+02
2.86399483781786046e+02
2.86606833464087231e+02
2.86842121959089127e+02
2.87292460833215614e+02
2.87638179523360691e+02
2.87951321613294056e+02
2.88292663966595057e+02
2.88621679128725987e+02
2.88896447206204869e+02
2.89053949652565450e+02
2.89341831944793967e+02
2.89735189994397388e+02
2.90057724735274292e+02
2.90383947938087999e+02
2.90648289250128869e+02
2.91125831200404548e+02
2.91474916432257317e+02
2.92207316737765780e+02
2.92732010739686245e+02
2.93082168454046041e+02
2.93550323682372721e+02
2.94155565975907734e+02
2.94582252495692046e+02
2.94921326927149892e+02
2.95219790190966762e+02
2.95443437551252828e+02
2.96369291918009651e+02
2.96883298262078142e+02
2.97166446302914380e+02
2.97387825897886046e+02
2.97607499101789472e+02
2.97997103267749139e+02
2.98251230373433089e+02
2.98681846311147467e+02
2.98973356785564306e+02
2.99169783889511450e+02
2.99426932830183659e+02
2.99628937242507277e+02
2.99914363809184351e+02
3.00189871783912963e+02
3.00572676724529401e+02
3.00840857681844795e+02
3.01120062229743894e+02
3.01610007704155691e+02
3.01842156845896397e+02
3.02114225319244042e+02
3.02483103837854628e+02
3.04594078548453297e+02
3.04917355141208532e+02
3.05359085118170981e+02
3.05613822623109570e+02
3.05917142020908670e+02
3.06225223383062257e+02
3.06587208845274745e+02
3.06800996935910007e+02
3.07058258481513803e+02
3.07376860200564806e+02
3.07558522816577749e+02
3.07885220677877555e+02
3.09361668407646675e+02
3.09696691497436177e+02
3.10003361083171626e+02
3.10224921067958462e+02
3.10445052226573580e+02
3.11050285160456724e+02
3.11321255640379775e+02
3.11680010074174788e+02
3.11911795884727326e+02
3.12126970858747768e+02
3.12702325004367992e+02
3.13003487731543032e+02
3.13219622190331336e+02
3.13604329167393644e+02
3.13878251399363023e+02
3.14098935679909971e+02
3.14531997577987681e+02
3.14853497780395458e+02
3.15299744464769731e+02
3.16967433978011456e+02
3.17563799443072924e+02
3.17833063445479183e+02
3.18058415962403501e+02
3.18332102697072230e+02
3.18521862867342065e+02
3.18717361953813224e+02
3.18986602616809932e+02
3.19290921233383301e+02
3.19663724449676124e+02
3.20294566293001253e+02
3.20629883632494000e+02
3.21466570664766891e+02
3.21717424774556491e+02
3.22206043104266882e+02
3.22574584414330161e+02
3.22925421695259445e+02
3.23212140343637429e+02
3.23417026951425612e+02
3.23599035845888579e+02
3.23952098391777326e+02
3.24389607699238866e+02
3.24715042627071057e+02
3.24940164788278821e+02
3.25435768005665466e+02
3.25657169568616723e+02
3.25984633971688368e+02
3.26312378976806031e+02
3.26653714790937101e+02
3.27379213346617860e+02
3.29531388948982453e+02
3.30057119784259839e+02
3.30576220652505242e+02
3.30923303746262945e+02
3.31237409235922200e+02
3.31510923268757210e+02
3.31708773921772774e+02
3.31950124949994631e+02
3.32597057412199263e+02
3.32921777946976306e+02
3.33197599908817324e+02
3.33917238428280029e+02
3.34162815661745071e+02
3.34373100465346795e+02
3.34931021229907344e+02
3.35154127033946793e+02
3.35542596469254079e+02
3.35873973125028897e+02
3.36268203936042880e+02
3.36729372537553161e+02
3.36976424127823293e+02
3.37217608656441485e+02
3.37539895142769581e+02
3.37739147961790650e+02
3.38006891626126048e+02
3.38222239924528026e+02
3.38592880492225731e+02
3.38886752730366595e+02
3.39248635958364844e+02
3.39463609704722899e+02
3.42548290648761906e+02
3.43071392749192171e+02
3.43478718126517379e+02
3.44085176202594766e+02
3.44420331412786140e+02
3.44731747199963252e+02
3.45062599191523930e+02
3.45376675197614986e+02
3.47528442756663708e+02
3.48107958157936366e+02
3.48580380238844100e+02
3.48999318726373474e+02
3.49330734863549367e+02
3.49680151917894932e+02
3.49954908341314308e+02
3.50236378213635703e+02
3.50824772650954117e+02
3.51218590763657858e+02
3.51659717238628843e+02
3.51986301899992270e+02
3.52292766307746433e+02
3.54411815482577936e+02
3.54801158794294622e+02
3.55212501325157518e+02
3.55696286667120660e+02
3.56098138094481840e+02
3.56463818357117702e+02
3.56831546370789624e+02
3.57093687880670018e+02
3.57448200831517397e+02
3.59064614667420301e+02
3.59408760264372063e+02
3.59760715867798183e+02
3.60048077784752877e+02
3.60345015164428673e+02
3.60620803060282583e+02
3.61131799939528491e+02
3.61490827395571500e+02
3.61784499741877653e+02
3.62131618964532890e+02
3.62508632020011078e+02
3.63147457520781359e+02
3.63528358563827453e+02
3.63789373514692670e+02
3.64246794148259994e+02
3.64565294915534764e+02
3.64888516766684120e+02
3.65257064658074057e+02
3.65552249609342084e+02
3.65922414889220192e+02
3.66832074771732835e+02
3.67139941220824369e+02
3.67708380346681167e+02
3.68096114656801433e+02
3.68614578125403909e+02
3.68926881118006690e+02
3.69347198873520995e+02
3.70129533103474159e+02
3.70605835516229376e+02
3.70935275383812382e+02
3.71370779187853145e+02
3.71628116594744654e+02
3.71879473257066763e+02
3.72174042567061690e+02
3.72386394030477163e+02
3.72790080586954559e+02
3.73151113140116991e+02
3.73494315974360347e+02
3.73833852548546588e+02
3.74282736864205276e+02
3.74605869330650705e+02
3.74994100641299895e+02
3.75441537846241431e+02
3.75773671550019685e+02
3.76070577889151650e+02
3.76406158729374170e+02
3.76806775735903557e+02
3.77148682871945425e+02
3.79500238079567794e+02
3.79876490958108093e+02
3.80142212415655763e+02
3.80387873437200426e+02
3.80711095561593027e+02
3.81090433288046029e+02
3.81390169820571884e+02
3.81793869638087813e+02
3.82165144355330426e+02
3.82514622143172915e+02
3.82812988862223222e+02
3.83769431058736188e+02
3.85154732855518091e+02
3.85498031754216981e+02
3.85919771739564112e+02
3.86340728927853718e+02
3.86646384341729970e+02
3.87103748047457202e+02
3.87601499926089616e+02
3.88084205402135467e+02
3.88318007614379781e+02
3.88634077477182416e+02
3.89231627976533957e+02
3.89546535440367165e+02
3.89921334242911598e+02
3.90424399617197992e+02
3.91120199481529198e+02
3.91463071382662065e+02
3.91803152214238480e+02
3.92405295290510594e+02
3.92718665794563663e+02
3.93115640999253799e+02
3.93528206868391749e+02
3.94235679820152995e+02
3.94654489181495819e+02
3.94980145939788372e+02
3.95763091677598197e+02
3.96113851639827203e+02
3.96622551905969999e+02
3.97037592176725923e+02
3.97505088180560335e+02
3.97862920809581965e+02
3.98232524289503715e+02
3.98636356768994744e+02
3.98938828131211324e+02
3.99174532883120833e+02
3.99447869123750252e+02
4.00313171520618994e+02
4.00639962905318043e+02
4.00876833713215660e+02
4.01286600205623415e+02
4.01552826581954605e+02
4.01954163709755051e+02
4.02266011538231226e+02
4.02626956977053908e+02
4.03068243526433946e+02
4.03551778336280904e+02
4.03822934492415868e+02
4.04356502876311197e+02
4.04932025451484265e+02
4.05236897360766648e+02
4.05661028727310111e+02
4.05993661694417710e+02
4.06332322972958877e+02
4.06789586995322850e+02
4.07546292458041307e+02
4.08865256592648848e+02
4.09204338131450697e+02
4.09662700507204931e+02
4.10043055146965230e+02
4.10406901724529575e+02
4.10924025931079996e+02
4.11285005170761565e+02
4.11682637511784492e+02
4.12028332165432289e+02
4.12489875068330264e+02
4.12872924716442412e+02
4.13199812333342834e+02
4.13910674647046676e+02
4.14265190537995295e+02
4.14663447254941786e+02
4.15076207511849987e+02
4.15619377618156989e+02
4.16329170174826572e+02
4.16816304780173198e+02
4.17112989590168127e+02
4.17357081275261748e+02
4.17752476827962880e+02
4.18201798908886417e+02
4.18695405781391287e+02
4.20223485142506149e+02
4.20531416665372717e+02
4.20950698233421576e+02
4.21387575606742985e+02
4.21678863728047077e+02
4.22135428382513169e+02
4.22461047674368615e+02
4.22881903319938033e+02
4.23387034740489526e+02
4.23751546167628362e+02
4.24068561296611961e+02
4.24675703382082474e+02
4.25073527728777208e+02
4.25559697026785670e+02
4.25795635948245945e+02
4.26205076209267986e+02
4.26595974983663552e+02
4.27080073075859559e+02
4.27450923298596763e+02
4.27878883386224516e+02
4.28317240374050812e+02
4.28710081239952274e+02
4.29076648420097740e+02
4.29489941513135932e+02
4.30618428029527365e+02
4.31057027807603106e+02
4.31545849055989265e+02
4.32932078730724868e+02
4.33689815059477326e+02
4.34324072292685116e+02
4.34636645993598563e+02
4.35187125654206284e+02
4.35480532712968568e+02
4.36284400718712163e+02
4.36784906753292603e+02
4.37263205410572652e+02
4.37569060224452642e+02
4.37975139445580567e+02
4.38436535558815535e+02
4.38733521947367194e+02
4.39069524731499939e+02
4.39453957072567277e+02
4.39743006857280079e+02
4.40042808270596879e+02
4.40501455893538946e+02
4.40810965533609874e+02
4.41206991957935770e+02
4.41824066982791578e+02
4.42172622879791163e+02
4.42623144823938901e+02
4.42926189181356676e+02
4.43283246405149612e+02
4.43681192198142526e+02
4.43972709610257766e+02
4.44443416927469684e+02
4.44774207256723571e+02
4.45173334621671472e+02
4.45481605921869459e+02
4.45794219678278978e+02
4.46465842009938626e+02
4.46891053074203910e+02
4.47361682309235448e+02
4.47797716464139910e+02
4.48157389744652846e+02
4.48468389811984196e+02
4.48899784071985209e+02
