2.8921578984430670e+02
2.8958035935688775e+02
2.8973398497430878e+02
2.9000809521383877e+02
2.9024500147120341e+02
2.9076156097294961e+02
2.9094579089239465e+02
2.9173530407811955e+02
2.9194744008023179e+02
2.9211797439076594e+02
2.9277843187641798e+02
2.9358827979453775e+02
2.9450633673158251e+02
2.9484720889127317e+02
2.9544754900818077e+02
2.9624291964705026e+02
2.9654069368660737e+02
2.9670397878986341e+02
2.9723151385910006e+02
2.9788799636348386e+02
2.9829743513516638e+02
2.9871225235427119e+02
2.9909835628624336e+02
2.9942086394118411e+02
2.9969275877317494e+02
2.9979089141084290e+02
2.9995899427051734e+02
3.0074790617233356e+02
3.0102206501790300e+02
3.0142897366924836e+02
3.0243852393247801e+02
3.0263660155344570e+02
3.0334481501118660e+02
3.0377644507473337e+02
3.0388896405823294e+02
3.0466852656619989e+02
3.0531846491314246e+02
3.0565207271674376e+02
3.0650507282626080e+02
3.0667415520013304e+02
3.0677294792682443e+02
3.0787243830422676e+02
3.0855328189364997e+02
3.0907272005372289e+02
3.0937384044434413e+02
3.0959550121472489e+02
