1.3303168523415195e+02
1.3314474093799242e+02
1.3350801075983242e+02
1.3360321476221918e+02
1.3382260390880481e+02
1.3395818679596482e+02
1.3449413838638139e+02
1.3456243843737320e+02
1.3487976261051912e+02
1.3501472236215176e+02
1.3530675306665555e+02
1.3535590246099540e+02
1.3615666172284904e+02
1.3638064834103750e+02
1.3650083243420048e+02
1.3698290530291473e+02
1.3714886317832483e+02
1.3734115787071411e+02
1.3778363496390273e+02
1.3852515893892340e+02
1.3864161840790001e+02
1.3876066223697555e+02
1.3929528797106079e+02
1.3987734724911152e+02
1.4052027830615177e+02
1.4124453445148268e+02
1.4148890338619168e+02
1.4151555827050998e+02
1.4170349070289876e+02
1.4196024440969614e+02
1.4214034590654262e+02
1.4292366000591005e+02
1.4380840654554450e+02
1.4394659160353817e+02
1.4423322114304062e+02
1.4442664101945854e+02
1.4445228522974273e+02
1.4451330816627075e+02
1.4458231433875198e+02
1.4471507132297944e+02
1.4475625623290534e+02
1.4494014816767327e+02
1.4496111966433040e+02
1.4504106041119329e+02
1.4540456233377571e+02
1.4586077243144470e+02
1.4625901811301776e+02
1.4636179884328729e+02
