1.2164265066843571e+02
1.2218855606354145e+02
1.2293477066012640e+02
1.2342871302760997e+02
1.2363110558813463e+02
1.2373911942232540e+02
1.2425895926122510e+02
1.2427682067901479e+02
1.2494521978104859e+02
1.2503510437780135e+02
1.2526909295595125e+02
1.2580166364151549e+02
1.2642516390347932e+02
1.2656460202226509e+02
1.2671551881294637e+02
1.2690478385844409e+02
1.2699659363424608e+02
1.2820470465151104e+02
1.2930585180697872e+02
1.2948669669854368e+02
1.2981505975198274e+02
1.3001466145529474e+02
1.3021712849194520e+02
1.3067515097923348e+02
1.3075602980343041e+02
1.3080790346938039e+02
1.3093060963393285e+02
1.3137974978672293e+02
1.3146683599003936e+02
1.3168472033410958e+02
1.3182168552448306e+02
1.3198120701666409e+02
1.3204497153994646e+02
1.3303168313538072e+02
1.3314474222778887e+02
1.3350801268247449e+02
1.3360321363329106e+02
1.3382260387937905e+02
1.3395818586048054e+02
1.3449413985324890e+02
