7.2379050424337692e+01
7.3455209769419810e+01
7.3539376849811575e+01
7.3976418907767567e+01
7.4129964883244455e+01
7.4140419750065405e+01
7.4451836060664434e+01
7.4821405955971599e+01
7.5448371165925224e+01
7.5790454951078644e+01
7.6033717311213110e+01
7.6143852434960891e+01
7.7915777745518554e+01
7.7955074478787964e+01
7.8301920728229092e+01
7.8545091615091863e+01
7.9302551000314594e+01
7.9343230986526564e+01
7.9484024612051783e+01
7.9571097166789514e+01
7.9677624869141511e+01
8.0234993358618766e+01
8.0378145117459468e+01
8.1177879881795775e+01
8.1766126011142958e+01
8.2347557733605512e+01
8.2543259631116996e+01
8.2677922717383268e+01
