2.2513251299889868e+02
2.2516567238093944e+02
2.2549121328462613e+02
2.2614871766652436e+02
2.2676803131857068e+02
2.2710337753531016e+02
2.2712667174051515e+02
2.2742867000878144e+02
2.2774508889772491e+02
2.2781698910776413e+02
2.2792797202203388e+02
2.2866006021645734e+02
2.2876907601616412e+02
2.2881081131456091e+02
2.2904963287203364e+02
2.2911500643337575e+02
2.2925871971246204e+02
2.2968235827037472e+02
2.2982158925689131e+02
2.2987716338130252e+02
2.3010829599582911e+02
2.3029528354865533e+02
2.3088095260716193e+02
2.3097603932199718e+02
2.3105082115106356e+02
2.3111606453252651e+02
2.3119994349702381e+02
2.3128522681745849e+02
2.3172044159902936e+02
2.3217780641003014e+02
2.3249763108400890e+02
2.3268483537955436e+02
2.3293387166259896e+02
2.3346941613810353e+02
2.3361666072649481e+02
2.3374762154092875e+02
2.3382983788127055e+02
2.3393973155294174e+02
2.3419286725377245e+02
2.3426793656279338e+02
2.3501006824268595e+02
2.3517487340720311e+02
2.3543683060121685e+02
2.3604545575479014e+02
2.3632263993541565e+02
2.3637885760082378e+02
2.3643523545031985e+02
2.3674211173978691e+02
2.3679083682732042e+02
2.3730017850736189e+02
2.3737097660081253e+02
2.3779233929051492e+02
2.3823449220751027e+02
2.3837016824653193e+02
2.3895738069269763e+02
2.3910021447559436e+02
2.3921900042665408e+02
2.3933023161491082e+02
2.3974305438791490e+02
2.3987903100520677e+02
2.4013738068443678e+02
2.4048585825805750e+02
2.4056963358945654e+02
2.4062396419506686e+02
2.4082258928473908e+02
2.4091885620333107e+02
2.4118712627471888e+02
2.4156476579828191e+02
2.4218213995950674e+02
2.4253141181029252e+02
2.4262339583918742e+02
2.4268173119278600e+02
2.4333998642288822e+02
