0.00000000000000000e+00
1.27103256976710099e-01
1.51954687964604318e-01
1.52388604837454977e-01
1.52909192771105040e-01
1.53681647435732316e-01
1.54482483206948018e-01
1.82320860233517124e-01
5.27285018702285413e+00
7.85854694017366739e+00
1.00080336757353194e+01
1.11664309256942289e+01
1.33578684599689126e+01
1.43293023570284674e+01
1.52300438413649744e+01
1.66955250101576951e+01
1.73749456550460621e+01
1.81780394791584143e+01
2.00647428091196645e+01
2.09102643826888368e+01
2.09378998748030796e+01
2.20820568613631991e+01
2.26836932446518205e+01
2.53263121127125430e+01
2.54916788012897229e+01
2.56714100519510282e+01
2.57913742917882587e+01
2.74912706402451761e+01
2.78758769959000006e+01
2.85015131271389066e+01
2.92351565670828677e+01
3.04230246173788714e+01
3.06759466490044304e+01
3.13703062144616922e+01
3.20382063428062054e+01
3.36059784276209825e+01
3.37332979499141459e+01
3.37763057123921726e+01
3.45549691022710874e+01
3.58604475017631898e+01
3.61753833184689313e+01
3.65118151865204936e+01
3.73862434519118665e+01
3.75848101616578560e+01
3.76776029478585031e+01
3.91411992703272915e+01
3.92434306601997207e+01
3.96051349353592173e+01
4.03994944398523899e+01
4.04228768942674606e+01
4.04998569381439779e+01
4.18418653098039783e+01
4.26075886008663645e+01
4.30147754737191690e+01
4.33202383762073850e+01
4.44278620728335056e+01
4.47451951311598179e+01
4.53563049246333208e+01
4.61429604942223364e+01
4.69459110898213510e+01
4.70909073587262128e+01
4.76174447401822931e+01
4.77532610741125438e+01
4.79335735242256078e+01
4.79998864355235071e+01
4.82208300222557398e+01
4.84698287051277248e+01
4.97405037854002501e+01
4.98792263208010809e+01
5.01950527297206293e+01
5.09576294629207212e+01
5.12022931930595462e+01
5.20897341954024284e+01
5.25542339599741126e+01
5.26072997491737908e+01
5.33689104971222150e+01
5.42462036113417696e+01
5.43469976184156565e+01
5.46938671995660570e+01
5.50774992699882660e+01
5.54120344008973689e+01
5.57648019645322108e+01
5.58386255912306524e+01
5.61263222255172991e+01
5.70834236991831290e+01
5.75915123408887837e+01
5.78770116444801204e+01
5.80582583448835408e+01
5.87529949390918205e+01
5.94622616889066080e+01
6.04529924972842423e+01
6.12968978207315729e+01
6.15045357657713510e+01
6.20107765063755778e+01
6.22857349189931995e+01
6.25713701477318978e+01
6.37450775907367415e+01
6.43526653269783253e+01
6.45025041595270068e+01
6.46498160861484052e+01
6.49500671579283448e+01
6.49874856413367468e+01
6.54129774183195138e+01
6.60734966688536929e+01
6.61746971775008319e+01
6.66056984671441512e+01
6.74641122613554103e+01
6.74902210997227030e+01
6.79523458486209506e+01
6.86946368612632909e+01
6.94141083411576574e+01
6.99566376176703102e+01
7.00120592572212956e+01
7.07196488803972159e+01
7.08383658198634691e+01
7.09250231687969688e+01
7.15573536623438429e+01
7.16822053889654285e+01
7.20837701560190283e+01
7.24264518456642179e+01
7.34934866653542258e+01
7.35819685567442150e+01
7.40123515420188767e+01
7.41735039742120534e+01
7.41922238499742264e+01
7.45031459051102729e+01
7.48634693588075208e+01
7.54998806530823856e+01
7.58349510518113163e+01
7.60757869535748625e+01
7.61888322545070764e+01
7.79654708071641949e+01
7.79939905240759117e+01
7.83537998225871775e+01
7.85887374338617235e+01
7.86296936132485769e+01
7.93463281821494490e+01
7.93904584794896380e+01
7.95381510452879468e+01
7.96127119908225609e+01
7.97164892397244103e+01
8.02845295547878095e+01
8.04275208567281368e+01
8.12387588837765691e+01
8.18242166486190570e+01
8.23988574058533914e+01
8.25870832032817646e+01
8.27251645682764263e+01
8.32074985830158766e+01
8.43887906094303162e+01
8.44706515628280101e+01
8.46603507777358004e+01
8.48425116763575033e+01
8.50918231870955424e+01
8.55705664059597950e+01
8.57407650567647295e+01
8.60987570143966821e+01
8.65158957496959715e+01
8.72619472422311446e+01
8.73377692232172933e+01
8.78845414138871490e+01
8.79340693394008213e+01
8.82835890685218772e+01
8.83780563605072302e+01
8.90404518909464286e+01
8.93988297974836144e+01
8.94792963167807613e+01
9.03855448009471161e+01
9.13457294450082600e+01
9.18137819502977948e+01
9.18776627185260963e+01
9.19487917851431860e+01
9.21815626048506260e+01
9.24820969664871768e+01
9.26512854262114729e+01
9.38104272782884436e+01
9.42688933938665912e+01
9.49170238097810852e+01
9.51121688377913586e+01
9.52652111009291502e+01
9.53357896406625116e+01
9.54490513901672841e+01
9.56463440923394614e+01
9.56828307758686378e+01
9.60314142049025463e+01
9.63137476834162101e+01
9.63942997068868692e+01
9.69776867029461584e+01
9.70860976665327939e+01
9.72356386473760210e+01
9.75859692559132554e+01
9.76744279745815334e+01
9.78733348959237333e+01
9.90104861280462387e+01
9.92353188386939564e+01
1.00146777694578873e+02
1.00365658758460512e+02
1.00570296332750956e+02
1.00697800960214124e+02
1.00808573665625573e+02
1.01259758891909371e+02
1.01705879806708055e+02
1.01800709685486595e+02
1.02033722446302875e+02
1.02436424143557929e+02
1.02835393267300617e+02
1.03140627757613828e+02
1.03282987421958410e+02
1.04331091338712127e+02
1.04358734764926993e+02
1.04448382544602225e+02
1.04503796187446682e+02
1.05381053929419608e+02
1.05482638062085385e+02
1.06418996744111212e+02
1.06776790602541354e+02
1.06855064209349678e+02
1.07284247769319251e+02
1.07534007977293470e+02
1.07616419824905734e+02
1.07917523086585788e+02
1.07956634576075999e+02
1.08569186526712315e+02
1.09264527219618174e+02
1.09596199802899633e+02
1.09989128087362474e+02
1.10149924952119846e+02
1.10428735226769220e+02
1.11997947148258788e+02
1.12053270429111876e+02
1.12081343273783688e+02
1.12271596162003220e+02
1.12850522296340017e+02
1.12884646502698473e+02
1.13112596130762427e+02
1.13667460571329087e+02
1.14236830696578352e+02
1.14418573291830597e+02
1.14453279695022246e+02
1.14637630521329157e+02
1.15185913915719880e+02
1.15310550181695390e+02
1.15938797321557161e+02
1.16370306174267228e+02
1.16859570394195316e+02
1.17288996858913350e+02
1.17393517991336495e+02
1.18022799552520070e+02
1.18055271013386573e+02
1.18141440857727019e+02
1.18233183907566684e+02
1.18680745733674911e+02
1.18860480807647122e+02
1.19025249942616711e+02
1.19371751697885259e+02
1.19633457907695174e+02
1.19980190956281660e+02
1.20091080028278753e+02
1.20158788213705719e+02
1.20248656247706492e+02
1.20552554019080105e+02
1.20896733415163567e+02
1.21774599279721201e+02
1.22137580074354361e+02
1.22285573912741938e+02
1.22707077430866264e+02
1.23288037336792428e+02
1.23730517356772395e+02
1.23853059800350479e+02
1.24364699325624883e+02
1.24392242485256247e+02
1.25106972897665941e+02
1.25319489209034714e+02
1.25918693589368075e+02
1.26051959690033101e+02
1.26549878939658726e+02
1.26684908092518640e+02
1.26792283173583996e+02
1.26904067976316526e+02
1.27086480412527550e+02
1.28312747491198536e+02
1.29345471700130815e+02
1.29595610573991934e+02
1.29857564783989545e+02
1.30107743921525753e+02
1.30629759757904935e+02
1.30783504624176487e+02
1.30827144354632537e+02
1.30934638195288841e+02
1.31023645772513561e+02
1.31278395339293240e+02
1.31478264825427715e+02
1.31506255811087328e+02
1.31568844709518203e+02
1.31630709732107448e+02
1.31898071566137787e+02
1.32040783930995559e+02
1.32179688131874059e+02
1.33253530703088813e+02
1.33293173705049412e+02
1.33587766320397463e+02
1.33763630887784444e+02
1.34149477970577493e+02
1.34305686728390469e+02
1.34597901796616100e+02
1.34953957823073125e+02
1.35358276918855722e+02
1.35461360331184750e+02
1.36212128551396290e+02
1.36414948514994762e+02
1.36555573723236677e+02
1.37060729275702556e+02
1.37265206321573601e+02
1.37481410904991549e+02
1.37783219628478690e+02
1.38158502451194494e+02
1.38529034364046140e+02
1.38714003812188196e+02
1.38851064165596000e+02
1.39539266671387907e+02
1.40025789621967476e+02
1.40103210503918746e+02
1.40718344321904652e+02
1.41533332595122118e+02
1.41717111076825461e+02
1.41884424389477431e+02
1.42212859636618731e+02
1.42353322897443434e+02
1.42529110298281182e+02
1.42772871838609660e+02
1.43754264792433418e+02
1.44409252880365472e+02
1.44572718076145605e+02
1.44792782038988804e+02
1.44838738576106778e+02
1.44893804374047164e+02
1.45024233979110704e+02
1.45399051916758424e+02
1.45784504113554533e+02
1.45848601872373791e+02
1.46409611742882305e+02
1.46796127208398531e+02
1.46945418086589797e+02
1.47143234521771944e+02
1.48032811384655759e+02
1.48204760984788152e+02
1.48516424729573657e+02
1.48615232276922569e+02
1.48970988772078613e+02
1.49326816253407799e+02
1.49578013047122852e+02
1.49977570640386034e+02
1.50526231313404566e+02
1.51229671174550106e+02
1.51781749706833153e+02
1.52091532255670785e+02
1.52248918276135242e+02
1.52750106684418341e+02
1.52803613034513091e+02
1.53062080554779470e+02
1.53184884127305480e+02
1.53332384719326484e+02
1.53638194293869560e+02
1.53850108889026501e+02
1.53996825788667962e+02
1.54268978772060137e+02
1.54372388796476571e+02
1.54995370689633148e+02
1.55158633610016864e+02
1.55617256148758486e+02
1.56132069141820921e+02
1.56419709612508427e+02
1.56720215752558772e+02
1.56867169278594076e+02
1.57096042219248488e+02
1.57377757967898845e+02
1.57656190527729620e+02
1.58191893884778267e+02
1.58447384967113180e+02
1.58575744772025530e+02
1.58741719839325754e+02
1.58789466984792853e+02
1.58938956045046211e+02
1.59201545758154850e+02
1.59992496495023602e+02
1.60378469463435636e+02
1.60541251651647485e+02
1.60719655419994751e+02
1.60927143373994966e+02
1.61228795235730956e+02
1.61342079518064793e+02
1.61419024382366842e+02
1.61460410100192234e+02
1.62586637096012851e+02
1.63194808956263046e+02
1.63337862052342700e+02
1.64019382551446483e+02
1.64305790568600287e+02
1.64381514281153784e+02
1.65534352982874054e+02
1.65742162663665169e+02
1.65914881349625659e+02
1.66211070169244408e+02
1.66671304480137508e+02
1.66761010393103618e+02
1.66971696758858627e+02
1.67139155314138122e+02
1.67235072445874607e+02
1.67565601507742713e+02
1.68288098753450072e+02
1.68353019407623492e+02
1.69233316474051549e+02
1.69588484548487941e+02
1.69936322150501042e+02
1.70061916466664400e+02
1.70375664074547956e+02
1.70968292011247456e+02
1.71037076168563999e+02
1.71563153461801448e+02
1.72539842963782519e+02
1.72596236921284799e+02
1.73098597892502028e+02
1.73300127881115884e+02
1.73447360154034300e+02
1.73885506457960560e+02
1.74312469266840424e+02
1.74364969779889464e+02
1.74447393636643028e+02
1.74650585039181408e+02
1.75240644299103110e+02
1.75696834717575598e+02
1.75933009857597028e+02
1.75992503007480650e+02
1.76320450376709971e+02
1.76432664915749569e+02
1.77362525456115634e+02
1.77885925666583375e+02
1.77991072160322346e+02
1.78443572931473909e+02
1.78810570546882332e+02
1.78908911555228997e+02
1.79007847970416663e+02
1.79237427157156105e+02
1.79952881009711177e+02
1.80132519811548605e+02
1.80283802870057457e+02
1.81012131816708120e+02
1.81400124134976693e+02
1.81893828510909486e+02
1.82151559153638061e+02
1.82890335652313922e+02
1.83244058268906713e+02
1.83518587940187842e+02
1.84201729275292166e+02
1.84299795819645681e+02
1.84652306001146371e+02
1.84928997750752615e+02
1.85580913302458157e+02
1.85922942108668678e+02
1.86451712064292224e+02
1.86645015122165489e+02
1.86826251667685938e+02
1.87369881104263470e+02
1.87607915765597738e+02
1.87745255191422984e+02
1.87976721563263879e+02
1.88192318567521738e+02
1.88301108419461912e+02
1.88587790947395092e+02
1.89006861623526220e+02
1.89405805276672311e+02
1.89960625390487166e+02
1.90394290156176055e+02
1.90690457902024775e+02
1.91387703132202205e+02
1.91673622464873006e+02
1.91767583530815784e+02
1.91827944766936355e+02
1.91885059530041872e+02
1.92572744926926362e+02
1.92671497226438930e+02
1.93080625878951139e+02
1.93490140417210569e+02
1.94259628114352381e+02
1.94548048088679764e+02
1.94818004650013336e+02
1.95056297072001882e+02
1.95392929069638228e+02
1.95931356858517574e+02
1.96737864510963789e+02
1.96872618780582400e+02
1.97142196139482905e+02
1.97860776246338389e+02
1.97997562000075618e+02
1.98558802563466486e+02
1.98801402899583479e+02
1.98915401175279442e+02
1.99143704744053878e+02
1.99373250543321262e+02
1.99979362874110961e+02
2.00612418692275753e+02
2.00974427232752078e+02
2.01067785596752174e+02
2.01266798802320523e+02
2.01668265119799571e+02
2.02014658014650252e+02
2.02311163442888869e+02
2.02686631785510372e+02
2.02886287066993134e+02
2.03064714660666880e+02
2.03337152910934549e+02
2.03432767403647802e+02
2.03675581482768507e+02
2.03882353314634145e+02
2.04507812748815638e+02
2.05116284287921474e+02
2.05642977743708798e+02
2.06448354328720029e+02
2.06689307122486980e+02
2.06959605269351243e+02
2.07728016569328588e+02
2.07783757077433847e+02
2.07861527597485917e+02
2.08408701231769385e+02
2.08466836328070201e+02
2.08676494487641946e+02
2.08919727620667459e+02
2.09022332585251888e+02
2.09619776222417329e+02
2.09719377712147946e+02
2.10628354808736844e+02
2.11137263861302131e+02
2.11615454443181079e+02
2.11943598341380323e+02
2.12213836792024665e+02
2.12306006605495611e+02
2.12411596384196002e+02
2.12485341829738559e+02
2.12533530732638155e+02
2.12594168111991223e+02
2.12944589765538865e+02
2.13246648294060378e+02
2.14383681811742179e+02
2.14742917027792544e+02
2.15141392613307744e+02
2.15236997725341212e+02
2.15422966234365333e+02
2.15744887944669131e+02
2.16258512576361227e+02
2.16402355264580535e+02
2.16686666610688519e+02
2.16889657823560242e+02
2.17130801837325919e+02
2.17576931504992444e+02
2.17887495488255524e+02
2.18079492385957110e+02
2.18998127427145562e+02
2.19610174527532820e+02
2.19760894302841507e+02
2.19879114008545230e+02
2.19990831515742457e+02
2.20104237266952566e+02
2.20220401777332938e+02
2.20369096364994959e+02
2.20621140092870007e+02
2.21014737838419478e+02
2.22155489244695616e+02
2.22876042175889154e+02
2.23442714657223178e+02
2.23570649026427134e+02
2.23649720764962751e+02
2.24171153410059105e+02
2.24452668973451921e+02
2.24591765933737747e+02
2.25008662670769354e+02
2.25168216557689391e+02
2.25265659364896692e+02
2.25760989877367763e+02
2.25872230750886558e+02
2.26175744739855361e+02
2.26425291357107255e+02
2.26714752506916057e+02
2.27541172091872340e+02
2.27787865503465355e+02
2.28212948956601736e+02
2.28841734016214616e+02
2.28945019485814669e+02
2.29598452913813389e+02
2.29730924362992255e+02
2.30107287422781269e+02
2.30604202733672480e+02
2.31333018796484794e+02
2.31714970314525090e+02
2.31909592517680153e+02
2.32042589948008469e+02
2.32574698148905725e+02
2.33174758696024014e+02
2.33743479593635072e+02
2.34363795109403895e+02
2.34679839800002298e+02
2.35079938544341530e+02
2.35635786686204312e+02
2.36558884203539208e+02
2.36637890887323636e+02
2.36788276117486475e+02
2.37236459343787544e+02
2.37502232226578485e+02
2.37969581130362030e+02
2.38868314267023493e+02
2.39208146343050146e+02
2.39815581477297428e+02
2.40216440069233784e+02
2.40785770795447377e+02
2.41276886227225305e+02
2.41433642328584881e+02
2.42069501222452971e+02
2.42613770094339657e+02
2.42945941471586309e+02
2.43269045538360672e+02
2.43556714130732303e+02
2.43843326376360096e+02
2.44376922704733317e+02
2.44500921275877261e+02
2.45221605288660555e+02
2.45869506077572851e+02
2.46302177811963702e+02
2.46386367595917420e+02
2.46832482775723918e+02
2.46927152340079772e+02
2.47512450592635446e+02
2.48383404582059882e+02
2.48715115938247777e+02
2.48775229443794956e+02
2.49061090193513621e+02
2.49331256331807253e+02
2.49430574643167233e+02
2.49605822979087748e+02
2.49714670598102487e+02
2.49876949053071542e+02
2.50115394732481207e+02
2.50550243484221255e+02
2.51223342940937300e+02
2.51416965978159737e+02
2.52267359343599651e+02
2.53257265141325490e+02
2.53674515505382601e+02
2.54129015580984230e+02
2.54722683467937088e+02
2.55456974293369797e+02
2.55578893304660426e+02
2.55753568713016534e+02
2.56372886913332081e+02
2.56551074907316718e+02
2.56900807022704896e+02
2.57428950028135205e+02
2.57988811690932494e+02
2.59078468226618838e+02
2.59807106900417523e+02
2.60006130960059352e+02
2.60555012989214561e+02
2.60712394199985056e+02
2.61096586460670665e+02
2.61311623094360868e+02
2.61815901385817256e+02
2.62114326785572302e+02
2.62622329456757654e+02
2.62840955026354891e+02
2.63538946737099764e+02
2.63727699001563849e+02
2.63980470521427492e+02
2.64249361854783558e+02
2.64598972759506012e+02
2.64661163133504942e+02
2.64823444756245351e+02
2.65092015091833048e+02
2.65215694583492564e+02
2.66325287134986468e+02
2.67275051571163203e+02
2.67421299828070687e+02
2.67794000580982697e+02
2.68398886201832113e+02
2.68686192531406164e+02
2.68811931611429884e+02
2.69396845260091254e+02
2.69984299450434492e+02
2.70399634314422372e+02
2.71529938829444006e+02
2.71734131467786540e+02
2.72112558870822909e+02
2.72212927307366840e+02
2.72350630151912412e+02
2.72446833788576612e+02
2.72885027545851528e+02
2.73122246072146652e+02
2.73433468518409427e+02
2.73770285493968629e+02
2.73877232963019821e+02
2.73999173785382368e+02
2.74560958797545425e+02
2.75065682678916687e+02
2.75345232703678846e+02
2.75644604420206122e+02
2.75809093789977908e+02
2.76165579084666660e+02
2.76285924193642870e+02
2.77189852207003753e+02
2.79102980217774359e+02
2.79803992991739904e+02
2.80404939447130062e+02
2.80562597632634208e+02
2.80683032765445887e+02
2.81102499946399121e+02
2.81588635903873978e+02
2.81740991672999087e+02
2.82376717948455507e+02
2.82659322066002630e+02
2.82949920941547646e+02
2.83177857428561822e+02
2.84719117789394943e+02
2.85129294212044215e+02
2.85248419521111771e+02
2.85342756332911790e+02
2.85533358582316509e+02
2.86061673270926519e+02
2.86399483781786046e+02
2.86472178733486203e+02
2.86832998455993163e+02
2.87269332433277782e+02
2.87590607971363397e+02
2.88207510035278517e+02
2.88483453731759880e+02
2.88707567095786544e+02
2.89056225196753076e+02
2.89330912944655665e+02
2.89417851325779338e+02
2.89986026131623362e+02
2.90311260775621236e+02
2.90552863723572273e+02
2.90740949882682742e+02
2.91865625255172915e+02
2.91999475030193878e+02
2.92226814967296150e+02
2.92915645221934881e+02
2.93094234555136950e+02
2.93510519700250370e+02
2.94494482344065261e+02
2.95098860568234386e+02
2.95251088607947793e+02
2.95443437551252828e+02
2.97133429242976320e+02
2.97264961710891043e+02
2.97388236941394723e+02
2.97997103267749139e+02
2.98225568142729855e+02
2.98643514363253473e+02
2.99039988382572858e+02
2.99585539901708444e+02
3.00086337918272704e+02
3.00249995051728831e+02
3.00586482163494054e+02
3.00824459849392099e+02
3.01122575102467465e+02
3.01822872249800753e+02
3.02107273568608775e+02
3.02185673033955027e+02
3.02312914499120325e+02
3.02758525720855630e+02
3.04523975492793340e+02
3.04718431372133239e+02
3.04890335322899773e+02
3.05208030626118841e+02
3.06033904409919160e+02
3.06469339622478742e+02
3.06699233614951709e+02
3.06800996935910007e+02
3.07541238117257762e+02
3.09348590642803003e+02
3.09737701235249006e+02
3.10217283142129702e+02
3.10338816303255385e+02
3.11061009045028015e+02
3.11492430214676347e+02
3.11685512894206340e+02
3.12074934014118810e+02
3.12651712932950204e+02
3.13081245043379170e+02
3.13222128649189870e+02
3.13602845753149836e+02
3.13736439631048199e+02
3.13987714699565288e+02
3.14631632721334029e+02
3.14775924569218773e+02
3.15051335662050292e+02
3.15310402516008708e+02
3.17275399638780982e+02
3.17689904136022051e+02
3.17808901188748848e+02
3.18332102697072230e+02
3.18598364591234883e+02
3.18980307506835970e+02
3.19060795779097134e+02
3.19454376178269058e+02
3.19774155942894481e+02
3.20220250543920372e+02
3.20344620435499394e+02
3.21530789725662089e+02
3.21904225420435125e+02
3.22246174484592586e+02
3.22377474097377672e+02
3.22585277261574277e+02
3.23178903830080458e+02
3.23417026951425612e+02
3.23506540994000034e+02
3.23934827570377990e+02
3.24053810563902687e+02
3.24479400819959551e+02
3.24576100138044069e+02
3.25389904718505193e+02
3.25539820673524844e+02
3.25790518065010758e+02
3.25982888881698898e+02
3.26192985833626381e+02
3.26349300301717562e+02
3.26595459608572241e+02
3.26728091882323838e+02
3.27162583203831900e+02
3.27639522438141967e+02
3.29160690406932133e+02
3.30081774314959944e+02
3.30645907931708450e+02
3.30787800472093352e+02
3.30878632849190637e+02
3.31701361354585003e+02
3.32178502760968342e+02
3.32322044114370669e+02
3.32638852995729621e+02
3.32841227094937096e+02
3.33811559652598532e+02
3.34236888962934529e+02
3.34366149147303531e+02
3.34566059294978118e+02
3.34906369990628946e+02
3.35258064081209113e+02
3.35635591737074719e+02
3.35799525793244754e+02
3.36256646071943237e+02
3.36742393468216790e+02
3.36921672029474564e+02
3.37167102395261281e+02
3.37561747345364893e+02
3.37955129023147322e+02
3.38367934166031944e+02
3.38848908330751215e+02
3.38972370559241540e+02
3.39139430550965415e+02
3.39299699114263092e+02
3.39671002880317701e+02
3.40055246588407840e+02
3.42542137888441403e+02
3.43054754952612598e+02
3.43488427871488852e+02
3.43634771628508474e+02
3.44281734815871573e+02
3.44465448755192085e+02
3.44628527632217640e+02
3.44807438546647973e+02
3.45282569266731286e+02
3.45413618804331463e+02
3.47189239747804891e+02
3.47528442756663708e+02
3.48369793630832930e+02
3.48808127856705653e+02
3.48987528996718254e+02
3.49227422112573834e+02
3.49493941665470288e+02
3.49666211887031807e+02
3.49933767474961087e+02
3.50154985208477569e+02
3.50824772650954117e+02
3.51002941769378879e+02
3.51334912311073708e+02
3.51713487294344816e+02
3.51822560046377589e+02
3.52003136565701027e+02
3.52113235228561109e+02
3.52456043716889724e+02
3.54112520771994070e+02
3.54340736107423140e+02
3.54637496265403854e+02
3.54810431744225070e+02
3.55206958042489703e+02
3.55344487234634187e+02
3.55681844967757911e+02
3.55783424552483439e+02
3.56088986126036787e+02
3.56499871810656316e+02
3.56836238166158694e+02
3.57066212737977935e+02
3.59511436414728792e+02
3.59828375041947140e+02
3.60142392814037009e+02
3.60252534195319868e+02
3.60345015164428673e+02
3.60978055709914088e+02
3.61520038406984213e+02
3.61697302682341046e+02
3.61872012484242816e+02
3.62419301678802640e+02
3.62508632020011078e+02
3.63070803770244765e+02
3.63270325765595032e+02
3.63584834888850821e+02
3.63738812698339643e+02
3.64241974772104470e+02
3.64383450952291412e+02
3.64692278566071025e+02
3.64902252174394903e+02
3.65295138832734210e+02
3.65977989741922045e+02
3.67103659894472287e+02
3.67718789692152939e+02
3.67938890946225854e+02
3.68066705923000939e+02
3.68568703776349992e+02
3.69115567947534998e+02
3.69318383067580896e+02
3.69825188666764063e+02
3.70072996976948787e+02
3.70844811671840944e+02
3.71519795084044574e+02
3.72147780819797617e+02
3.72291167003999647e+02
3.72777967661129935e+02
3.73018305797951371e+02
3.73512073830404347e+02
3.73915078077980979e+02
3.74197971146042676e+02
3.74529314704464639e+02
3.74978785397308968e+02
3.75120689677953294e+02
3.75420790217844115e+02
3.75618123547773621e+02
3.75825390798018020e+02
3.76046549171554545e+02
3.76406158729374170e+02
3.76707520112363682e+02
3.76905265822741228e+02
3.77148682871945425e+02
3.79513462473460777e+02
3.80003986077857405e+02
3.80289328464888627e+02
3.80682652347977466e+02
3.80976052546348285e+02
3.81623036352655447e+02
3.82177616391456979e+02
3.82587681477257775e+02
3.85037773856473052e+02
3.85154732855518091e+02
3.85498031754216981e+02
3.85914663845693269e+02
3.86018142476037269e+02
3.86270059186828746e+02
3.86366253212251308e+02
3.86544501049554242e+02
3.86692974877349002e+02
3.86808415023433724e+02
3.87257387763008467e+02
3.87588629764515304e+02
3.87696073249481685e+02
3.88304037071350422e+02
3.88568828472390351e+02
3.88744012439767062e+02
3.89250244104925173e+02
3.90053160155745331e+02
3.90811838126677856e+02
3.91035806668370014e+02
3.91932428382351532e+02
3.92240787486745887e+02
3.92692736467652310e+02
3.92942933520275687e+02
3.93188315347425089e+02
3.93524307637610946e+02
3.93787886924133090e+02
3.94170356077260919e+02
3.95062013187858042e+02
3.96113851639827203e+02
3.96438458000991261e+02
3.96633822803766861e+02
3.97165007891916900e+02
3.97529584414639601e+02
3.97852835731747916e+02
3.97995856383219348e+02
3.98533682417964144e+02
3.98723663647024694e+02
3.99165017867844028e+02
3.99563584794643702e+02
4.00280467343944451e+02
4.00880791052622214e+02
4.01389706228445675e+02
4.01519208074616643e+02
4.01944836335309674e+02
4.02266017790960746e+02
4.02886976856215995e+02
4.03339970150702527e+02
4.03822934492415868e+02
4.04919644626185118e+02
4.05228725077341096e+02
4.05707873818940470e+02
4.06299584564137149e+02
4.06441776006241241e+02
4.06958395218525027e+02
4.07538563111323413e+02
4.08779343057869823e+02
4.09263585937175208e+02
4.09663009899821418e+02
4.10614198892473667e+02
4.11192908090514948e+02
4.11328204811932039e+02
4.11647131933976084e+02
4.11903888311873857e+02
4.12028332165432289e+02
4.12225962981731868e+02
4.12636180978823063e+02
4.12930334630169568e+02
4.13104940030503712e+02
4.13341121431488887e+02
4.14121308030250020e+02
4.14596959898775935e+02
4.14722927971845024e+02
4.15037341881312045e+02
4.15474124097224035e+02
4.15814463687422290e+02
4.16293069766989674e+02
4.16855925937890106e+02
4.17497139756908155e+02
4.18201798908886417e+02
4.18517836636372863e+02
4.19666556486632317e+02
4.20173866350473077e+02
4.20469071968908793e+02
4.21386320435508082e+02
4.21678863728047077e+02
4.22145123012458157e+02
4.22498476477981967e+02
4.23012571375902894e+02
4.23364881232273774e+02
4.24068561296611961e+02
4.24244564632757260e+02
4.24667783781245930e+02
4.25168084048115020e+02
4.25514607685214287e+02
4.26881192869053393e+02
4.27080073075859559e+02
4.27891276407396390e+02
4.28244521540116693e+02
4.28401908300280525e+02
4.28813853644070946e+02
4.28990141899232299e+02
4.29188417259501989e+02
4.29672402503932517e+02
4.30640551223197690e+02
4.31105659775626123e+02
4.31715052389680295e+02
4.33178597590985191e+02
4.33589537027738061e+02
4.33765468690101670e+02
4.34307215695751779e+02
4.34578408880882535e+02
4.34964370571549352e+02
4.35099704594867490e+02
4.35334355224244632e+02
4.35527064193965543e+02
4.36325120420681174e+02
4.36926848454120204e+02
4.37209570575396469e+02
4.37835340322631623e+02
4.38061348158033070e+02
4.38714917306091024e+02
4.39131534936720868e+02
4.39571914412832598e+02
4.39690833569642678e+02
4.40328353665193390e+02
4.40820352208067334e+02
4.41152980957077716e+02
4.41276811735914748e+02
4.42205629193939103e+02
4.43110171808512746e+02
4.43630321016367702e+02
4.44237293833718240e+02
4.44443416927469684e+02
4.44696922458156450e+02
4.44861072427694921e+02
4.45165267534641544e+02
4.45438790656815172e+02
4.45798005677629931e+02
4.46425757034148319e+02
4.47016799015794390e+02
4.47199870350497577e+02
4.47385379500354247e+02
4.47627259927325326e+02
4.47911164289032513e+02
4.48239647043730088e+02
4.48391016318989955e+02
4.48819039270160943e+02
4.49845199776875347e+02
