2.8921580648251739e+02
2.8958033308791346e+02
2.8973250229048983e+02
2.9000820444924318e+02
2.9024499059100413e+02
2.9076156272670244e+02
2.9094554965907980e+02
2.9173511036731992e+02
2.9194767019421653e+02
2.9211797784653885e+02
2.9277843626799955e+02
2.9358811841265106e+02
2.9450628695063710e+02
2.9484694663910432e+02
2.9544779280499313e+02
2.9593056823582037e+02
2.9624272220124215e+02
2.9634308977751959e+02
2.9654073888156501e+02
2.9670374126116411e+02
2.9723213932800354e+02
2.9765124240028263e+02
2.9788739199879262e+02
2.9829757250999819e+02
2.9848780134829400e+02
2.9871243587642289e+02
2.9909830802218187e+02
2.9942077526390023e+02
2.9969297105761569e+02
2.9979055868601409e+02
2.9995936439787590e+02
3.0036094754870919e+02
3.0074803914424513e+02
3.0102194779088444e+02
3.0142894208157441e+02
3.0196942501369864e+02
3.0228238289996568e+02
3.0243847998887543e+02
3.0263688290114970e+02
3.0334548205318112e+02
3.0377654125556592e+02
3.0388894779476522e+02
3.0466507144743935e+02
3.0531888710305009e+02
3.0565055294125926e+02
3.0650517465798657e+02
3.0667385733124343e+02
3.0677302982571797e+02
3.0720548094297300e+02
3.0754198302445792e+02
3.0787382024579023e+02
3.0855310954132204e+02
3.0907266643168867e+02
3.0937386025154962e+02
3.0959586882827597e+02
