1.9602361015304194e+02
1.9626179262144640e+02
1.9648951491086018e+02
1.9667271306701167e+02
1.9705264142714248e+02
1.9712192055405143e+02
1.9714197828465873e+02
1.9762025408346889e+02
1.9802526380090060e+02
1.9813741008345983e+02
1.9848228861322249e+02
1.9853784401212695e+02
1.9906341674458801e+02
1.9925350054147407e+02
1.9993498784513113e+02
2.0035142701150707e+02
2.0049534834691755e+02
2.0072998124420820e+02
2.0127185472031326e+02
2.0160878483326221e+02
2.0165527095366684e+02
2.0185049838506384e+02
2.0194968476281991e+02
2.0228613400404785e+02
2.0247079079475208e+02
2.0257608739798678e+02
2.0298818718587910e+02
2.0305289684651828e+02
2.0312168617545603e+02
2.0320390793528244e+02
2.0328665274338920e+02
2.0341166292908017e+02
2.0345842718702414e+02
2.0348524906668840e+02
2.0354308387790277e+02
2.0490451306480469e+02
2.0522634796566288e+02
2.0531696594453524e+02
2.0546375845025545e+02
2.0622996337407474e+02
2.0629007109228996e+02
2.0643403080564585e+02
2.0658709301642529e+02
2.0662246968397125e+02
2.0671733175180501e+02
2.0746145963227366e+02
2.0784665295894951e+02
2.0786847336764825e+02
2.0792075039545088e+02
2.0824831052232545e+02
2.0829320840300275e+02
2.0838287452890950e+02
2.0846737049354513e+02
2.0852893754306371e+02
2.0878542412680201e+02
2.0896205392128275e+02
2.0909375306798120e+02
2.0930997405095223e+02
2.1036632695838591e+02
2.1056261481786015e+02
2.1098107539854311e+02
2.1153953413117515e+02
2.1171548568413058e+02
2.1189228465417779e+02
2.1202522657643343e+02
2.1217098339396435e+02
2.1229709799927994e+02
2.1254931811070864e+02
2.1260414880235533e+02
2.1285421516217065e+02
