1.1034015482163421e+02
1.1190523102520881e+02
1.1197122170539740e+02
1.1199310521908717e+02
1.1219214272896377e+02
1.1277462960652782e+02
1.1282192053899375e+02
1.1303656332903104e+02
1.1358538112445167e+02
1.1413748210476960e+02
1.1434029270386587e+02
1.1436338876213594e+02
1.1453703715939550e+02
1.1507759218023912e+02
1.1524545195168722e+02
1.1582732266296109e+02
1.1631137690227460e+02
1.1681717354818259e+02
1.1717021429994415e+02
1.1727097075732203e+02
1.1782324051821456e+02
1.1804708401003082e+02
1.1816414215680902e+02
1.1818246210018636e+02
1.1873387596674873e+02
1.1876912642668417e+02
1.1879057270617680e+02
1.1924126495619713e+02
1.1932624487386165e+02
1.1955415166669644e+02
1.1989565209742577e+02
1.2000883812787075e+02
1.2010219750941781e+02
1.2012320058736802e+02
1.2014728788080616e+02
1.2051371163442832e+02
1.2082985629249771e+02
1.2164265112504283e+02
1.2218855671693390e+02
1.2293477240488934e+02
