5.56242987877143605e+02
7.07364693191353581e+02
7.08989580400648265e+02
8.95003474023451417e+02
1.04660158793177106e+03
1.06032236200651823e+03
1.06388645728376287e+03
1.15618887381864624e+03
1.15971379730154513e+03
1.16086717257118653e+03
1.16507858739886433e+03
1.35867599984421759e+03
1.55860163137714699e+03
1.56210649765427297e+03
1.56374095843965188e+03
1.56549421251576860e+03
1.60961379111810675e+03
1.70983199906289519e+03
1.71247937739133704e+03
1.71580942107293959e+03
1.71791326284204843e+03
1.71926657835291553e+03
1.72267180053369520e+03
1.90379286688550565e+03
1.90615331980788687e+03
1.90764165741834586e+03
1.91107895290621673e+03
1.91331501757957449e+03
1.91490304594123518e+03
1.91890622353454819e+03
2.10188706201656169e+03
2.10411528326884218e+03
2.10637924177833702e+03
2.10863306171400473e+03
2.11071134979014460e+03
2.11292966250934842e+03
2.11461123180799768e+03
2.26429950970862410e+03
2.26761824363051346e+03
2.26921398554024927e+03
2.27135832025476338e+03
2.27304649341649929e+03
2.27531705105498986e+03
2.45655866707730456e+03
2.45827108325592781e+03
2.45996410206383007e+03
2.46212490058112598e+03
2.46414438160439022e+03
2.46620342994647217e+03
2.46919793617732648e+03
2.65419895373188774e+03
2.65696416739814958e+03
2.65928672145631936e+03
2.66212282393482747e+03
2.66586970961186307e+03
2.81704556862795289e+03
2.81976405634888943e+03
2.82285630012026377e+03
2.82481209969404881e+03
2.82832759861888553e+03
3.00589033752827527e+03
3.00802799371047149e+03
3.01056170587071028e+03
3.01326491279948095e+03
3.01520133991490729e+03
3.01729322149413929e+03
3.01944989477028867e+03
3.20432566966857121e+03
3.20667770337090042e+03
3.20958655282572363e+03
3.21291160885270801e+03
3.21594389446530840e+03
3.36946128123529343e+03
3.37283859114025108e+03
3.37584546530065563e+03
3.37964838697580126e+03
3.56021355504544772e+03
3.56322389087026750e+03
3.56614419058779822e+03
3.56905376877667004e+03
3.75582344804670720e+03
3.75856392673116716e+03
3.76112981515833235e+03
3.76436098134270287e+03
3.92165809108753092e+03
3.92473495004640426e+03
3.93002585749520949e+03
4.10925064640315031e+03
4.11216554996950799e+03
4.11559378311940236e+03
4.11806537047229358e+03
4.12119587024702560e+03
4.30549598399856040e+03
4.31000635756043266e+03
4.31420889764907042e+03
4.31689867568327463e+03
4.47507413574200109e+03
4.47789879962439954e+03
4.48233931653175023e+03
4.66233835145313060e+03
4.66788329329069893e+03
4.67339177330391249e+03
4.85788838774423130e+03
4.86393700856182113e+03
4.86669124214330077e+03
5.02385343199076669e+03
5.02730721832504787e+03
5.03092942247754399e+03
5.21555191030498827e+03
5.22094807992732603e+03
5.40560091901349369e+03
5.41124666550125039e+03
5.41690385680196050e+03
