1.37217237401230818e-01
1.50977874637860054e-01
1.51852744819066743e-01
1.52301551114462086e-01
1.52805265405788759e-01
1.53262640330453337e-01
1.53992146386002560e-01
1.55000178709826741e-01
1.55950957042037430e-01
1.69852284205177284e-01
1.88612871707022123e-01
2.39181991364631585e-01
5.27285018703227593e+00
7.85854694017520217e+00
1.00080336757390285e+01
1.11664309255844216e+01
1.33578684599960553e+01
1.43293023570388272e+01
1.52300438412419226e+01
1.66955250101631520e+01
1.73749456550318939e+01
1.81780394792364746e+01
2.00647428091059794e+01
2.09102643827520609e+01
2.09378998748474316e+01
2.20820568614001473e+01
2.26836932451524547e+01
2.53263121138168685e+01
2.54916787994956451e+01
2.56714100518324244e+01
2.57913742911204338e+01
2.74912706408815382e+01
2.78758769956189951e+01
2.85015131271434257e+01
2.92351565672572633e+01
3.04230246180185020e+01
3.06759466491643025e+01
3.13703062154120573e+01
3.20382063420425993e+01
3.36059784274807782e+01
3.37332979494143217e+01
3.37763057117277299e+01
3.45549691030847441e+01
3.58604474972884191e+01
3.61753833188321607e+01
3.65118151708688288e+01
3.73862434094114064e+01
3.76776030753918292e+01
3.91411993191416343e+01
3.92434306848990957e+01
3.96051349507478108e+01
4.03994944851748699e+01
4.04228769550867071e+01
4.04998569880249590e+01
4.18418652691000545e+01
4.26075886002698212e+01
4.29573018163364679e+01
4.30147753101566934e+01
4.33202383569581571e+01
4.47451951097765175e+01
4.53563049277675816e+01
4.61429603295151196e+01
4.69459110578973764e+01
4.70909071030877158e+01
4.76174445220262328e+01
4.77532607958631843e+01
4.79335730930321802e+01
4.79998870902917645e+01
4.82208299894882373e+01
4.84698287807173926e+01
4.97405047149282495e+01
4.98792267629460468e+01
5.01950495447313187e+01
5.09576291802939636e+01
5.20897353662288083e+01
5.26073021292633030e+01
5.33689111498159150e+01
5.39918623779226436e+01
5.42462024425617813e+01
5.43469998561031673e+01
5.46938660495694933e+01
5.50774998133397844e+01
5.54120342920236340e+01
5.57648022237157761e+01
5.58386262564169158e+01
5.61263201222459998e+01
5.70834185684734052e+01
5.75915116414096531e+01
5.78770124245030786e+01
5.80582585719206179e+01
5.87529955009937908e+01
5.94622612883309216e+01
6.01703290763024370e+01
6.04529925786348770e+01
6.12969085046906628e+01
6.15045447707437347e+01
6.20107655763646051e+01
6.22857331404128445e+01
6.25713655339015986e+01
6.37450178890160544e+01
6.43526293960949545e+01
6.45025086286334499e+01
6.46498156635630323e+01
6.49500908828700005e+01
6.49874949896154988e+01
6.54129975852007135e+01
6.60735083824109779e+01
6.61746062360658982e+01
6.66056626817466793e+01
6.74904349379706616e+01
6.79520232435349953e+01
6.94140808518337735e+01
6.99566601854951955e+01
7.00120024267908150e+01
7.07196491920054484e+01
7.08383421551843924e+01
7.08995358533801721e+01
7.09271210774646761e+01
7.15573782317672737e+01
7.16822273539064270e+01
7.20837722440970481e+01
7.24264401411980714e+01
7.31030629723150298e+01
7.34934934733660157e+01
7.35819415276639006e+01
7.40123617389724870e+01
7.41735686496505480e+01
7.41922981219929056e+01
7.45031352858775051e+01
7.48634527371840761e+01
7.54999258749368209e+01
7.58349981678098573e+01
7.60759585414973571e+01
7.61889013562345951e+01
7.79658812995033372e+01
7.79941969823835848e+01
7.83538262523184699e+01
7.85888975021455565e+01
7.93465152243161640e+01
7.93915969163905686e+01
7.95378993599072714e+01
7.96127377015243667e+01
7.97166377077412562e+01
8.02841040968044695e+01
8.04275050241708698e+01
8.12380797915687083e+01
8.18233503758476672e+01
8.23989347346912098e+01
8.25870359280588389e+01
8.27247944328874496e+01
8.32075699758316603e+01
8.43891125346538331e+01
8.44705231022583121e+01
8.46602904660201716e+01
8.48425575637608915e+01
8.50918284489603707e+01
8.55704778850589776e+01
8.57397959107375698e+01
8.61002008316580429e+01
8.64136830889134160e+01
8.65157124805337787e+01
8.72618080335856803e+01
8.73385478426435498e+01
8.75085738381134774e+01
8.78827500486065389e+01
8.79308507027773487e+01
8.82794408662690557e+01
8.83746927164889371e+01
8.90379790999329828e+01
8.93982057833765111e+01
8.94791094414005386e+01
9.03876501370528160e+01
9.13504618882700186e+01
9.18137352234543016e+01
9.18773263683820005e+01
9.19510026068731747e+01
9.21809387506464475e+01
9.24848860325884914e+01
9.26576096349430429e+01
9.38121462477737964e+01
9.42710858960499820e+01
9.49212302687964780e+01
9.51135441139366833e+01
9.52646505562191805e+01
9.53357072502556377e+01
9.54476125611264479e+01
9.56442109546989059e+01
9.56797662795907513e+01
9.60266596479113446e+01
9.63106260726961239e+01
9.63873111742112769e+01
9.69765310366898063e+01
9.70852607765893083e+01
9.72319475916644365e+01
9.75839214618551694e+01
9.76812265849156347e+01
9.78706927380188176e+01
9.90103761016795261e+01
9.92373899466208798e+01
1.00144196971106908e+02
1.00366564982539472e+02
1.00570129882315257e+02
1.00701713923881925e+02
1.01254627718561039e+02
1.01705419709766574e+02
1.01800148934941006e+02
1.02026753693092445e+02
1.02437144591698143e+02
1.02814439268130684e+02
1.03149555212080628e+02
1.03287721428843554e+02
1.04370624672378852e+02
1.04507876465998180e+02
1.04549571470975536e+02
1.05344295092716891e+02
1.05522338953247925e+02
1.06622206784180889e+02
1.06686069635542083e+02
1.06777371402292800e+02
1.06829527292787787e+02
1.06851246850208327e+02
1.07287067246482394e+02
1.07514277297530896e+02
1.07622773082226331e+02
1.07880776751300118e+02
1.07910910914034474e+02
1.08559615842144268e+02
1.09278591427529761e+02
1.09594405992724205e+02
1.09974308614414355e+02
1.10152725060912047e+02
1.10438423478660070e+02
1.12041703986854913e+02
1.12083537626577908e+02
1.12286729163305580e+02
1.12866145163363001e+02
1.12908111316477118e+02
1.13118131457935135e+02
1.13681402701376754e+02
1.14230608309528520e+02
1.14424074327201339e+02
1.14463872430840610e+02
1.14631469449466010e+02
1.15169018752232034e+02
1.15340192855419360e+02
1.15937057957472689e+02
1.16443392193187037e+02
1.16991857864767411e+02
1.17297290945731845e+02
1.17468096471800351e+02
1.17928011459024589e+02
1.18164941659812484e+02
1.18347245347234633e+02
1.18408616682277341e+02
1.18844884014811527e+02
1.18889262862945117e+02
1.19410851479757838e+02
1.19442424086090654e+02
1.19603080110456034e+02
1.20121150911077336e+02
1.20161062663820900e+02
1.20192061667774567e+02
1.20250450069484458e+02
1.20447135695791786e+02
1.20896081686805189e+02
1.21723215765298420e+02
1.22258720993632551e+02
1.23027509629974219e+02
1.23587599849464681e+02
1.23619365484849652e+02
1.23844741307202014e+02
1.24215305349620877e+02
1.24368254729797059e+02
1.24397412241973456e+02
1.25034428070254762e+02
1.25087375164308327e+02
1.25370804173146354e+02
1.25865791041223531e+02
1.26516158452997360e+02
1.26629858380353909e+02
1.26710973438922139e+02
1.26982580060635172e+02
1.27036460999947934e+02
1.27153106689791770e+02
1.28346421334488241e+02
1.29489235857574272e+02
1.29760511579932256e+02
1.29992478833514838e+02
1.30112305896218771e+02
1.30351925096472741e+02
1.30703763301952534e+02
1.30926549455636916e+02
1.31032053997361061e+02
1.31270551431211317e+02
1.31312541542121039e+02
1.31602262219603688e+02
1.31642542125552524e+02
1.31856780632600163e+02
1.31920655801621592e+02
1.32080480230035448e+02
1.32785586724341584e+02
1.33020655975813725e+02
1.33327111667224841e+02
1.33589537258809344e+02
1.33918931374669853e+02
1.34260799541334023e+02
1.34469436413361223e+02
1.34614185087731073e+02
1.34781431343921724e+02
1.35134596821989732e+02
1.35224943173123165e+02
1.35437873045023196e+02
1.36308033958229203e+02
1.36534642814164926e+02
1.37116074935976400e+02
1.37192276946800547e+02
1.37473820209656594e+02
1.37688500450742424e+02
1.37852256565696081e+02
1.38436478284015209e+02
1.38727025344542113e+02
1.39377569835195885e+02
1.39698034670927058e+02
1.39749981624576463e+02
1.39996530105443043e+02
1.40625677209830229e+02
1.41213552843315085e+02
1.41644205380217073e+02
1.41783243242262984e+02
1.41818415337239912e+02
1.42085196545826165e+02
1.42240026292268908e+02
1.42294722717059727e+02
1.42346691534639490e+02
1.43220617132047465e+02
1.43389279782278095e+02
1.44171377711600172e+02
1.44237891798808704e+02
1.44285236925274546e+02
1.44518609259311148e+02
1.44554951149643983e+02
1.44745637390489435e+02
1.44863540951952615e+02
1.45005190591709265e+02
1.45350822856098631e+02
1.45515292496546095e+02
1.45764106992487854e+02
1.46375431855421880e+02
1.46528744463544655e+02
1.46902190644882211e+02
1.47007348706289719e+02
1.47149223232470547e+02
1.47336814220955404e+02
1.47983344455413146e+02
1.48337202641248695e+02
1.48466514545364760e+02
1.48706810483228736e+02
1.49250189408696400e+02
1.49479143475434796e+02
1.50247357880710155e+02
1.51284771405200189e+02
1.51454413433305149e+02
1.51977027677172430e+02
1.52077107555782220e+02
1.52228286607018049e+02
1.52551323812566380e+02
1.52666042422683034e+02
1.52884411979721875e+02
1.53293944774496509e+02
1.53586829904132003e+02
1.53818702284757052e+02
1.54103399041143376e+02
1.54280364159476932e+02
1.54596638973889128e+02
1.55166643279156403e+02
1.55311815347681915e+02
1.55706351298102049e+02
1.56010969365200253e+02
1.56193653036081571e+02
1.56387437440528970e+02
1.56538965503501004e+02
1.56817150043153106e+02
1.57587473478144204e+02
1.57911597363687463e+02
1.57987978578675325e+02
1.58387361293442325e+02
1.58618307823209932e+02
1.58724384989338262e+02
1.58854615536471897e+02
1.59023324877463267e+02
1.59908038395114033e+02
1.59991871570736009e+02
1.60567099547327189e+02
1.60714316375325552e+02
1.60866163316163295e+02
1.61192254686328283e+02
1.61375738355062481e+02
1.61486668503418798e+02
1.62272843917586101e+02
1.62872535272879702e+02
1.63135512212145784e+02
1.63834830884106395e+02
1.63940770767175593e+02
1.64237741551330089e+02
1.64352664735154974e+02
1.65469230736428983e+02
1.65711544831248887e+02
1.65758121031616213e+02
1.66384899420978968e+02
1.66436525413984953e+02
1.66830397978539054e+02
1.66867655352065412e+02
1.67032954200473284e+02
1.67129330618547669e+02
1.67335776210139784e+02
1.67520558798591765e+02
1.67727847543282280e+02
1.68541559649517978e+02
1.68815752192189564e+02
1.68887501199680628e+02
1.69624321224142193e+02
1.69711338568862743e+02
1.70404928632156725e+02
1.70758111458714893e+02
1.71223312363216280e+02
1.71846610562525427e+02
1.72508884500873990e+02
1.72957667460595701e+02
1.73237509794551386e+02
1.73379509988918301e+02
1.73435348137714811e+02
1.73512755067836679e+02
1.73611165386649134e+02
1.73862436719209313e+02
1.73921268963226339e+02
1.74214413184475006e+02
1.74318206384851635e+02
1.74626087839335582e+02
1.74817412922521100e+02
1.75128510437598209e+02
1.75259779097500768e+02
1.75645571020732632e+02
1.76062692589998960e+02
1.76340746846634318e+02
1.76637961353582568e+02
1.77042998217218951e+02
1.77962451841570044e+02
1.78051947215086898e+02
1.78293785399131480e+02
1.78922176949728453e+02
1.79233303797015139e+02
1.79372061145173120e+02
1.79615343444180212e+02
1.80101622019132662e+02
1.80544910925578051e+02
1.80622238133997882e+02
1.80913076889794866e+02
1.81488424398273423e+02
1.81608406961540936e+02
1.81677079770893783e+02
1.82756397304164295e+02
1.82974949111163767e+02
1.83104174959960687e+02
1.83399580396780777e+02
1.83820003974601036e+02
1.83986753305383331e+02
1.85028444411240912e+02
1.85287785616648875e+02
1.85767481642263135e+02
1.86429796523305129e+02
1.86686165839314981e+02
1.86938450230246474e+02
1.87307925574988417e+02
1.87499408946245069e+02
1.87546516964348257e+02
1.87621249235184791e+02
1.87719389305274490e+02
1.87924366782623053e+02
1.88043755702724127e+02
1.88172970272387317e+02
1.88239401759034706e+02
1.88601289264255740e+02
1.88916379490147335e+02
1.89608614192896027e+02
1.90140368555763303e+02
1.90361970310225956e+02
1.90753395568427891e+02
1.91106744071328364e+02
1.91909891494103306e+02
1.92060604942191446e+02
1.92458099098941432e+02
1.92517931302421232e+02
1.93088732599778155e+02
1.93544982928229444e+02
1.93843820730924961e+02
1.94118317544035733e+02
1.94398222478320008e+02
1.94967800449055630e+02
1.95008998788246629e+02
1.95171221221682913e+02
1.96000174120530573e+02
1.96642847606935163e+02
1.97169160438093570e+02
1.97306113876699612e+02
1.98329727169237628e+02
1.98398391429536844e+02
1.98544480048525600e+02
1.98607316538090970e+02
1.98852794095739682e+02
1.99178808482975114e+02
1.99501804074068275e+02
1.99699912859469350e+02
2.00477115026474280e+02
2.00639099362507409e+02
2.01363722409438424e+02
2.01568482374459052e+02
2.01868340484049952e+02
2.01986161148316000e+02
2.02193964858611139e+02
2.02556740829730927e+02
2.02956211263974751e+02
2.03130106141375904e+02
2.03450068653201697e+02
2.03599994804754544e+02
2.03717385104736650e+02
2.03807131137801264e+02
2.04134664535413833e+02
2.04446039024995002e+02
2.05104993871518559e+02
2.05618841725995935e+02
2.05665514827278571e+02
2.06192352865759233e+02
2.06575922720139431e+02
2.07132888512899228e+02
2.07659696642146912e+02
2.07776430542707203e+02
2.08025386815395109e+02
2.08246700644146244e+02
2.08409726085328828e+02
2.08597262756527186e+02
2.08716858521995334e+02
2.08979543129412377e+02
2.09594296437584887e+02
2.09646355178623025e+02
2.11005254992533025e+02
2.11305179575541047e+02
2.11645838261597873e+02
2.11926583463665850e+02
2.12157257430600396e+02
2.12337298277233288e+02
2.12563262608268644e+02
2.12669946627892955e+02
2.13011875757480539e+02
2.13064850294116411e+02
2.13301902357516724e+02
2.13796083126596614e+02
2.14857097452741527e+02
2.15440632736060309e+02
2.15996007469885228e+02
2.16211794206942329e+02
2.16458264193617993e+02
2.16735793213953116e+02
2.16940024538548016e+02
2.17311553125470311e+02
2.17980075566755772e+02
2.18053519855625098e+02
2.18513294135146509e+02
2.18862130479900770e+02
2.19356002107866345e+02
2.19782244043364130e+02
2.19860035944691106e+02
2.20191506243953484e+02
2.20297891000194966e+02
2.20507584316385589e+02
2.21570036924762746e+02
2.22460035479954911e+02
2.22632664608836762e+02
2.22910011507844899e+02
2.23272479906383467e+02
2.23428562602981685e+02
2.23712983267933339e+02
2.23851587260229167e+02
2.24688441372494083e+02
2.24901899416967638e+02
2.24992422876682667e+02
2.25220172778166500e+02
2.25472323401935341e+02
2.25603476919091179e+02
2.25756920249782979e+02
2.26406693569315053e+02
2.26748600563581874e+02
2.27085044926656394e+02
2.27593641363435154e+02
2.27999633307921727e+02
2.28108954397886464e+02
2.28253973842717528e+02
2.29032185187570349e+02
2.29628371468045998e+02
2.29684814203330006e+02
2.30467300683826011e+02
2.30924489194899820e+02
2.31037421375918996e+02
2.31473710880326792e+02
2.32111544151445173e+02
2.32211625546805749e+02
2.32420697099231859e+02
2.33224049147775361e+02
2.33997873086578352e+02
2.34267421034573488e+02
2.34330437251711658e+02
2.34509306532492133e+02
2.34875849884285799e+02
2.35001502052805279e+02
2.35490275816394956e+02
2.36089206900134059e+02
2.36725128275211489e+02
2.36948766372558680e+02
2.37476888497365906e+02
2.37861516474073085e+02
2.38366088865918528e+02
2.38583575209944172e+02
2.38894082739770170e+02
2.39111044321946565e+02
2.39321314787646770e+02
2.40163514060403827e+02
2.40250205297067396e+02
2.40457291642508608e+02
2.40910254363387082e+02
2.41436787168484216e+02
2.41692922847906516e+02
2.42920865270651916e+02
2.43176380495451951e+02
2.43308231684962550e+02
2.43508416154963129e+02
2.43640239103557121e+02
2.43786770547086348e+02
2.44517974161480709e+02
2.44794756016121084e+02
2.45345247533029806e+02
2.46044166698420554e+02
2.46338052252391435e+02
2.46961507847174289e+02
2.47169349396007988e+02
2.47837191694792011e+02
2.48102341292993344e+02
2.48319395807840010e+02
2.48722103294546059e+02
2.48799693358604202e+02
2.48988544384629790e+02
2.49291609549434327e+02
2.49617122840861953e+02
2.49825824641241582e+02
2.50027469811196283e+02
2.50090552642007310e+02
2.50382380928312557e+02
2.50480651501297075e+02
2.50649436931325340e+02
2.50728416094674969e+02
2.52008314963146688e+02
2.52199725386286389e+02
2.52456672896567170e+02
2.53915173701381491e+02
2.54170477801777565e+02
2.54560042523564164e+02
2.54965566269545207e+02
2.55246356401473690e+02
2.55491367939891347e+02
2.55643294371335287e+02
2.55883410907038751e+02
2.56533374774950232e+02
2.56707649266850353e+02
2.57112942988824614e+02
2.58013155703657731e+02
2.58949337218369124e+02
2.59093911084979595e+02
2.59709842017537540e+02
2.59902411670244248e+02
2.60260378759409889e+02
2.60761884012173084e+02
2.61035739084544730e+02
2.61293569742479576e+02
2.61897122794524591e+02
2.62153259909684834e+02
2.62751678346356357e+02
2.63398318382858179e+02
2.63769081416420363e+02
2.64222879416578451e+02
2.64622406497747704e+02
2.64883607475146903e+02
2.64950378957263240e+02
2.65172490745553830e+02
2.65729967418698664e+02
2.65986374631411877e+02
2.66853093423477958e+02
2.67333375225989073e+02
2.67961375555172935e+02
2.68374471877082556e+02
2.68518342372604820e+02
2.69127824934591445e+02
2.69539798012582764e+02
2.70247477089793108e+02
2.70622535872590561e+02
2.70891228807673315e+02
2.71706266736734790e+02
2.72020781280761526e+02
2.72439904086936735e+02
2.72975735050914523e+02
2.73320339342977547e+02
2.73504261876080648e+02
2.73890330730650646e+02
2.74046593152290313e+02
2.74112408384784885e+02
2.74849857632506541e+02
2.75054048615184740e+02
2.75416995624690117e+02
2.75591504874759323e+02
2.76071797590536733e+02
2.76494931126724396e+02
2.77324185700106170e+02
2.78298107000022696e+02
2.79345696664144270e+02
2.79706889565278686e+02
2.80039085041847727e+02
2.80108372948080898e+02
2.80746636016173227e+02
2.80895079806591525e+02
2.80986391372555033e+02
2.81072417427519611e+02
2.81448575878284430e+02
2.81834565990582405e+02
2.81982371800251769e+02
2.82166268145244317e+02
2.82737471180229932e+02
2.84859114499141242e+02
2.85058658758834270e+02
2.85243314016211571e+02
2.85871998847464226e+02
2.86125142498114030e+02
2.86586117940947361e+02
2.86787281142313304e+02
2.87226648778669869e+02
2.87344467288023282e+02
2.87883536699768968e+02
2.87990014830781206e+02
2.88787756234119342e+02
2.89341748325662991e+02
2.89920269252589037e+02
2.90064266680583671e+02
2.90346869731412255e+02
2.90453344575777237e+02
2.91125831200404548e+02
2.91494797409233797e+02
2.92187818508235409e+02
2.92640070676910000e+02
2.93268271310803982e+02
2.93576021281219766e+02
2.94165864966576294e+02
2.94597313500889356e+02
2.95235517124210901e+02
2.95418735523730106e+02
2.96229664310292435e+02
2.97174743800867986e+02
2.97397652763141480e+02
2.97513955207035337e+02
2.97621206448707369e+02
2.98164904146473589e+02
2.98667031465871901e+02
2.98972894271704774e+02
2.99437226093724689e+02
2.99687240632062071e+02
2.99858835975951934e+02
3.00085778625171542e+02
3.00180418767542790e+02
3.00421130448108158e+02
3.00769281000780722e+02
3.00955987647920495e+02
3.01138057178762040e+02
3.01603241126010289e+02
3.01729702125869039e+02
3.02145785485403565e+02
3.02482788643549782e+02
3.04594078548453297e+02
3.05006023247121675e+02
3.05400793790644855e+02
3.05908985211865399e+02
3.06166650986158174e+02
3.06298263277981960e+02
3.06586117536788436e+02
3.06908957272421731e+02
3.06996683954053481e+02
3.07098247594931195e+02
3.07376860200564806e+02
3.07473351937943278e+02
3.07948567912828025e+02
3.09171542305411435e+02
3.10187949498638488e+02
3.10445052226573580e+02
3.10882239558311596e+02
3.11276726113348957e+02
3.11962026307754286e+02
3.12071014239537476e+02
3.12702325004367992e+02
3.13015592810729174e+02
3.13180054585888740e+02
3.13283996853450731e+02
3.13550163678795059e+02
3.13685692057667211e+02
3.14046616432448786e+02
3.14643613755508170e+02
3.14825824459508169e+02
3.14936106714852315e+02
3.17242511514520061e+02
3.17743607972330494e+02
3.17934174480571471e+02
3.18044146780365395e+02
3.18185886386262723e+02
3.18499345924863576e+02
3.18947889216171404e+02
3.19210239552653206e+02
3.19352727579724217e+02
3.20366195822161558e+02
3.21801432860474506e+02
3.21899020479774947e+02
3.22188940227662385e+02
3.22659410404796006e+02
3.22919309357754059e+02
3.23183248697663089e+02
3.23270812583086865e+02
3.23892185493529041e+02
3.24312090817180206e+02
3.24673913470699233e+02
3.25341003791358446e+02
3.25502360238357426e+02
3.25616116018275250e+02
3.25986379061677781e+02
3.26143029123789859e+02
3.26276692355123203e+02
3.26740368406694358e+02
3.27135884653676271e+02
3.27379213346617860e+02
3.30107754315151851e+02
3.30663509275142076e+02
3.30937053753796192e+02
3.31473867984241508e+02
3.31641445341440885e+02
3.31897786527636583e+02
3.32144809968347033e+02
3.32297560608883714e+02
3.32954155701293189e+02
3.33189068523729077e+02
3.34104477434458602e+02
3.34348619612241635e+02
3.34900624414121978e+02
3.35505344320370739e+02
3.35676229339982854e+02
3.35846377411624758e+02
3.36403159075108363e+02
3.36589104249572131e+02
3.36997991507134770e+02
3.37813054806707271e+02
3.37998102416635220e+02
3.38222239924528026e+02
3.38510448726348898e+02
3.38801543262525286e+02
3.38956057647611715e+02
3.40241630962173929e+02
3.43071392749192171e+02
3.43218383330789038e+02
3.43691574645727655e+02
3.43973190039970063e+02
3.44137837529614444e+02
3.44244479837065057e+02
3.44447439702994927e+02
3.44758337075195016e+02
3.45012863650808640e+02
3.45170584509950686e+02
3.45339731590898452e+02
3.47051521577499386e+02
3.47953210569685666e+02
3.48228345607861854e+02
3.48628002844178525e+02
3.48765251752224401e+02
3.49051253511510481e+02
3.49296902776781337e+02
3.49528414289603802e+02
3.49894708682607529e+02
3.50218589087197643e+02
3.50548103103541678e+02
3.51081708631021911e+02
3.51245205358783835e+02
3.51770980136064622e+02
3.52290161874332796e+02
3.52403502725655414e+02
3.54294999691642658e+02
3.54543586553120065e+02
3.54801158794294622e+02
3.55080560944603064e+02
3.55696286667120660e+02
3.55803243862727697e+02
3.56107290062926893e+02
3.56224149287522380e+02
3.56438311974411079e+02
3.56909422617933785e+02
3.57429341849112404e+02
3.58414038608882549e+02
3.59037066593188399e+02
3.59642458443922521e+02
3.60548362326098868e+02
3.61089232231469396e+02
3.61468797269630215e+02
3.61784499741877653e+02
3.62052409209700443e+02
3.62191651349695803e+02
3.62476306730627641e+02
3.63168428460279529e+02
3.63278427752863934e+02
3.63955983272241781e+02
3.64246794148259994e+02
3.64376083917093126e+02
3.64629444146360356e+02
3.64994962007171296e+02
3.65257064658074057e+02
3.65698836222267744e+02
3.66361127547213982e+02
3.66881360295827108e+02
3.67595722013134150e+02
3.67697971001209396e+02
3.68086458353629041e+02
3.68685194892093307e+02
3.68903802451229865e+02
3.69165764067833038e+02
3.69385566938815657e+02
3.70225510706042485e+02
3.70322696141247320e+02
3.70687326897427909e+02
3.71501971094561782e+02
3.71879473257066763e+02
3.72183357572696252e+02
3.72398982879105517e+02
3.73166177204275357e+02
3.73498777539425475e+02
3.73619704748211120e+02
3.73826765611305575e+02
3.74195973205958637e+02
3.74399167414076203e+02
3.74716059773356619e+02
3.74934714110572315e+02
3.75259076261962775e+02
3.75576834169666824e+02
3.75788967591623987e+02
3.76057754520230958e+02
3.76299304020062323e+02
3.76826847267289224e+02
3.76920728501656527e+02
3.77112658058135537e+02
3.77590878760749774e+02
3.79179503625490668e+02
3.80084419404839537e+02
3.80361066887837296e+02
3.80711095561593027e+02
3.81375386539864905e+02
3.81786602858449783e+02
3.81904171657036784e+02
3.82378967621787012e+02
3.82724421133260080e+02
3.83785607311068418e+02
3.84813892224911058e+02
3.85269693268983190e+02
3.85692694547452675e+02
3.86135204698942459e+02
3.86297779485393221e+02
3.86577840376268341e+02
3.87012168764705507e+02
3.87116467384138787e+02
3.87581439397402562e+02
3.87677827663231596e+02
3.88141010150420811e+02
3.88528202166913957e+02
3.88679497544342439e+02
3.89379438170940205e+02
3.89529236875534764e+02
3.89841365857385540e+02
3.90353302545040833e+02
3.91234723320614535e+02
3.91745371956243957e+02
3.92416152368460075e+02
3.92692766643083928e+02
3.92804563627565926e+02
3.93258883148136533e+02
3.93399099038160330e+02
3.93580711771117251e+02
3.94235679820152995e+02
3.94677157801511953e+02
3.95739679205543098e+02
3.96228319202383773e+02
3.96572415845756041e+02
3.96836294880112348e+02
3.97253909068252938e+02
3.97505088180560335e+02
3.97799629924196097e+02
3.98203601066435681e+02
3.98611084158427047e+02
3.99040369747604359e+02
3.99432675136710145e+02
3.99994524686414877e+02
4.00191698314015582e+02
4.00471655783663437e+02
4.00876833713215660e+02
4.01207339750914400e+02
4.02125361910477693e+02
4.02266005285501706e+02
4.02609874283221416e+02
4.02993392898784748e+02
4.03209411886602027e+02
4.03754821300067931e+02
4.03881125878035789e+02
4.04334463039075899e+02
4.04987760779942619e+02
4.05571196618730426e+02
4.05896029329007945e+02
4.06271009618245614e+02
4.06395999455319611e+02
4.06789586995322850e+02
4.08076468118014077e+02
4.09005337048903868e+02
4.09318362003695484e+02
4.09838774941239194e+02
4.10032972743563107e+02
4.10799761770018108e+02
4.11130703726752927e+02
4.11571435286448946e+02
4.11728181471011567e+02
4.12450965962550072e+02
4.12621891944981257e+02
4.12765283817308500e+02
4.13037405156156979e+02
4.13346076893452732e+02
4.13979006707965937e+02
4.14232947891311028e+02
4.14582833884521733e+02
4.15115073142387928e+02
4.15549672729817075e+02
4.15973183851913973e+02
4.16329170174826572e+02
4.17052580420631557e+02
4.17232828307603654e+02
4.17791098583716689e+02
4.18146394394531285e+02
4.18485234184730871e+02
4.18695405781391287e+02
4.19955122259205496e+02
4.20840792845849705e+02
4.21255098305802335e+02
4.21441958416358602e+02
4.22122786125058155e+02
4.22642097504547564e+02
4.23218294087529443e+02
4.23409188248705277e+02
4.23751546167628362e+02
4.24051343952494676e+02
4.24625107352583996e+02
4.25382232502921966e+02
4.25778212977382736e+02
4.26219482126118578e+02
4.26568775490443954e+02
4.27101418458915191e+02
4.27443715685933739e+02
4.27817745264242603e+02
4.28218338653994465e+02
4.28624948696178649e+02
4.29046782284388428e+02
4.29450328699755914e+02
4.29606976930167434e+02
4.30441229299249130e+02
4.30881053539111690e+02
4.31061439019387194e+02
4.32038752636384515e+02
4.32956528732198421e+02
4.33572781234375270e+02
4.33751032417652596e+02
4.34202897305613192e+02
4.34640206073276318e+02
4.35001947868888692e+02
4.35299040088800098e+02
4.35482317501830266e+02
4.36121126104140103e+02
4.36799896801603381e+02
4.36937676973007342e+02
4.37279704649061500e+02
4.37492182488174080e+02
4.37957865990347273e+02
4.38156951369457033e+02
4.38701763811199612e+02
4.38983759253475910e+02
4.39365626938621745e+02
4.39710760932836251e+02
4.40143824779931379e+02
4.40470020808045774e+02
4.41192877253362326e+02
4.41613727491002123e+02
4.41763143297736633e+02
4.42582181643875288e+02
4.42913687128055017e+02
4.43193083311062310e+02
4.43961375617734348e+02
4.44128685383018478e+02
4.44470017078243927e+02
4.44702174816166803e+02
4.45053309662472998e+02
4.45722428502384560e+02
4.46055826563521919e+02
4.47106540495376748e+02
4.47281986217634994e+02
4.47408144710336956e+02
4.47548376548527244e+02
4.47798006843193434e+02
4.48076291477259815e+02
4.48565720862592798e+02
4.48785411524508618e+02
