1.5628461968510823e+02
1.5632498949006313e+02
1.5654951255332369e+02
1.5664532492403248e+02
1.5686086659476507e+02
1.5689568578059249e+02
1.5781894217656352e+02
1.5783719412501344e+02
1.5832781373879314e+02
1.5840428227974459e+02
1.5853480410743433e+02
1.5867247909662373e+02
1.5938214788551181e+02
1.5989227352117203e+02
1.5995260983236912e+02
1.6047873599887069e+02
1.6050425990051357e+02
1.6076351002035835e+02
1.6107611535031913e+02
1.6122031666767299e+02
1.6125848938516975e+02
1.6130124039166398e+02
1.6239644513670635e+02
1.6307131203958758e+02
1.6362202294745950e+02
1.6403572930756295e+02
1.6412432145471908e+02
1.6525410705677604e+02
1.6536813865153653e+02
1.6553380920321268e+02
1.6560663943229014e+02
1.6567804160343152e+02
1.6590757558228177e+02
1.6606474525534236e+02
1.6654414311422525e+02
1.6670901181420001e+02
1.6680237183810601e+02
1.6684803416482575e+02
1.6694151511919299e+02
1.6720566012656613e+02
1.6735206506685250e+02
1.6740780915480963e+02
1.6762938049616605e+02
1.6790414755503090e+02
1.6813825627507885e+02
1.6841741031280975e+02
1.6863952570722941e+02
1.6894542066581337e+02
1.6943895717586574e+02
1.6954385019559319e+02
1.6999856823202060e+02
1.7046582595335479e+02
1.7053919879267289e+02
1.7088801249550838e+02
1.7092170686117453e+02
