9.0325108923035828e+01
9.1284955599505395e+01
9.1759674987197627e+01
9.1815172861949975e+01
9.1880059103732776e+01
9.2119864947152053e+01
9.2408500929916443e+01
9.2595675711881739e+01
9.3759012705767262e+01
9.4208035485160096e+01
9.4863803757762611e+01
9.5046552956251006e+01
9.5200014925689430e+01
9.5259996444524205e+01
9.5371781745914646e+01
9.5580252182316585e+01
9.5613889152502310e+01
9.5964397546650545e+01
9.6247081474446503e+01
9.6317991204965367e+01
9.6903865996085898e+01
9.7017522280447693e+01
9.7172917883235257e+01
9.7523116852137832e+01
9.7617276845061511e+01
9.7807043266665659e+01
9.8939662334984064e+01
9.9158636322591477e+01
1.0008263215276158e+02
1.0029194325406867e+02
1.0049712107899751e+02
1.0063786591319142e+02
1.0117955817418202e+02
1.0163888360308309e+02
1.0172652469953222e+02
1.0195396825254971e+02
