1.3303168331450507e+02
1.3314474254518930e+02
1.3350801245762960e+02
1.3360321347992223e+02
1.3382260451629404e+02
1.3395818508686972e+02
1.3449413897478058e+02
1.3456243406959601e+02
1.3487975936894514e+02
1.3501472134961222e+02
1.3530675318701816e+02
1.3535589954575880e+02
1.3615666218570462e+02
1.3638064594716477e+02
1.3650083503852701e+02
1.3698290589232295e+02
1.3714886437089393e+02
1.3734115725900818e+02
1.3778363323999659e+02
1.3852516025119223e+02
1.3864161823720562e+02
1.3876065761278161e+02
1.3929528661593886e+02
1.3987734778397024e+02
1.4052027788268774e+02
1.4124453373829326e+02
1.4148887316098066e+02
1.4151556381431746e+02
1.4170348966310431e+02
1.4196024327917337e+02
1.4215148386550194e+02
1.4292366059706040e+02
1.4380840632795125e+02
1.4394659000004782e+02
1.4423322025537951e+02
1.4442664135861790e+02
1.4445228233736006e+02
1.4451331043883732e+02
1.4459248626584608e+02
1.4471507322341512e+02
1.4475625536434501e+02
1.4494014644003758e+02
1.4496111816869862e+02
1.4504105285121972e+02
1.4540458971935817e+02
1.4586076861658225e+02
1.4625902128836259e+02
1.4636179625151306e+02
