7.2379050192583392e+01
7.3455210161948131e+01
7.3539376933518398e+01
7.3976418374161369e+01
7.4129965503976564e+01
7.4140421479024297e+01
7.4451837123534560e+01
7.4821406125847957e+01
7.5448372420060892e+01
7.5790455113123144e+01
7.6033717968606254e+01
7.6143854000857473e+01
7.7915778605205404e+01
7.7955077736198930e+01
7.8301921000787672e+01
7.8545090531868439e+01
7.9302551355138775e+01
7.9343231856049954e+01
7.9484023798844589e+01
7.9571096115478682e+01
7.9677624540156160e+01
8.0234991681417554e+01
8.0378143711750155e+01
8.1177875542449314e+01
8.1766125244684446e+01
8.2347556572521214e+01
8.2543262341019613e+01
8.2677923709313035e+01
