1.13189588463200153e-01
1.50917352294925422e-01
1.52067399720237972e-01
1.52488421512458672e-01
1.53007844778500157e-01
1.53537794804577743e-01
1.53996212805637356e-01
1.62856841017529064e-01
1.78034727662648606e-01
2.06212562766992846e-01
5.27285018702087882e+00
7.85854694017638167e+00
1.00080336757244339e+01
1.11664309256940726e+01
1.33578684600331883e+01
1.43293023570217741e+01
1.52300438412442105e+01
1.66955250101511865e+01
1.73749456550357877e+01
1.81780394791674951e+01
2.00647428091285889e+01
2.09102643827901176e+01
2.09378998748353240e+01
2.20820568615856274e+01
2.26836932447712485e+01
2.53263121145048018e+01
2.54916787989036777e+01
2.56714100519300956e+01
2.57913742913864752e+01
2.74912706416093044e+01
2.78758769956689036e+01
2.85015131271586597e+01
2.92351565676005976e+01
3.04230246176598484e+01
3.06759466487610837e+01
3.13703062125791803e+01
3.20382063423670616e+01
3.36059784286046863e+01
3.37332979493517371e+01
3.37763057139968339e+01
3.45549691026187702e+01
3.58604474891247378e+01
3.61753833196005985e+01
3.65118151650358413e+01
3.73862434231030534e+01
3.76776030401080959e+01
3.91411993715562971e+01
3.92434306727035676e+01
3.96051349594936823e+01
4.03994943149816663e+01
4.04228768931439220e+01
4.04998569513506084e+01
4.18418652247436285e+01
4.26075885206073224e+01
4.30147755009491277e+01
4.33202381676626658e+01
4.46879293025232585e+01
4.47451954557434703e+01
4.53563048503780806e+01
4.61429597222191603e+01
4.69459112725386944e+01
4.70909068700499347e+01
4.76174440920907216e+01
4.77532607315508528e+01
4.79335734940412692e+01
4.79998855628912224e+01
4.82208296891626560e+01
4.84698274329258822e+01
4.97405043607450637e+01
4.98792254506039683e+01
5.01950498129733376e+01
5.09576290302450730e+01
5.20897345319955889e+01
5.26073021730880725e+01
5.33689112230070748e+01
5.42462047786373205e+01
5.43470021734489421e+01
5.46938665903881827e+01
5.50775005204956756e+01
5.54120338351992814e+01
5.57648022012800197e+01
5.58386267806551189e+01
5.61263191959973540e+01
5.70834160347426973e+01
5.75915143489462764e+01
5.78770120062906983e+01
5.80582599760107598e+01
5.87529958170389364e+01
5.94622616152387309e+01
6.04529946616233360e+01
6.12969171053447042e+01
6.15045330935990933e+01
6.20107759168186874e+01
6.22857513338887259e+01
6.25713752303342119e+01
6.27444729073406506e+01
6.37450280185615838e+01
6.43526676503975921e+01
6.45024971822382440e+01
6.46498211158449863e+01
6.49500877141414605e+01
6.49875306431211754e+01
6.54129856735288797e+01
6.60735001445301293e+01
6.61746067610740170e+01
6.66056544181143124e+01
6.74903999501177054e+01
6.79519976286275948e+01
6.94141450358611962e+01
6.99566877952369168e+01
7.00120384834202412e+01
7.07196480781791479e+01
7.08383508018478381e+01
7.09250497331533722e+01
7.15572776343170744e+01
7.16822582107974995e+01
7.20837327922794771e+01
7.24265358538667670e+01
7.34937365656476800e+01
7.35819165204165131e+01
7.36552199885707068e+01
7.40123115086879864e+01
7.41735287418949554e+01
7.41922330071973590e+01
7.44667024017061294e+01
7.45031201897562028e+01
7.48634695560554064e+01
7.54996319582645299e+01
7.58347238075734822e+01
7.60758635697319789e+01
7.61888144570076804e+01
7.79656979879129040e+01
7.79941906197096557e+01
7.83540814847731326e+01
7.85889517153507313e+01
7.93462630654529164e+01
7.93917528453914940e+01
7.95380819783934214e+01
7.96130555000583229e+01
7.97165304693671999e+01
8.02843757848068833e+01
8.04303296411666224e+01
8.12380687830588499e+01
8.18241520244293383e+01
8.23993885478479342e+01
8.25872098843732942e+01
8.27283478632590459e+01
8.32088784312115592e+01
8.39396375230402612e+01
8.43904047601457989e+01
8.44709278063120621e+01
8.46603700096249838e+01
8.48449513391437051e+01
8.50920511345329373e+01
8.55705083245766218e+01
8.57406858256912585e+01
8.60985719281170248e+01
8.65160983498653025e+01
8.72623874466552820e+01
8.73377834469916650e+01
8.78843920880557903e+01
8.79343750012163810e+01
8.82833942203065476e+01
8.83747783802791389e+01
8.90403449680036942e+01
8.93988426882725662e+01
8.94804902948709469e+01
9.03865058041188831e+01
9.13468467784649647e+01
9.18135099006254336e+01
9.18776041516090913e+01
9.19499095677905700e+01
9.21802036334565287e+01
9.24824013494582573e+01
9.26540169211433806e+01
9.38113884243707332e+01
9.42717284170311700e+01
9.49228177889382323e+01
9.51136095726335782e+01
9.52680524148204881e+01
9.53371611538283901e+01
9.54526991125718780e+01
9.56444455749615940e+01
9.56792882582123525e+01
9.60300988703232008e+01
9.63131165539918186e+01
9.63920804612096447e+01
9.69769498493640185e+01
9.70845413515535540e+01
9.72308919704686900e+01
9.75845963518757742e+01
9.76750912379345948e+01
9.78737097815452444e+01
9.90117459813455127e+01
9.92340742703968317e+01
1.00144849920943415e+02
1.00359408199024926e+02
1.00570025985846229e+02
1.00697523294947899e+02
1.01255578921223190e+02
1.01705763853183697e+02
1.01799493968921524e+02
1.02033347827074550e+02
1.02435947803894180e+02
1.02819022497003289e+02
1.03143711376582417e+02
1.03284673033720935e+02
1.04358776180879204e+02
1.04487234565285434e+02
1.04545783591242667e+02
1.05393900261404013e+02
1.05499519291179297e+02
1.06435074242315352e+02
1.06779406501878640e+02
1.06814310535592512e+02
1.06856920305669831e+02
1.06895408806745991e+02
1.07306846084150294e+02
1.07547545677391724e+02
1.07586547609202910e+02
1.07664223980254064e+02
1.07926111148255302e+02
1.07957443021988809e+02
1.08559331649952355e+02
1.09241042632253368e+02
1.09578762361846344e+02
1.09982183257862062e+02
1.10105782575596692e+02
1.10142501213434798e+02
1.10419742907313321e+02
1.11989554791745434e+02
1.12053057228149015e+02
1.12081681709530500e+02
1.12275467499684027e+02
1.12833714283093599e+02
1.12910036866871451e+02
1.13100945536865567e+02
1.13677076580527626e+02
1.14142449851172529e+02
1.14384687099722981e+02
1.14412853952459130e+02
1.14440866935028737e+02
1.14601760137854427e+02
1.15116642368267691e+02
1.15270241296356858e+02
1.15907398242450341e+02
1.16356546885899888e+02
1.16914755901909075e+02
1.17269796470518713e+02
1.17386878017055864e+02
1.17916074939386732e+02
1.18153595939364180e+02
1.18257175145010194e+02
1.18390109409977612e+02
1.18868089622296651e+02
1.19054089454321939e+02
1.19307877059556461e+02
1.19383014503876893e+02
1.19665536702840910e+02
1.19953512560992294e+02
1.20015321431108816e+02
1.20186464065140171e+02
1.20234057363495566e+02
1.20603741890400727e+02
1.20776653813985405e+02
1.20927827065012735e+02
1.21772578189401145e+02
1.22309886230175039e+02
1.23066481008632024e+02
1.23539390392604190e+02
1.23743515182647570e+02
1.23850266589233513e+02
1.24348900452121740e+02
1.24394072405984218e+02
1.25057055876694506e+02
1.25166627679554438e+02
1.25326380582238556e+02
1.25945717024550191e+02
1.26527424359815853e+02
1.26657880729160581e+02
1.26836341200955047e+02
1.26996954856118634e+02
1.27234853339232046e+02
1.28386056438591737e+02
1.29506311300381753e+02
1.29990328225571147e+02
1.30095277517269892e+02
1.30173339023561311e+02
1.30465179472880010e+02
1.30899752738298304e+02
1.31048601308063837e+02
1.31164591660376317e+02
1.31393053584044821e+02
1.31456443561826632e+02
1.31652375321850371e+02
1.32016679184359731e+02
1.32244025613110097e+02
1.32551737205460171e+02
1.33219214381656030e+02
1.33408098363592330e+02
1.33665750144104351e+02
1.33864851268523864e+02
1.34112172888131965e+02
1.34668862655498032e+02
1.34905302295868296e+02
1.35043534717456509e+02
1.35379562514866734e+02
1.35540797030067267e+02
1.35652441365343634e+02
1.36309431344132292e+02
1.36544647005655293e+02
1.36831472367095046e+02
1.37188401612486899e+02
1.37260346038418675e+02
1.37918265123353024e+02
1.38738817682591701e+02
1.39037171628216299e+02
1.39462723560102319e+02
1.40000258805655562e+02
1.40101240144269781e+02
1.40782326590035126e+02
1.40942393891284894e+02
1.41692681003798299e+02
1.41744365325408921e+02
1.41949505166690699e+02
1.42197438306844219e+02
1.42287927468021479e+02
1.42440536128052372e+02
1.42678288507265819e+02
1.43457238434674423e+02
1.43654689446973890e+02
1.44110408101362452e+02
1.44587740100106885e+02
1.44656560278232803e+02
1.44749333660807707e+02
1.44819606882145081e+02
1.45001172143800233e+02
1.45253117903363517e+02
1.45782023290595788e+02
1.46040641653759792e+02
1.46363073978345540e+02
1.46669361235871548e+02
1.46932711714630585e+02
1.47124617763470781e+02
1.48077942166791019e+02
1.48155651387876503e+02
1.48519306845869664e+02
1.48580581556485896e+02
1.48941133666752933e+02
1.49366291866634612e+02
1.49788402862885079e+02
1.50243157915761941e+02
1.51257675474852164e+02
1.51475243572786638e+02
1.51593082765898146e+02
1.51950779731067058e+02
1.52165605268557897e+02
1.52562763132949613e+02
1.52707919023546935e+02
1.52915799122104346e+02
1.53359116609688755e+02
1.53515429897691376e+02
1.53821618158430596e+02
1.53970289972510841e+02
1.54078214276752277e+02
1.54824011051021841e+02
1.55005621552518647e+02
1.55175830718979256e+02
1.55592042846352427e+02
1.55709813575799359e+02
1.56102087115741881e+02
1.56575031307697941e+02
1.56725449502360902e+02
1.56882065752460903e+02
1.57753063921352918e+02
1.57988933911215440e+02
1.58151172808170656e+02
1.58240878213710914e+02
1.58288319440395696e+02
1.58533808785670942e+02
1.58639494444759123e+02
1.58969446710836053e+02
1.59705337287834766e+02
1.60064556749302994e+02
1.60593343070550020e+02
1.60735904774328048e+02
1.60787968141529007e+02
1.61187823075970073e+02
1.61250116535744837e+02
1.61379616740581639e+02
1.61461511753459661e+02
1.61671075961837232e+02
1.62495627951440497e+02
1.62668504005083605e+02
1.63070576375423400e+02
1.63202425979045529e+02
1.63811773338960791e+02
1.64176548990242736e+02
1.64341338437443824e+02
1.64447156503225187e+02
1.65490136519224961e+02
1.65551174270630383e+02
1.66053177397142008e+02
1.66227673697112664e+02
1.66335467689394591e+02
1.66883293228547188e+02
1.66919551401245371e+02
1.67269738436190778e+02
1.67333515486699298e+02
1.67550218703049552e+02
1.67856255477103957e+02
1.68141309665024494e+02
1.68340832769468591e+02
1.68919313029333921e+02
1.69654767409635781e+02
1.69742412097340377e+02
1.70152719285472926e+02
1.70655796029821261e+02
1.71234565723762330e+02
1.71466367723885242e+02
1.72705128891040886e+02
1.72826075187624610e+02
1.73106205838997539e+02
1.73244541419489906e+02
1.73374798430647161e+02
1.73456150096345709e+02
1.73701497765220495e+02
1.73996328294772297e+02
1.74186639862359470e+02
1.74597874023271572e+02
1.74879121293178002e+02
1.75223384672146437e+02
1.75438777915837647e+02
1.75530427575088197e+02
1.75908636055193256e+02
1.75966133283642080e+02
1.76076481666505742e+02
1.77333691087642478e+02
1.77600646126936340e+02
1.77880315815499159e+02
1.78097385453985339e+02
1.78663447491880106e+02
1.78704725222874515e+02
1.78948696884350852e+02
1.79349484331072290e+02
1.79676381050640998e+02
1.79931918839376067e+02
1.80554868335933975e+02
1.81049474887028168e+02
1.81448948390037856e+02
1.82009729695789929e+02
1.82971386327391883e+02
1.83343214669920940e+02
1.83586842608827112e+02
1.83691930817987554e+02
1.83930431117226362e+02
1.84116272700852733e+02
1.84371684374900667e+02
1.84774905718888988e+02
1.85212240973575945e+02
1.85966046994015755e+02
1.86640966946198887e+02
1.86812194159614194e+02
1.86891610046346898e+02
1.88045499611137416e+02
1.88101204316699693e+02
1.88146015606323829e+02
1.88319192986495807e+02
1.88793189432324766e+02
1.89182047677071637e+02
1.89940147226570502e+02
1.90226253937634567e+02
1.91116868344692250e+02
1.91230788273124460e+02
1.91917461052541285e+02
1.92040854924811413e+02
1.92544972394068566e+02
1.92635064442463488e+02
1.92676142563291705e+02
1.93430322953364850e+02
1.93510796946807829e+02
1.93675253854648872e+02
1.94031405021640580e+02
1.94115305246679782e+02
1.94542116868164840e+02
1.95029721837837883e+02
1.95073275928511976e+02
1.95716436382459335e+02
1.96141895373402519e+02
1.96827603387596810e+02
1.97162176936130038e+02
1.97267707876841769e+02
1.97556736559290130e+02
1.98340914851356615e+02
1.98507630736229089e+02
1.99084234008846522e+02
1.99349544542983267e+02
1.99573229930572381e+02
2.00344552498264534e+02
2.00729552171916112e+02
2.00844502466560868e+02
2.00997729866967632e+02
2.01348487458428338e+02
2.01580045749763201e+02
2.01936705411168305e+02
2.02020005960125957e+02
2.02588904434102403e+02
2.02810256517614505e+02
2.03236385252390448e+02
2.03712122334980961e+02
2.03893714930047679e+02
2.03941107167246287e+02
2.05021037626758527e+02
2.05260513330474112e+02
2.05424557982677015e+02
2.06344051740226291e+02
2.06494563531572510e+02
2.06581497441803663e+02
2.06917223891160631e+02
2.08060992675137129e+02
2.08266484386037519e+02
2.08425796044073479e+02
2.08597405818204038e+02
2.08791632625023681e+02
2.08872591735543892e+02
2.09039406152685331e+02
2.09105044228789097e+02
2.09915334752080582e+02
2.10856671278109786e+02
2.11395054712549040e+02
2.12009771022950929e+02
2.12093135620604016e+02
2.12349500209283690e+02
2.12395998640879100e+02
2.12622392146998266e+02
2.12843113825861508e+02
2.13006461968753968e+02
2.13208534307497757e+02
2.13820081941899616e+02
2.14626921763869007e+02
2.15179139622012485e+02
2.15489523104202249e+02
2.16193667057253208e+02
2.16873901912828046e+02
2.16921361238437612e+02
2.17526351604866477e+02
2.17586290637202865e+02
2.18025717257208100e+02
2.18115769707663048e+02
2.18339648418469494e+02
2.18693414795971194e+02
2.18761015944138137e+02
2.19596600653731571e+02
2.19750739978760350e+02
2.19857566764405476e+02
2.20148192544624408e+02
2.20369040290546991e+02
2.20833527203775702e+02
2.21224663326057453e+02
2.21828406073091458e+02
2.22142092291494635e+02
2.22818756585176288e+02
2.23441000862574128e+02
2.23649516648631845e+02
2.23730672625690602e+02
2.24511765445931417e+02
2.24623190084143232e+02
2.24809659066874076e+02
2.25075750274651398e+02
2.25273962847209020e+02
2.25699309646959307e+02
2.26393485228109625e+02
2.26640981395996675e+02
2.27038129024284501e+02
2.27489804147253039e+02
2.27648293180795349e+02
2.28097680406725942e+02
2.28258551150565040e+02
2.28461033946332009e+02
2.28748262857180407e+02
2.29330741429040017e+02
2.29549189858701880e+02
2.29936542494495029e+02
2.30301910269297707e+02
2.31087665635916892e+02
2.31489303083986101e+02
2.32079015721260191e+02
2.32473618640969107e+02
2.32745357769832310e+02
2.33175496704223519e+02
2.33650056087015969e+02
2.34099922445717709e+02
2.34549512160375230e+02
2.35259416299126826e+02
2.35382728963312729e+02
2.35939609317016675e+02
2.36572226497886561e+02
2.36787202819549918e+02
2.36959704140170913e+02
2.37370518980165741e+02
2.37439450254799112e+02
2.38083165097418600e+02
2.38327997866251962e+02
2.38915989476067637e+02
2.39003487738295064e+02
2.39369674859863665e+02
2.39535083088496037e+02
2.39787264416592507e+02
2.40457582802428533e+02
2.40859558012399191e+02
2.40971989479225783e+02
2.41630144020083890e+02
2.41914504691090485e+02
2.42359447868105576e+02
2.42589294675048905e+02
2.43210638058883944e+02
2.43681669145666319e+02
2.44043533135415373e+02
2.44211999015590834e+02
2.44639537313114488e+02
2.45121133065441256e+02
2.45701894254329147e+02
2.46778891790580587e+02
2.46907351769303773e+02
2.47151121951947744e+02
2.47455433389274333e+02
2.47910828048955352e+02
2.48173243136330370e+02
2.48426496740892503e+02
2.48726585084330964e+02
2.49056561646022317e+02
2.49234182092504000e+02
2.49376387054481029e+02
2.49660175402852019e+02
2.49764448108838451e+02
2.50047078036288553e+02
2.50364018204867421e+02
2.50751128475005885e+02
2.51197021945996653e+02
2.51676438449677505e+02
2.52011890261117003e+02
2.52592443848864320e+02
2.53989720977005334e+02
2.54090183204535549e+02
2.54564366376950773e+02
2.54758209313954353e+02
2.55223886611900582e+02
2.55687106292042017e+02
2.55770083320280889e+02
2.56043803432284619e+02
2.56263334345578926e+02
2.56472069497515633e+02
2.56785424429846728e+02
2.57721075802437724e+02
2.58204053160879766e+02
2.59058172513347643e+02
2.59164605473422910e+02
2.59412162010175393e+02
2.59726412126784510e+02
2.60380084151845153e+02
2.60539456006222508e+02
2.60712746714616401e+02
2.61260898310499442e+02
2.61404015733107485e+02
2.61703084120117637e+02
2.62484055162832590e+02
2.62548404217044208e+02
2.62967842196832919e+02
2.63283194618330356e+02
2.63534964192411394e+02
2.63771992888636248e+02
2.64019190035941108e+02
2.64137860532847526e+02
2.64390324753410994e+02
2.64473040784439149e+02
2.64871214363181309e+02
2.65461400237520081e+02
2.65870629979216403e+02
2.67138773124818783e+02
2.67220211971649121e+02
2.67867856709115358e+02
2.68150451131910643e+02
2.68718003284745862e+02
2.68975369606796733e+02
2.69097960516964861e+02
2.69547802811715087e+02
2.69836638537567524e+02
2.70582014203130655e+02
2.70873421677645808e+02
2.71772064087225488e+02
2.72071927326441426e+02
2.72222213223672100e+02
2.72417250526956764e+02
2.72611864240070020e+02
2.73198415612065503e+02
2.73280984400555326e+02
2.73791764838343568e+02
2.74095675477148347e+02
2.74254486978970135e+02
2.74343967587911891e+02
2.74828388917122140e+02
2.75374096437506466e+02
2.75557611474039561e+02
2.75794383645173014e+02
2.76056615110116979e+02
2.76248058959495438e+02
2.77057967482649758e+02
2.77386844938502406e+02
2.78542226665369526e+02
2.79452634937488483e+02
2.79761357780358651e+02
2.80165915549589499e+02
2.80630801160895260e+02
2.80799061475623262e+02
2.81016582557211620e+02
2.81142463733138356e+02
2.81294641548572599e+02
2.81925582456237350e+02
2.82092147181948008e+02
2.82372433985532155e+02
2.83109972951064151e+02
2.83517054578348336e+02
2.84402265276588992e+02
2.85141529429284617e+02
2.85466552140712224e+02
2.85792639244867246e+02
2.86100867737639021e+02
2.86420448456292775e+02
2.86851245462185034e+02
2.87024693740460975e+02
2.87219567683823072e+02
2.87315589233153503e+02
2.87641778743363034e+02
2.88028519842618550e+02
2.88204851089210422e+02
2.88340160812054364e+02
2.88708431889598216e+02
2.89233250590998239e+02
2.89578899301305398e+02
2.89743879796836438e+02
2.90474369114503247e+02
2.90637586210080542e+02
2.90889377016685671e+02
2.91187961876217230e+02
2.91861155342764278e+02
2.92085135063835651e+02
2.92378022507071535e+02
2.92732010739686245e+02
2.92813177019730176e+02
2.93160921010476784e+02
2.93700272739682532e+02
2.94360621222728525e+02
2.94675606510857847e+02
2.95205121043536167e+02
2.95321668949140360e+02
2.96391983026639366e+02
2.96784536459739002e+02
2.97039476747448191e+02
2.97274480985319258e+02
2.97593791754871518e+02
2.98251230373433089e+02
2.98522547333927662e+02
2.98973819299423894e+02
2.99589860468458085e+02
2.99664946310393304e+02
3.00144558045667395e+02
3.00558871285564692e+02
3.00894907328998045e+02
3.01031725194218097e+02
3.01276962434108327e+02
3.01426680405036393e+02
3.02251149957308485e+02
3.03168588535771676e+02
3.04637012118381563e+02
3.04786229256854824e+02
3.05103495732065028e+02
3.06029123059344784e+02
3.06400708408145931e+02
3.06660349931694270e+02
3.06790721783130891e+02
3.06926755266112650e+02
3.07183754553625874e+02
3.07356285783768158e+02
3.08228210341099668e+02
3.09380092445006596e+02
3.09696691497436177e+02
3.10224921067958462e+02
3.10609120417579561e+02
3.10709095472823890e+02
3.11011416175182546e+02
3.11368853871963495e+02
3.11747929225544851e+02
3.11923126694102166e+02
3.12076184098015233e+02
3.12407197390165493e+02
3.12738478557247163e+02
3.13002951601710265e+02
3.13119414827908145e+02
3.13549248438480902e+02
3.13676881925456485e+02
3.13863776542281585e+02
3.14154525940010956e+02
3.14433513397020931e+02
3.14518503227239250e+02
3.14934001847768002e+02
3.15270871667472250e+02
3.17563799443072924e+02
3.17644233631703969e+02
3.17769706382936249e+02
3.18058415962403501e+02
3.18349938463523301e+02
3.18504862343091929e+02
3.18864899215384128e+02
3.19304957316981813e+02
3.19662674892601729e+02
3.19793201886346424e+02
3.21053892387465623e+02
3.21521376076300271e+02
3.21722609214434328e+02
3.22900708640832249e+02
3.22977942682185642e+02
3.23393265337089304e+02
3.23503169675113327e+02
3.23762243874992521e+02
3.24279770776236660e+02
3.24389607699238866e+02
3.24933973465414795e+02
3.25355508744407700e+02
3.25657169568616723e+02
3.25784635368854936e+02
3.26101775596501625e+02
3.26283730428168894e+02
3.26724346122037616e+02
3.27333569352609459e+02
3.28523770390033633e+02
3.29661482689683339e+02
3.30017806790637565e+02
3.30697152494920317e+02
3.31015934210558157e+02
3.31906065209102167e+02
3.32036868004565349e+02
3.32461866632984311e+02
3.32942471109755331e+02
3.33043550850657653e+02
3.33837362067188451e+02
3.34483624098636085e+02
3.34955672469185743e+02
3.35606962927045629e+02
3.35907361994377311e+02
3.36255042143416915e+02
3.36422138593530235e+02
3.36579750779889650e+02
3.36954120602418925e+02
3.37154280865348710e+02
3.37405619272851709e+02
3.37730177136072996e+02
3.38191984246308778e+02
3.38588823398438649e+02
3.38698179826881642e+02
3.38936402824456138e+02
3.39439674194931285e+02
3.39644962786073393e+02
3.40657502059736032e+02
3.42574417931356777e+02
3.43020971614642633e+02
3.43507300167519190e+02
3.43947016377700152e+02
3.44075104492981723e+02
3.44373028442914745e+02
3.44606622596461250e+02
3.45025012900817160e+02
3.45476971293281792e+02
3.47276617478719800e+02
3.47527152305910931e+02
3.48006858973790031e+02
3.48168433876409779e+02
3.48660773104238842e+02
3.49011108456028694e+02
3.49459259203565125e+02
3.49727078944626555e+02
3.49884937857820887e+02
3.50017161655672055e+02
3.50160252867223051e+02
3.50373915495170877e+02
3.50737955118523757e+02
3.51156050076707288e+02
3.51257728251863966e+02
3.51476897053507855e+02
3.51936613168670988e+02
3.52981044993962257e+02
3.53368659327361911e+02
3.53923313872789834e+02
3.54575565102247253e+02
3.54999615333164513e+02
3.55270726156715909e+02
3.55740516442210378e+02
3.56070377370388769e+02
3.56286101717725387e+02
3.56952413180713108e+02
3.57125703778557408e+02
3.57594344414558577e+02
3.58907912457780867e+02
3.59760715867798183e+02
3.59977684877750050e+02
3.60074703043024556e+02
3.60437775706687660e+02
3.61006105056064087e+02
3.61128187294191775e+02
3.61269339184987132e+02
3.61422158595380552e+02
3.61512857521512785e+02
3.62085261358696073e+02
3.63018348472865569e+02
3.63158731559758792e+02
3.63495130081060211e+02
3.63789373514692670e+02
3.64117603635330909e+02
3.64353457400339153e+02
3.64554368626351391e+02
3.65015633508788937e+02
3.65217096528030822e+02
3.65816230974782854e+02
3.66717032372017684e+02
3.66832074771732835e+02
3.67224416531049485e+02
3.67462382729238925e+02
3.67664230888535599e+02
3.68196690277734376e+02
3.68367798134573093e+02
3.68557366284438046e+02
3.68959548101345831e+02
3.70271861474035120e+02
3.70861642987324899e+02
3.71375857672201505e+02
3.72006715976500629e+02
3.72164727561427128e+02
3.72373805181848752e+02
3.72839713985521769e+02
3.73136049075958567e+02
3.73341082608942429e+02
3.73484784333095035e+02
3.73766066445032891e+02
3.74376278499163163e+02
3.75485423850954987e+02
3.75633138785490075e+02
3.76083401258072286e+02
3.76266423451939886e+02
3.76606194966070461e+02
3.77218196116107322e+02
3.78181603033274939e+02
3.79433668042842498e+02
3.79843614763802577e+02
3.80120313438342407e+02
3.80887895415328387e+02
3.80981769382530956e+02
3.81556277161687547e+02
3.81801136417725900e+02
3.82128717372787378e+02
3.82430862709442863e+02
3.82773152817136520e+02
3.83753254806403959e+02
3.85238725719104480e+02
3.85393294462651909e+02
3.85750742767519682e+02
3.86011878956252417e+02
3.86147728130347048e+02
3.86362143271003049e+02
3.86491163860148788e+02
3.86926112497357906e+02
3.87438711019254526e+02
3.87601499926089616e+02
3.88127570414349293e+02
3.88561822528069570e+02
3.88790772965893609e+02
3.89216619444289222e+02
3.89616972138838662e+02
3.89952496517241514e+02
3.90057465504974971e+02
3.91120199481529198e+02
3.91613761397433620e+02
3.91762717842895938e+02
3.92709231782901895e+02
3.93413050300328166e+02
3.93886979072915722e+02
3.94040969964576789e+02
3.94265912440473301e+02
3.94649145317301702e+02
3.94843096478108976e+02
3.95199179068324327e+02
3.95710711633055951e+02
3.96609784498005070e+02
3.97037592176725923e+02
3.97873005887416070e+02
3.98012416472772372e+02
3.98719596259158095e+02
3.99389899546692959e+02
3.99787967858953721e+02
4.00722267122869766e+02
4.01368287402819021e+02
4.01677174717639730e+02
4.02164590983334222e+02
4.02571828231173015e+02
4.02753569008014267e+02
4.03077624091203347e+02
4.03552792098480722e+02
4.03741783416872408e+02
4.04356502876311197e+02
4.04944406276783468e+02
4.05305545135255215e+02
4.05535096962940372e+02
4.06366084050884297e+02
4.06537352744250541e+02
4.06828142435106997e+02
4.07554021804759259e+02
4.08719410949677922e+02
4.08832491452141880e+02
4.08984140200295258e+02
4.09634239118784194e+02
4.10367009445896144e+02
4.10951949314479577e+02
4.11278970635235396e+02
4.11434007049974468e+02
4.11599542443425662e+02
4.12186877200456252e+02
4.12598873770550426e+02
4.12872924716442412e+02
4.13139099251954235e+02
4.13910674647046676e+02
4.14422407690770115e+02
4.14643703659255607e+02
4.14766854735647485e+02
4.14970705253882784e+02
4.15628138516453646e+02
4.16320010358858781e+02
4.16879605109243471e+02
4.17357081275261748e+02
4.17711150039801964e+02
4.18196180206128020e+02
4.18380198866673823e+02
4.20180613144556219e+02
4.20531416665372717e+02
4.20998249216050226e+02
4.21607962317703254e+02
4.22141730466659510e+02
4.22361741352735180e+02
4.22755858810778136e+02
4.23272050073469813e+02
4.23857635462106259e+02
4.24003330681197099e+02
4.24369239318124755e+02
4.24916264510167025e+02
4.25073527728777208e+02
4.25789891657724752e+02
4.26182530656599056e+02
4.27402318783295414e+02
4.27822990419231814e+02
4.28309956554557743e+02
4.28519431027846963e+02
4.28807844496405778e+02
4.29212611413596278e+02
4.29790539964394725e+02
4.31069833539743854e+02
4.31471618447721312e+02
4.32706144446869530e+02
4.32907628729251314e+02
4.33704262847107429e+02
4.34352575984374653e+02
4.34568277844406907e+02
4.35056435266149606e+02
4.35478747924106870e+02
4.35906580364439947e+02
4.36405505162082136e+02
4.37143103730237158e+02
4.37499734579152573e+02
4.37528070809464225e+02
4.37897425423628761e+02
4.38165458554715883e+02
4.38436535558815535e+02
4.38719949668069034e+02
4.38874177559055511e+02
4.39406397765098063e+02
4.39626838977056877e+02
4.39992805725756284e+02
4.40543590235192823e+02
4.40801578859152414e+02
4.41509955119252481e+02
4.42233224507274372e+02
4.42909812545802993e+02
4.43644162294515127e+02
4.44135167146273602e+02
4.44263416505805026e+02
4.44571791759800362e+02
4.44790343798499634e+02
4.45181401708701401e+02
4.45400738271611431e+02
4.45571088505731268e+02
4.45850316329933662e+02
4.46625759737093517e+02
4.46765073764145654e+02
4.47089330569109734e+02
4.47479712197026856e+02
4.47626485342997171e+02
4.47797426085086386e+02
4.48138626751054289e+02
4.48434432105445467e+02
4.48920841616016446e+02
4.49050758626827474e+02
4.49392644704739610e+02
