5.2709726562884471e+00
7.8555271192779648e+00
1.0003926760927616e+01
1.1161805439023400e+01
1.3352141995621771e+01
1.4324787769993851e+01
1.5223278928012363e+01
1.6688012455834652e+01
1.7367155266212123e+01
1.8172025291907545e+01
2.0055245553791327e+01
2.0900516039391555e+01
2.0930516404039835e+01
2.2071699306135326e+01
2.2675762074971434e+01
2.5314126142629082e+01
2.5482289346861343e+01
2.5658530578019665e+01
2.5778881274295031e+01
2.7477744897192853e+01
2.7865508167939488e+01
2.8492268126148641e+01
2.9223700639942180e+01
3.0407868921109770e+01
3.0664061500812352e+01
3.1354477013252762e+01
3.2021221108085015e+01
3.3588629125981541e+01
3.3721765374962459e+01
3.3762906445870051e+01
3.4540811991279448e+01
3.5842124954162351e+01
3.6156661673719142e+01
3.6496870069311740e+01
3.7372618129595459e+01
3.7657649893273380e+01
3.9119327751660187e+01
3.9226418565620087e+01
3.9590781052084509e+01
4.0382343423360325e+01
4.0400927670576770e+01
4.0482368874925335e+01
4.1819635868989586e+01
4.2584617703125460e+01
4.2996049075344537e+01
4.3303552438693949e+01
4.4720192908324996e+01
4.5335668016284821e+01
4.6125004278388694e+01
4.6918250499219468e+01
4.7069370666036377e+01
4.7600067799661318e+01
4.7731404120925475e+01
4.7906142826333394e+01
4.7979942440554339e+01
4.8194547128077403e+01
4.8442910542698939e+01
4.9712325868323887e+01
4.9858745625543747e+01
5.0171706293191455e+01
5.0933131453516040e+01
5.2064663488231268e+01
5.2576070226198034e+01
5.3346459912375082e+01
5.4225017858807576e+01
5.4320495096782629e+01
5.4669710974353684e+01
5.5046061494905011e+01
5.5377601624747783e+01
5.5732347230685924e+01
5.5810982906819255e+01
5.6092313328900161e+01
5.7058249686229459e+01
5.7557018733122462e+01
5.7847612921052843e+01
5.8029207019051292e+01
5.8728543013549356e+01
5.9431837670981871e+01
6.0423994652559898e+01
6.1258088753658619e+01
6.1273661034599904e+01
6.1478700044586937e+01
6.1981391817409175e+01
6.2253173713011883e+01
6.2261312481178940e+01
6.2533716284284608e+01
6.3705816813979403e+01
6.4318130894865206e+01
6.4460114157853496e+01
6.4615021206194115e+01
6.4919056684775654e+01
6.4945606507076377e+01
6.5377587487210263e+01
6.6043920034011862e+01
6.6132431326654256e+01
6.6569669005858501e+01
6.7453448376581761e+01
6.7917111139356010e+01
6.9382373250060326e+01
6.9921755164459384e+01
6.9934032036344092e+01
6.9968533435714377e+01
7.0674682318936064e+01
7.0789929697939158e+01
7.0884960318548735e+01
7.1522752926057635e+01
7.1649940486717711e+01
7.2042518860664458e+01
7.2379050425968188e+01
7.3455210506334808e+01
7.3539376316565352e+01
7.3976418907767567e+01
7.4129964883244455e+01
7.4140419750065405e+01
7.4451836060664434e+01
7.4821405955971599e+01
7.5448371165925224e+01
7.5790454951078644e+01
7.6033717311213110e+01
7.6143852434960891e+01
7.7915777745518554e+01
7.7955074478787964e+01
7.8301920728229092e+01
7.8545091615091863e+01
7.9302551000314594e+01
7.9343230986526564e+01
7.9484024612051783e+01
7.9571097166789514e+01
7.9677624869141511e+01
8.0234993358618766e+01
8.0378145117459468e+01
8.1177880019280934e+01
8.1766125982998233e+01
8.2347558156690809e+01
8.2543260011240335e+01
8.2677922868808537e+01
8.3157138034093606e+01
8.4334410545507865e+01
8.4407425780795364e+01
8.4597727316311051e+01
8.4791770369960531e+01
8.5047108718050239e+01
8.5510134523745933e+01
8.5685728328334960e+01
8.6050001844226244e+01
8.6456586020244103e+01
8.7213687218186237e+01
8.7276069567135849e+01
8.7830854766504757e+01
8.7876909139379165e+01
8.8232644836230975e+01
8.8327376963589799e+01
8.8974877314828092e+01
8.9339505514557416e+01
8.9424421813408401e+01
9.0325107182799883e+01
9.1284957123188832e+01
9.1759678617566806e+01
9.1815173756590127e+01
9.1880058542742788e+01
9.2119866214508136e+01
9.2408502036139822e+01
9.2595676059078016e+01
9.3759012919596572e+01
9.4208036702859246e+01
9.4863803373212093e+01
9.5046553991392017e+01
9.5200017617665566e+01
9.5259994723207640e+01
9.5371783592366043e+01
9.5580250233652507e+01
9.5613889981151900e+01
9.5964397454538272e+01
9.6247082884947432e+01
9.6317990699014771e+01
9.6903866152358901e+01
9.7017524579843638e+01
9.7172917901440400e+01
9.7523115644565195e+01
9.7617289571367181e+01
9.7807045172942608e+01
9.8939661772910725e+01
9.9158637223916813e+01
1.0008263159786983e+02
1.0029194242728801e+02
1.0049712113997816e+02
1.0063786523357554e+02
1.0117956112180022e+02
1.0163888511820420e+02
1.0172652293875760e+02
1.0195396713710781e+02
1.0236610644598287e+02
1.0273360518130887e+02
1.0308379525582015e+02
1.0321429846542830e+02
1.0429830135280447e+02
1.0440094382951391e+02
1.0445268048379594e+02
1.0530358607249107e+02
1.0540036745586629e+02
1.0634687573698261e+02
1.0670105890562007e+02
1.0676466120184038e+02
1.0677803526537740e+02
1.0719660400603975e+02
1.0745688463191986e+02
1.0756390557070479e+02
1.0784531883053515e+02
1.0786700285839743e+02
1.0848958152791521e+02
1.0919036432066621e+02
1.0951389422826732e+02
1.0989537890796872e+02
1.1004511390007822e+02
1.1007178399796653e+02
1.1034015515046633e+02
1.1190523013442008e+02
1.1197122166693013e+02
1.1199310457482838e+02
1.1219214282503607e+02
1.1277462960652782e+02
1.1282192053899375e+02
1.1303656332903104e+02
1.1358538112445167e+02
1.1413748210476960e+02
1.1434029270386587e+02
1.1436338876213594e+02
1.1453703715939550e+02
1.1507759218023912e+02
1.1524545195168722e+02
1.1582732266296109e+02
1.1631137690227460e+02
1.1681717354818259e+02
1.1717021429994415e+02
1.1727097075732203e+02
1.1782324051821456e+02
1.1804708401003082e+02
1.1816414215680902e+02
1.1818246210018636e+02
1.1873387596674873e+02
1.1876912642668417e+02
1.1879057270617680e+02
1.1924126495619713e+02
1.1932624487386165e+02
1.1955415166669644e+02
1.1989565209742577e+02
1.2000883812787075e+02
1.2010219750941781e+02
1.2012320058736802e+02
1.2014728788080616e+02
1.2051371163442832e+02
1.2082985629249771e+02
1.2164265089673927e+02
1.2218855639023768e+02
1.2293477153250788e+02
1.2342871302760997e+02
1.2363110558813463e+02
1.2373911942232540e+02
1.2425895926122510e+02
1.2427682067901479e+02
1.2494521978104859e+02
1.2503510437780135e+02
1.2526909295595125e+02
1.2580166364151549e+02
1.2642516390347932e+02
1.2656460202226509e+02
1.2671551881294637e+02
1.2690478385844409e+02
1.2699659363424608e+02
1.2820470465151104e+02
1.2930585180697872e+02
1.2948669669854368e+02
1.2981505975198274e+02
1.3001466145529474e+02
1.3021712849194520e+02
1.3067515097923348e+02
1.3075602980343041e+02
1.3080790346938039e+02
1.3093060963393285e+02
1.3137974978672293e+02
1.3146683599003936e+02
1.3168472033410958e+02
1.3182168552448306e+02
1.3198120701666409e+02
1.3204497153994646e+02
1.3303168322494290e+02
1.3314474238648910e+02
1.3350801257005205e+02
1.3360321355660665e+02
1.3382260419783654e+02
1.3395818547367514e+02
1.3449413941401474e+02
1.3456243406959601e+02
1.3487975936894514e+02
1.3501472134961222e+02
1.3530675318701816e+02
1.3535589954575880e+02
1.3615666218570462e+02
1.3638064594716477e+02
1.3650083503852701e+02
1.3698290589232295e+02
1.3714886437089393e+02
1.3734115725900818e+02
1.3778363323999659e+02
1.3852516025119223e+02
1.3864161823720562e+02
1.3876065761278161e+02
1.3929528661593886e+02
1.3987734778397024e+02
1.4052027788268774e+02
1.4124453373829326e+02
1.4148887316098066e+02
1.4151556381431746e+02
1.4170348966310431e+02
1.4196024327917337e+02
1.4215148386550194e+02
1.4292366059706040e+02
1.4380840632795125e+02
1.4394659000004782e+02
1.4423321927350017e+02
1.4442664128926208e+02
1.4445228250999173e+02
1.4451331114203492e+02
1.4459248576532059e+02
1.4471507264129954e+02
1.4475625483956844e+02
1.4494014599047858e+02
1.4496111784920805e+02
1.4504105285181825e+02
1.4540458858677727e+02
1.4586076906023698e+02
1.4625902132790694e+02
1.4636179628619826e+02
1.4679358058696207e+02
1.4684211952441677e+02
1.4690078764141791e+02
1.4699718823644602e+02
1.4797899379721193e+02
1.4800691400252521e+02
1.4839066433795023e+02
1.4849589072962215e+02
1.4879889372910006e+02
1.4919108854647936e+02
1.4942547621656954e+02
1.5104567180895756e+02
1.5113242589665046e+02
1.5169217464152871e+02
1.5176455379153319e+02
1.5223831683717341e+02
1.5251689733812537e+02
1.5256604789165584e+02
1.5272509624300469e+02
1.5336671046894088e+02
1.5346114025070207e+02
1.5358730640587325e+02
1.5361526079957540e+02
1.5384582454948122e+02
1.5387410698347449e+02
1.5413426630603888e+02
1.5420897130938005e+02
1.5481492314438628e+02
1.5498666275935784e+02
1.5519597358754538e+02
1.5560495312133750e+02
1.5585621325440911e+02
1.5599252057508497e+02
1.5628462042538280e+02
1.5632498947139155e+02
1.5654951253441982e+02
1.5664532632706488e+02
1.5686086624509613e+02
1.5689568747607862e+02
1.5781894007888960e+02
1.5783719340726199e+02
1.5832781404323748e+02
1.5840162018390251e+02
1.5853480412391013e+02
1.5867247897128112e+02
1.5938214788551181e+02
1.5989227352117203e+02
1.5995260983236912e+02
1.6047873599887069e+02
1.6050425990051357e+02
1.6076351002035835e+02
1.6107611535031913e+02
1.6122031666767299e+02
1.6125848938516975e+02
1.6130124039166398e+02
1.6239644513670635e+02
1.6307131203958758e+02
1.6362202294745950e+02
1.6403572930756295e+02
1.6412432145471908e+02
1.6525410705677604e+02
1.6536813865153653e+02
1.6553380920321268e+02
1.6560663943229014e+02
1.6567804160343152e+02
1.6590757558228177e+02
1.6606474525534236e+02
1.6654414311422525e+02
1.6670901181420001e+02
1.6680237183810601e+02
1.6684803416482575e+02
1.6694151511919299e+02
1.6720566012656613e+02
1.6735206506685250e+02
1.6740780915480963e+02
1.6762938049616605e+02
1.6790414755503090e+02
1.6813825627507885e+02
1.6841741031280975e+02
1.6863952570722941e+02
1.6894542066581337e+02
1.6943895569011121e+02
1.6954385128997933e+02
1.6999856802164987e+02
1.7046582849459656e+02
1.7053919761549335e+02
1.7088801437101156e+02
1.7092170663889220e+02
1.7207506756680453e+02
1.7217960340672769e+02
1.7265374897934990e+02
1.7281001787605788e+02
1.7292941367093172e+02
1.7301113850863783e+02
1.7310876996237559e+02
1.7321089745788478e+02
1.7324822083911832e+02
1.7342294089208960e+02
1.7365615504757974e+02
1.7373477282679301e+02
1.7391435090607942e+02
1.7436976310409131e+02
1.7444738645185956e+02
1.7447909835927771e+02
1.7525909720676498e+02
1.7532732664795620e+02
1.7610446946482804e+02
1.7616228539749901e+02
1.7625971271643223e+02
1.7628704564467679e+02
1.7745018277434883e+02
1.7751332740392024e+02
1.7760392901932099e+02
1.7776624648851876e+02
1.7788232296093747e+02
1.7811460074499300e+02
1.7855252397736189e+02
1.7865000766559356e+02
1.7886507548211804e+02
1.7894578833284805e+02
1.7902254944667601e+02
1.7933635058193269e+02
1.7970775551797269e+02
1.7980107197171128e+02
1.8015600585017094e+02
1.8036149241838166e+02
1.8058189584757071e+02
1.8073446164724581e+02
1.8089833743161921e+02
1.8116365272815901e+02
1.8125100715330643e+02
1.8165652819350132e+02
1.8178488696327440e+02
1.8280927944956963e+02
1.8290471343304142e+02
1.8297861701349336e+02
1.8338939269975353e+02
1.8347736716025156e+02
1.8372070913514312e+02
1.8415168856795933e+02
1.8426901611242704e+02
1.8429642152109028e+02
1.8488366255505130e+02
1.8556325559280182e+02
1.8567457982910295e+02
1.8593154409065659e+02
1.8613566624394255e+02
1.8639656579286265e+02
1.8661520392881306e+02
1.8717507592563678e+02
1.8725505370693446e+02
1.8746926607455964e+02
1.8781460762924081e+02
1.8790289879880388e+02
1.8795021699759346e+02
1.8814004986089603e+02
1.8826048934401499e+02
1.8851440558852502e+02
1.8860865533333765e+02
1.8890863381568838e+02
1.8906562739811855e+02
1.8922302472041437e+02
1.9002341579578939e+02
1.9004597103139756e+02
1.9010992562827133e+02
1.9032869012859462e+02
1.9048360725266920e+02
1.9131671228070223e+02
1.9134166734484484e+02
1.9141243930948417e+02
1.9178658383735129e+02
1.9194142042633834e+02
1.9229442010099143e+02
1.9232654534306130e+02
1.9244830950650788e+02
1.9257640840641486e+02
1.9268346611263254e+02
1.9328368107064006e+02
1.9366123822684494e+02
1.9390000342297478e+02
1.9420611299326362e+02
1.9428082874973666e+02
1.9448060126493621e+02
1.9453159690601879e+02
1.9500226206386142e+02
1.9504976161352587e+02
1.9569424819462284e+02
1.9602360583993260e+02
1.9626177704518898e+02
1.9648950653330570e+02
1.9667270820264804e+02
1.9705262653167409e+02
1.9712191185140529e+02
1.9714197623911755e+02
1.9762025889166335e+02
1.9802526717532669e+02
1.9813740611404199e+02
1.9848227008614637e+02
1.9853771001767308e+02
1.9906342117236099e+02
1.9925350082602876e+02
1.9993498125834435e+02
2.0035141438479991e+02
2.0049533474877924e+02
2.0072998482147219e+02
2.0127186001124539e+02
2.0160878560796024e+02
2.0165527190496169e+02
2.0185049603638916e+02
2.0194967278347730e+02
2.0228615957933883e+02
2.0247080645335885e+02
2.0257607199856830e+02
2.0298817692415975e+02
2.0305289684651828e+02
2.0312169897750690e+02
2.0320391127164589e+02
2.0328665558522573e+02
2.0341166699042259e+02
2.0345842131058089e+02
2.0348524610225155e+02
2.0354306925243509e+02
2.0490450738332993e+02
2.0522635235603357e+02
2.0531695594943665e+02
2.0546375210437421e+02
2.0622998616660254e+02
2.0629007171318148e+02
2.0643403402376447e+02
2.0658711450784347e+02
2.0662246516208580e+02
2.0671733481373036e+02
2.0746145724428581e+02
2.0784666192430132e+02
2.0786847822003676e+02
2.0792074249903149e+02
2.0824831588255449e+02
2.0829320464049530e+02
2.0838286647154223e+02
2.0846736916912789e+02
2.0852893124319115e+02
2.0878543551851686e+02
2.0896207023231068e+02
2.0909385227326118e+02
2.0930996176514336e+02
2.1036632653675795e+02
2.1056259570527914e+02
2.1098107218781763e+02
2.1153952811836149e+02
2.1171548086697518e+02
2.1189229164759706e+02
2.1202516705747252e+02
2.1217094393893694e+02
2.1229709234206240e+02
2.1254931243592080e+02
2.1260414338559235e+02
2.1285421041991665e+02
2.1329544724291040e+02
2.1353539239291723e+02
2.1445026766345566e+02
2.1489631154647179e+02
2.1494049532531594e+02
2.1498186537012262e+02
2.1524839309601708e+02
2.1549206960086735e+02
2.1569829452961909e+02
2.1592819088504251e+02
2.1618606534129378e+02
2.1630526255604153e+02
2.1651256679595951e+02
2.1662761877698932e+02
2.1681644912604435e+02
2.1689419043957164e+02
2.1710286918822635e+02
2.1721898889083027e+02
2.1729508171463266e+02
2.1740991976209031e+02
2.1768398139148982e+02
2.1800073797066943e+02
2.1808874450888652e+02
2.1877328489887975e+02
2.1903955873164847e+02
2.1922589364542631e+02
2.1946382399189619e+02
2.1955627444719025e+02
2.1960028868443314e+02
2.1977854132368915e+02
2.1994528455595969e+02
2.2011900441515775e+02
2.2053787843852930e+02
2.2157494584418774e+02
2.2164467535589310e+02
2.2206875828913886e+02
2.2248088211596442e+02
2.2294231720538653e+02
2.2310438443542094e+02
2.2316269192887586e+02
2.2325122995411780e+02
2.2381340029720445e+02
2.2414022628709719e+02
2.2443240865636142e+02
2.2462890223648654e+02
2.2486022418786968e+02
2.2491636731074007e+02
2.2513251276850602e+02
2.2516567429388198e+02
2.2549121228244292e+02
2.2614871958741315e+02
2.2676803070242687e+02
2.2710337634289741e+02
2.2712667003139359e+02
2.2742867027556474e+02
2.2774509050279863e+02
2.2781698870579856e+02
2.2792797372408018e+02
2.2866006021645734e+02
2.2876907601616412e+02
2.2881081131456091e+02
2.2904963287203364e+02
2.2911500643337575e+02
2.2925871971246204e+02
2.2968235827037472e+02
2.2982158925689131e+02
2.2987716338130252e+02
2.3010829599582911e+02
2.3029528354865533e+02
2.3088095260716193e+02
2.3097603932199718e+02
2.3105082115106356e+02
2.3111606453252651e+02
2.3119994349702381e+02
2.3128522681745849e+02
2.3172044159902936e+02
2.3217780641003014e+02
2.3249763108400890e+02
2.3268483537955436e+02
2.3293387166259896e+02
2.3346941613810353e+02
2.3361666072649481e+02
2.3374762154092875e+02
2.3382983788127055e+02
2.3393973155294174e+02
2.3419286725377245e+02
2.3426793656279338e+02
2.3501006824268595e+02
2.3517487340720311e+02
2.3543683060121685e+02
2.3604545575479014e+02
2.3632263993541565e+02
2.3637885760082378e+02
2.3643523545031985e+02
2.3674211173978691e+02
2.3679083682732042e+02
2.3730017850736189e+02
2.3737097660081253e+02
2.3779233929051492e+02
2.3823449220751027e+02
2.3837016824653193e+02
2.3895738069269763e+02
2.3910021447559436e+02
2.3921900042665408e+02
2.3933023161491082e+02
2.3974305438791490e+02
2.3987903100520677e+02
2.4013738068443678e+02
2.4048585970818226e+02
2.4056963340528210e+02
2.4062396391314419e+02
2.4082258913585594e+02
2.4091885555003546e+02
2.4118712767940178e+02
2.4156476403787249e+02
2.4218213886091931e+02
2.4253141233408257e+02
2.4262339601913081e+02
2.4268173051319724e+02
2.4333998824608423e+02
2.4357350361830780e+02
2.4368312929587836e+02
2.4389201994457221e+02
2.4416972977391592e+02
2.4430277833209291e+02
2.4488284185583228e+02
2.4515228711722639e+02
2.4529445819114591e+02
2.4576092628039927e+02
2.4603928762858953e+02
2.4630725154447714e+02
2.4654353051045504e+02
2.4678726531719730e+02
2.4733300740745111e+02
2.4739264535468320e+02
2.4757270233107803e+02
2.4831963178314146e+02
2.4864580873258490e+02
2.4872349172633383e+02
2.4884056441630381e+02
2.4904432353291489e+02
2.4927905652045223e+02
2.4944419716025689e+02
2.4963454461667419e+02
2.4975001446231329e+02
2.4993757014743809e+02
2.5093026142710821e+02
2.5099524316346918e+02
2.5172500650855469e+02
2.5188691660879851e+02
2.5291270268725049e+02
2.5329757231724622e+02
2.5363286676829389e+02
2.5374648143494505e+02
2.5407726433408160e+02
2.5436321032596118e+02
2.5458259800652391e+02
2.5467638884011308e+02
2.5481990172630509e+02
2.5488841466877273e+02
2.5527628341649455e+02
2.5531977338622065e+02
2.5584209657558216e+02
2.5608233769126264e+02
2.5634737120425746e+02
2.5668645575201316e+02
2.5705161457172176e+02
2.5754510326538968e+02
2.5775922551792269e+02
2.5817896453718652e+02
2.5856603167850233e+02
2.5907369265601028e+02
2.5915845031268361e+02
2.6004508705867192e+02
2.6021439046059152e+02
2.6069877286340733e+02
2.6073305806776642e+02
2.6078728195360759e+02
2.6092194911275971e+02
2.6155618349025457e+02
2.6161487966214787e+02
2.6230735447402276e+02
2.6254903079024064e+02
2.6275808142377190e+02
2.6299512517314673e+02
2.6342413983121077e+02
2.6359567126630537e+02
2.6385082874884597e+02
2.6409688348088594e+02
2.6432248490867357e+02
2.6445767926825124e+02
2.6459777485145423e+02
2.6540488861327435e+02
2.6557212857031374e+02
2.6568200461878507e+02
2.6595036171170335e+02
2.6649285648221797e+02
2.6664590802377433e+02
2.6690507103669432e+02
2.6723188205853222e+02
2.6754340411833607e+02
2.6824056353812239e+02
2.6883598596817711e+02
2.6901555356314771e+02
2.6960421484915292e+02
2.7033140995234447e+02
2.7052840530603987e+02
2.7058160915249215e+02
2.7067635915182592e+02
2.7097225790750008e+02
2.7121469424750666e+02
2.7152978487311970e+02
2.7170224376584576e+02
2.7212420505446494e+02
2.7244326551960773e+02
2.7254664285148044e+02
2.7304916370398632e+02
2.7350660726089802e+02
2.7363966219569926e+02
2.7401052308558070e+02
2.7427620949802917e+02
2.7459821232997274e+02
2.7506788670978551e+02
2.7519828970948322e+02
2.7556939780562561e+02
2.7603283520858423e+02
2.7680599276886926e+02
2.7733136051646153e+02
2.7775034024584841e+02
2.7834892423351948e+02
2.7887785459427602e+02
2.7917137573741348e+02
2.7942430895761584e+02
2.7947542021650679e+02
2.8001741060857205e+02
2.8011103435330256e+02
2.8019376106271562e+02
2.8039282114937293e+02
2.8051756145077343e+02
2.8102320658756230e+02
2.8146650792139280e+02
2.8185020722080424e+02
2.8215606108237199e+02
2.8228605269629486e+02
2.8246357030844626e+02
2.8274842753466675e+02
2.8350226039875702e+02
2.8372153862371681e+02
2.8378315757920410e+02
2.8413636727459595e+02
2.8436538225297681e+02
2.8443076991346049e+02
2.8456975261031721e+02
2.8480979265696897e+02
2.8506461336759770e+02
2.8534695105557944e+02
2.8599731028573092e+02
2.8640583782676532e+02
2.8696579369686543e+02
2.8733594035069348e+02
2.8776553788921598e+02
2.8802885056405484e+02
2.8839876064963278e+02
2.8867674248038503e+02
2.8921580586003427e+02
2.8958033063774735e+02
2.8973250205045611e+02
2.9000820606390789e+02
2.9024498932914412e+02
2.9076156270408831e+02
2.9094554994003215e+02
2.9173511061995055e+02
2.9194767013010068e+02
2.9211797762506484e+02
2.9277843626799955e+02
2.9358811841265106e+02
2.9450628695063710e+02
2.9484694663910432e+02
2.9544779280499313e+02
2.9593056823582037e+02
2.9624272220124215e+02
2.9634308977751959e+02
2.9654073888156501e+02
2.9670374126116411e+02
2.9723213932800354e+02
2.9765124240028263e+02
2.9788739199879262e+02
2.9829757250999819e+02
2.9848780134829400e+02
2.9871243587642289e+02
2.9909830802218187e+02
2.9942077526390023e+02
2.9969297105761569e+02
2.9979055868601409e+02
2.9995936439787590e+02
3.0036094754870919e+02
3.0074803914424513e+02
3.0102194779088444e+02
3.0142894208157441e+02
3.0196942501369864e+02
3.0228238289996568e+02
3.0243847998887543e+02
3.0263688290114970e+02
3.0334548205318112e+02
3.0377654125556592e+02
3.0388894779476522e+02
3.0466507144743935e+02
3.0531888710305009e+02
3.0565055294125926e+02
3.0650517567530676e+02
3.0667385768005215e+02
3.0677303009631618e+02
3.0720548075393526e+02
3.0754198283394976e+02
3.0787382003997737e+02
3.0855310939248022e+02
3.0907266712550160e+02
3.0937386120344064e+02
3.0959586884484702e+02
3.0989455507199813e+02
3.1074562015057586e+02
3.1113122157511219e+02
3.1147338786758473e+02
3.1177440110827615e+02
3.1196645701433567e+02
3.1222313655439501e+02
3.1271669188798018e+02
3.1300268093883182e+02
3.1374805217808347e+02
3.1438454661329774e+02
3.1460827302808144e+02
3.1474487268313948e+02
3.1504217432787311e+02
3.1540604257459762e+02
3.1596628074413769e+02
3.1648571649131100e+02
3.1696695238060784e+02
3.1714916055128248e+02
3.1755949527406051e+02
3.1856564181472095e+02
3.1898146513772571e+02
3.1961692139026127e+02
3.2024136312917557e+02
3.2073377006779862e+02
3.2139498206101621e+02
3.2165596280834757e+02
3.2239064274303468e+02
3.2285218706065399e+02
3.2319939913771998e+02
3.2334379941286841e+02
3.2380838617775794e+02
3.2482565222187327e+02
3.2550671894409140e+02
3.2603124871630007e+02
3.2682846415355414e+02
3.2760450165290439e+02
3.2809952716624656e+02
3.2872029249079071e+02
3.2908776405991279e+02
3.2993062053620093e+02
3.3160956329596399e+02
3.3201584198083674e+02
3.3231014012630612e+02
3.3264288711769001e+02
3.3343349027324541e+02
3.3358227172182336e+02
3.3417642888324991e+02
3.3501292226071644e+02
3.3569883814164172e+02
3.3610106704147228e+02
3.3672058325887281e+02
3.3720009199707243e+02
3.3859974955284434e+02
3.3981307676714761e+02
3.4204051517796921e+02
3.4234082631189665e+02
3.4272638685661894e+02
3.4367802908429474e+02
3.4417760928589496e+02
3.4446439893913725e+02
3.4514837745397358e+02
3.4604526342927647e+02
3.4671622261298324e+02
3.4749516640937088e+02
3.4874955608634872e+02
3.4895067245427060e+02
3.4938566571660624e+02
3.4991160366692128e+02
3.5061501326306859e+02
3.5135129289573717e+02
3.5319159706003126e+02
3.5384901699237747e+02
3.5465822781782367e+02
3.5616855596144819e+02
3.5744170467807010e+02
3.5977687578460672e+02
3.6228695398762193e+02
3.6325460546694876e+02
3.6386928703119474e+02
3.6464534633074845e+02
3.6570565857802956e+02
3.6728616832915287e+02
3.6825691908028358e+02
3.6945225105851904e+02
3.7026652309831553e+02
3.7089879798242265e+02
3.7173175600046250e+02
3.7293668704268219e+02
3.7479168135820510e+02
3.7538630511402135e+02
3.7684614660640938e+02
3.7821861498881719e+02
3.8002539296310846e+02
3.8107601251623419e+02
3.8162720368214275e+02
3.8209259203323626e+02
3.8456080332905418e+02
3.8525203315090937e+02
3.8651670433215622e+02
3.8762795309317983e+02
3.8923107543982769e+02
3.9127914649311742e+02
3.9172912656650453e+02
3.9265241559970883e+02
3.9322623000677925e+02
3.9480873118972283e+02
3.9611389045445230e+02
3.9835402566299155e+02
3.9999429662775736e+02
4.0140074655511609e+02
4.0266809541590987e+02
4.0408007787126013e+02
4.0565882817667807e+02
4.0611072981298071e+02
4.0760678047167391e+02
4.0819380742115288e+02
4.0940260091421601e+02
4.1167620159810991e+02
4.1340432061533801e+02
4.1377253355810490e+02
4.1461503177910305e+02
4.1610954163071528e+02
4.1897066318981541e+02
4.2196963480278629e+02
4.2419984241771368e+02
4.2616852895479792e+02
4.2778649176563448e+02
4.2900770264532792e+02
4.3073298799111217e+02
4.3372839788454377e+02
4.3639482582353622e+02
4.3756316961616290e+02
4.3856451294975705e+02
4.4175541985977281e+02
4.4370734525284786e+02
4.4532807449568975e+02
4.4745182530337996e+02
4.4869919540924292e+02
4.5044466515677237e+02
4.5198942439138250e+02
4.5344584566379797e+02
4.5682093110832363e+02
4.5781058793452280e+02
4.5959600693880299e+02
4.6106151504462576e+02
4.6503751924818965e+02
4.6836311984758999e+02
4.7111073590292017e+02
4.7343307743139934e+02
4.7772851529445376e+02
4.8097040624592944e+02
4.8337502625221299e+02
