5.2709726474225231e+00
7.8555271203858084e+00
1.0003926670877103e+01
1.1161805376203112e+01
1.3352141958020152e+01
1.4324787767076508e+01
1.5223278736748220e+01
1.6688012529576454e+01
1.7367155189487768e+01
1.8172025214675088e+01
2.0055245456905038e+01
2.0900516014793716e+01
2.0930516458946293e+01
2.2071699572194930e+01
2.2675762078663915e+01
2.5314126089980952e+01
2.5482289368383977e+01
2.5658530431763744e+01
2.5778881260794947e+01
2.7477745132939116e+01
2.7865508573832997e+01
2.8492267840754359e+01
2.9223700605106082e+01
3.0407868858211927e+01
3.0664061507431271e+01
3.1354476940869205e+01
3.2021220944462016e+01
3.3588628892374217e+01
3.3721765544189381e+01
3.3762906430673468e+01
3.4540812070224725e+01
3.5842124936031595e+01
3.6156661557390493e+01
3.6496869976623152e+01
3.7372618500294941e+01
3.7657649413691878e+01
3.9119327408690246e+01
3.9226418675408027e+01
3.9590780919243429e+01
4.0382343533236053e+01
4.0400927684550055e+01
4.0482368566311244e+01
4.1819635575563183e+01
4.2584617644258294e+01
4.2996049417995167e+01
4.3303552264012609e+01
4.4720193479429085e+01
4.5335668314847723e+01
4.6125004437648336e+01
4.6918250970198343e+01
4.7069371547688149e+01
4.7600068074678788e+01
4.7731404376853320e+01
4.7906142701354923e+01
4.7979942209915350e+01
4.8194546812848394e+01
4.8442910246188220e+01
4.9712325642310958e+01
4.9858745777859070e+01
5.0171706556463022e+01
5.0933131184510053e+01
5.2064663389478412e+01
5.2576070783967715e+01
5.3346460056695108e+01
5.4225017687865105e+01
5.4320494867476853e+01
5.4669710637314424e+01
5.5046061177808369e+01
5.5377602532322456e+01
5.5732347791132142e+01
5.5810983130565717e+01
5.6092313683650730e+01
5.7058249868070675e+01
5.7557018786672899e+01
5.7847612855343520e+01
5.8029207263076287e+01
5.8728543410875986e+01
5.9431838169618388e+01
6.0423994097965981e+01
6.1258088702833078e+01
6.1273661523999422e+01
6.1478699748827871e+01
6.1981391134151551e+01
6.2253173571666458e+01
6.2261312777848651e+01
6.2533716505603365e+01
6.3705816704600835e+01
6.4318130788799436e+01
6.4460115828729712e+01
6.4615021304522926e+01
6.4919056562699382e+01
6.4945607016502947e+01
6.5377587649864324e+01
6.6043920200245395e+01
6.6132430895327190e+01
6.6569669201874888e+01
6.7453447905402683e+01
6.7917111733018345e+01
6.9382372255101075e+01
6.9921755318240088e+01
6.9934032496872476e+01
6.9968533833668275e+01
7.0674682801188439e+01
7.0789929628645694e+01
7.0884960507197235e+01
7.1522752719901177e+01
7.1649941270970686e+01
7.2042519262158464e+01
7.2379050416642002e+01
7.3455210256263456e+01
7.3539376671219628e+01
7.3976418640964468e+01
7.4129965193610502e+01
7.4140420614544851e+01
7.4451836592099497e+01
7.4821406040909778e+01
7.5448371792993058e+01
7.5790455032100894e+01
7.6033717639909682e+01
7.6143853217909182e+01
7.7915778175361979e+01
7.7955076107493454e+01
7.8301920864508389e+01
7.8545091073480151e+01
7.9302551177726684e+01
7.9343231421288266e+01
7.9484024205448179e+01
7.9571096641134091e+01
7.9677624704648835e+01
8.0234992520018153e+01
8.0378144414604805e+01
8.1177878347980268e+01
8.1766125651064442e+01
8.2347557250052290e+01
8.2543261218877490e+01
8.2677923316371931e+01
8.3157137820781031e+01
8.4334409915641288e+01
8.4407427086107333e+01
8.4597726771166833e+01
8.4791770439072280e+01
8.5047108552099928e+01
8.5510134002406602e+01
8.5685728250270429e+01
8.6050002433346691e+01
8.6456586706010938e+01
8.7213686910110567e+01
8.7276069711755667e+01
8.7830855431047283e+01
8.7876909373161837e+01
8.8232644736062028e+01
8.8327381216407133e+01
8.8974877403649032e+01
8.9339506533796353e+01
8.9424421872717957e+01
9.0325107586195571e+01
9.1284956694312370e+01
9.1759676947355715e+01
9.1815173271681687e+01
9.1880058593973587e+01
9.2119865401550413e+01
9.2408501483028132e+01
9.2595675885479878e+01
9.3759012812681917e+01
9.4208036094009671e+01
9.4863803565487359e+01
9.5046553473821518e+01
9.5200016271677498e+01
9.5259995583865930e+01
9.5371782669140345e+01
9.5580251207984546e+01
9.5613889566827112e+01
9.5964397500594401e+01
9.6247082179696974e+01
9.6317990951990069e+01
9.6903866074222407e+01
9.7017523430145673e+01
9.7172917892337836e+01
9.7523116248351513e+01
9.7617283208214346e+01
9.7807044219804141e+01
9.8939662053947387e+01
9.9158636773254145e+01
1.0008263175706739e+02
1.0029194239180566e+02
1.0049712143709102e+02
1.0063786538204613e+02
1.0117955965121307e+02
1.0163888457596923e+02
1.0172652389187887e+02
1.0195396746116010e+02
1.0236610582999491e+02
1.0273360551560623e+02
1.0308379537146840e+02
1.0321429796154239e+02
1.0429830141703533e+02
1.0440094280177101e+02
1.0445267837540079e+02
1.0530358681009780e+02
1.0540036742255577e+02
1.0634687605904062e+02
1.0670105819816692e+02
1.0676466009490183e+02
1.0677803661971134e+02
1.0719660460381574e+02
1.0745688349798728e+02
1.0756390848309634e+02
1.0784532070606306e+02
1.0786700320517912e+02
1.0848958245257288e+02
1.0919036424541650e+02
1.0951389542803055e+02
1.0989537818194438e+02
1.1004511305771109e+02
1.1007178033758817e+02
1.1034015444755443e+02
1.1190523090032303e+02
1.1197122112556735e+02
1.1199310381757371e+02
1.1219214209514885e+02
1.1277462904744651e+02
1.1282192174590449e+02
1.1303656658934290e+02
1.1358538044030782e+02
1.1413748250354323e+02
1.1434130165175074e+02
1.1436339018720912e+02
1.1453703580957114e+02
1.1507759105280590e+02
1.1524545064510750e+02
1.1582732198811335e+02
1.1631137641321163e+02
1.1681717315606943e+02
1.1717021425726772e+02
1.1727097108710163e+02
1.1782323973750293e+02
1.1804708415555669e+02
1.1816414268781932e+02
1.1818246366695720e+02
1.1873387571261679e+02
1.1876912559805663e+02
1.1879057228894975e+02
1.1924126149948790e+02
1.1932624467213581e+02
1.1955415027198809e+02
1.1989565318726682e+02
1.2000883935019255e+02
1.2010219767567227e+02
1.2012321316883870e+02
1.2014728769073074e+02
1.2051371210878611e+02
1.2082985708458226e+02
1.2164265128237723e+02
1.2218855683930423e+02
1.2293477141755068e+02
1.2342871510548041e+02
1.2363110228097715e+02
1.2373911987887314e+02
1.2425895870110607e+02
1.2427682016725589e+02
1.2494522101695705e+02
1.2503510348332298e+02
1.2526909207901136e+02
1.2580166552638212e+02
1.2642516232519934e+02
1.2656460257225278e+02
1.2671551900056647e+02
1.2690478306639179e+02
1.2699659364546031e+02
1.2820470509611587e+02
1.2930585081792228e+02
1.2948669236687488e+02
1.2981505994061794e+02
1.3001466129097273e+02
1.3021713149848171e+02
1.3067515107573104e+02
1.3075603012725256e+02
1.3080788725140178e+02
1.3093060926600288e+02
1.3146683601582504e+02
1.3168472007681686e+02
1.3182168569342326e+02
1.3198120657837228e+02
1.3204496995146889e+02
1.3303168381299520e+02
1.3314474243062097e+02
1.3350801195529763e+02
1.3360321442090668e+02
1.3382260395258908e+02
1.3395818543580498e+02
1.3449413881277377e+02
1.3456243625348461e+02
1.3487976098973212e+02
1.3501472185588199e+02
1.3530675312683684e+02
1.3535590100337708e+02
1.3615666195427684e+02
1.3638064714410115e+02
1.3650083373636375e+02
1.3698290559761884e+02
1.3714886377460937e+02
1.3734115756486113e+02
1.3778363410194964e+02
1.3852515959505780e+02
1.3864161832255280e+02
1.3876065992487858e+02
1.3929528729349983e+02
1.3987734751654088e+02
1.4052027809441975e+02
1.4124453409488797e+02
1.4148888827358616e+02
1.4151556104241371e+02
1.4170349018300152e+02
1.4196024384443476e+02
1.4214591488602230e+02
1.4292366030148523e+02
1.4380840643674787e+02
1.4394659080179298e+02
1.4423321996576823e+02
1.4442664084745283e+02
1.4445228311555869e+02
1.4451330946376819e+02
1.4458739980032263e+02
1.4471507206115837e+02
1.4475625514452713e+02
1.4494014696063556e+02
1.4496111857981776e+02
1.4504105592817081e+02
1.4540457560730187e+02
1.4586077092447914e+02
1.4625902010895442e+02
1.4636179767196063e+02
1.4679357645645257e+02
1.4684211964878378e+02
1.4690078803801129e+02
1.4699718680491651e+02
1.4797899218700820e+02
1.4800691541775211e+02
1.4839066206542640e+02
1.4849589643063536e+02
1.4879889412787486e+02
1.4919109011176596e+02
1.4942547657941759e+02
1.5104566997223938e+02
1.5113242643411687e+02
1.5169217388519570e+02
1.5176455347554023e+02
1.5223831539956694e+02
1.5251689705314695e+02
1.5256604962176448e+02
1.5272509685525279e+02
1.5336671056814203e+02
1.5346114488180413e+02
1.5358730695413618e+02
1.5361526219452472e+02
1.5384582464550999e+02
1.5387411128177703e+02
1.5413427885220509e+02
1.5420448273775767e+02
1.5481492221911898e+02
1.5498666139754516e+02
1.5519597306492133e+02
1.5560495372867092e+02
1.5585621237854639e+02
1.5599251881505828e+02
1.5628461868166318e+02
1.5632498831211532e+02
1.5654951194566962e+02
1.5664532890903695e+02
1.5686090052437086e+02
1.5689568830256812e+02
1.5781894263956445e+02
1.5783719348434101e+02
1.5832781308494984e+02
1.5840161961456602e+02
1.5853480426134712e+02
1.5867247923510402e+02
1.5938215371992436e+02
1.5989227770128443e+02
1.5995261278695131e+02
1.6047873137887180e+02
1.6050426223098114e+02
1.6076350834088439e+02
1.6107611471451162e+02
1.6122562278277530e+02
1.6125848989658866e+02
1.6130124124581641e+02
1.6239644415326194e+02
1.6307131149391040e+02
1.6362202571537449e+02
1.6403572595265251e+02
1.6412431869419538e+02
1.6525411070170077e+02
1.6536813869820469e+02
1.6553380783520311e+02
1.6560664047767764e+02
1.6567804319041898e+02
1.6590757386390638e+02
1.6606474026717922e+02
1.6654414198386138e+02
1.6670901231195410e+02
1.6680234706753171e+02
1.6684803529400682e+02
1.6694151692730185e+02
1.6720565896835984e+02
1.6735206365406918e+02
1.6740780933565406e+02
1.6762937642729764e+02
1.6790415090843430e+02
1.6813826010779309e+02
1.6841741397179840e+02
1.6863952359040059e+02
1.6894539227014263e+02
1.6943895142247663e+02
1.6954385332170028e+02
1.6999856965297118e+02
1.7046582925163432e+02
1.7053919751282913e+02
1.7088801439862607e+02
1.7092170821401987e+02
1.7207506921420722e+02
1.7217960410282743e+02
1.7265375465375388e+02
1.7281001634846251e+02
1.7292941324884100e+02
1.7301114003093761e+02
1.7310877812702836e+02
1.7321089754651126e+02
1.7324822101150050e+02
1.7342294498168420e+02
1.7365615226396051e+02
1.7373477810381604e+02
1.7391435581377314e+02
1.7436976261424741e+02
1.7444739215757642e+02
1.7447909834102160e+02
1.7525909588777506e+02
1.7532736380436165e+02
1.7610447130344681e+02
1.7616228624719668e+02
1.7625971325211350e+02
1.7628704886481802e+02
1.7745018306058003e+02
1.7751332790031023e+02
1.7760392996027181e+02
1.7776624672935952e+02
1.7788232596370352e+02
1.7811460077617102e+02
1.7855252360713160e+02
1.7865000568251921e+02
1.7885673318042572e+02
1.7894579112925311e+02
1.7902254691975546e+02
1.7933634996540707e+02
1.7970775942269290e+02
1.7980107206652471e+02
1.8015603221467222e+02
1.8036149263664413e+02
1.8058188871635679e+02
1.8073446201036353e+02
1.8089833540867062e+02
1.8116365080314910e+02
1.8125100548909251e+02
1.8166370966674012e+02
1.8178488889833380e+02
1.8280927374916934e+02
1.8290471361400569e+02
1.8297861531187922e+02
1.8338939284051435e+02
1.8347737085560811e+02
1.8372071067740112e+02
1.8415168743379525e+02
1.8426901244186490e+02
1.8429641777928825e+02
1.8488366437283969e+02
1.8556325178192640e+02
1.8567454978064734e+02
1.8593154452522577e+02
1.8613566806098277e+02
1.8639655358420211e+02
1.8661520312719495e+02
1.8717507840049171e+02
1.8725505946390348e+02
1.8746926831869632e+02
1.8781460664632417e+02
1.8790289836741178e+02
1.8795021834663009e+02
1.8814005253092336e+02
1.8826048965807405e+02
1.8851440669745722e+02
1.8860865618369172e+02
1.8890864332168775e+02
1.8906563194593491e+02
1.8922302279270224e+02
1.9002341365719300e+02
1.9004597244200951e+02
1.9010992777346630e+02
1.9032868486807797e+02
1.9048360860572041e+02
1.9131671616091364e+02
1.9134167086266265e+02
1.9141243762474511e+02
1.9178659005152596e+02
1.9194141728695200e+02
1.9229442282244634e+02
1.9232654828564796e+02
1.9244830853371815e+02
1.9257640817350594e+02
1.9268347003727939e+02
1.9328368249076567e+02
1.9366124047625297e+02
1.9390001528371880e+02
1.9420611078140610e+02
1.9428082994228936e+02
1.9448060283323221e+02
1.9453159903812247e+02
1.9500226251090311e+02
1.9504979820593368e+02
1.9569425113765934e+02
1.9602360849478004e+02
1.9626178521363619e+02
1.9648950997521368e+02
1.9667271121653613e+02
1.9705263329861273e+02
1.9712191618722767e+02
1.9714197789570966e+02
1.9762025649176479e+02
1.9802526591587355e+02
1.9813740895833934e+02
1.9848227876634354e+02
1.9853777717201731e+02
1.9906341895847450e+02
1.9925350068375141e+02
1.9993498455173773e+02
2.0035142069815350e+02
2.0049534154784840e+02
2.0072998303284021e+02
2.0127185736577934e+02
2.0160878522061122e+02
2.0165527142931427e+02
2.0185049721072650e+02
2.0194967877314861e+02
2.0228614679169334e+02
2.0247079862405548e+02
2.0257607969827754e+02
2.0298818205501942e+02
2.0305289684651828e+02
2.0312169257648145e+02
2.0320390960346418e+02
2.0328665416430746e+02
2.0341166495975136e+02
2.0345842424880252e+02
2.0348524758446996e+02
2.0354307656516892e+02
2.0490451022406731e+02
2.0522635016084823e+02
2.0531696094698594e+02
2.0546375527731482e+02
2.0622997477033863e+02
2.0629007140273572e+02
2.0643403241470514e+02
2.0658710376213438e+02
2.0662246742302852e+02
2.0671733328276770e+02
2.0746145843827975e+02
2.0784665744162541e+02
2.0786847579384249e+02
2.0792074644724119e+02
2.0824831320243999e+02
2.0829320652174903e+02
2.0838287050022586e+02
2.0846736983133650e+02
2.0852893439312743e+02
2.0878542982265944e+02
2.0896206207679671e+02
2.0909380267062119e+02
2.0930996790804778e+02
2.1036632561771694e+02
2.1056260478488127e+02
2.1098107426695734e+02
2.1153953166617811e+02
2.1171548326480900e+02
2.1189228800274307e+02
2.1202519544581307e+02
2.1217096225748787e+02
2.1229709603991654e+02
2.1254931599956984e+02
2.1260414647342122e+02
2.1285421283414914e+02
2.1329544887278234e+02
2.1353539714440313e+02
2.1445026408355997e+02
2.1489630855285776e+02
2.1494049633384788e+02
2.1498187499100536e+02
2.1524838817561886e+02
2.1549207168730857e+02
2.1569829943838812e+02
2.1592820136835900e+02
2.1618606871227712e+02
2.1630528575109207e+02
2.1651258210114804e+02
2.1662762001065641e+02
2.1681645670905806e+02
2.1689420704057522e+02
2.1710287854194132e+02
2.1721899947754082e+02
2.1729508930347095e+02
2.1740992179190215e+02
2.1768399201211250e+02
2.1800073798664110e+02
2.1808874553886920e+02
2.1877329038685980e+02
2.1903956235887983e+02
2.1922589126347140e+02
2.1946382669551932e+02
2.1955627865446647e+02
2.1960032441724604e+02
2.1977855584622176e+02
2.1994529025820449e+02
2.2011901315035195e+02
2.2053788852771993e+02
2.2157495158201846e+02
2.2164467915667871e+02
2.2206876311706367e+02
2.2248089314094307e+02
2.2294232122318908e+02
2.2310438592145434e+02
2.2316269286241041e+02
2.2325122536068690e+02
2.2381343133531004e+02
2.2414023350811766e+02
2.2443241171017578e+02
2.2462888485414373e+02
2.2486019927136698e+02
2.2491636337912848e+02
2.2513783150806250e+02
2.2516568241055307e+02
2.2549120800358207e+02
2.2614863758814636e+02
2.2676804172430599e+02
2.2710337718283870e+02
2.2712667435375539e+02
2.2743020559414356e+02
2.2774465041284918e+02
2.2781758668143277e+02
2.2792797825293172e+02
2.2866006501342858e+02
2.2876904869855287e+02
2.2881082517140112e+02
2.2904964098006531e+02
2.2911499907501405e+02
2.2925873237399225e+02
2.2968236550311863e+02
2.2982159239089168e+02
2.2987714878715184e+02
2.3010829711197690e+02
2.3029528965366532e+02
2.3088089731507006e+02
2.3097602046333805e+02
2.3105092513944902e+02
2.3111577489968607e+02
2.3120000626821326e+02
2.3128523896767894e+02
2.3172043728311243e+02
2.3217781682806498e+02
2.3249763204409732e+02
2.3268484222062762e+02
2.3293388579209432e+02
2.3346943091780071e+02
2.3361666588881513e+02
2.3374762141346190e+02
2.3382985267002658e+02
2.3393976090481164e+02
2.3419286217042804e+02
2.3426794992624502e+02
2.3501020729836205e+02
2.3517487446057984e+02
2.3543683314113420e+02
2.3604545462248254e+02
2.3632672759316074e+02
2.3637885985458564e+02
2.3643524974870900e+02
2.3674211384472312e+02
2.3679085390187555e+02
2.3730019481879509e+02
2.3737098511074208e+02
2.3779235571102316e+02
2.3823456881706232e+02
2.3837017564489213e+02
2.3895738562480463e+02
2.3910021968417976e+02
2.3921901769962039e+02
2.3933029384750728e+02
2.3974305999946486e+02
2.3987904118315208e+02
2.4013739051749724e+02
2.4048578249036700e+02
2.4056964694705775e+02
2.4062391563064284e+02
2.4082258732453562e+02
2.4091887282099472e+02
2.4117617257522426e+02
2.4156476069503282e+02
2.4218212907438220e+02
2.4253139685199699e+02
2.4262331225089656e+02
2.4268173980017045e+02
2.4334030104059124e+02
2.4357350884306521e+02
2.4368320437606718e+02
2.4389204667233051e+02
2.4416975729284576e+02
2.4430278458585030e+02
2.4488284351038084e+02
2.4515238361041551e+02
2.4529448501589422e+02
2.4576093420452682e+02
2.4603927872546490e+02
2.4630725849167982e+02
2.4654353623655243e+02
2.4678729651717157e+02
2.4733302290872291e+02
2.4739264716569309e+02
2.4757270285836094e+02
2.4831964747925275e+02
2.4864582277278475e+02
2.4872342662458527e+02
2.4884059332819157e+02
2.4904430170763459e+02
2.4927896446773545e+02
2.4944423727293812e+02
2.4963597267462382e+02
2.4974661591497915e+02
2.4993758648989078e+02
2.5093016353876621e+02
2.5099566471251831e+02
2.5172499319902673e+02
2.5188691127203074e+02
2.5291271850875580e+02
2.5329755492410595e+02
2.5363276077601608e+02
2.5374647713805564e+02
2.5407726781520347e+02
2.5436226356577791e+02
2.5458260625772743e+02
2.5467639680444069e+02
2.5481992324884365e+02
2.5488843547150626e+02
2.5527626254530168e+02
2.5531976926246296e+02
2.5584209935544735e+02
2.5608234192995047e+02
2.5634721019121315e+02
2.5668645023074646e+02
2.5705163514725723e+02
2.5754503718585647e+02
2.5775991381872592e+02
2.5817898450993596e+02
2.5856604782615136e+02
2.5907487776736548e+02
2.5915845997997388e+02
2.6004506834585879e+02
2.6021625643183586e+02
2.6069873560907877e+02
2.6073303745885914e+02
2.6078725929761771e+02
2.6092200056389555e+02
2.6155961258397792e+02
2.6230736469060673e+02
2.6253669725771204e+02
2.6275807983503478e+02
2.6299513117502534e+02
2.6342415844913819e+02
2.6359567804901940e+02
2.6385083380463766e+02
2.6409666700454204e+02
2.6432249835681517e+02
2.6445770160531936e+02
2.6459779836177972e+02
2.6540512189525271e+02
2.6557212810990109e+02
2.6568200415188255e+02
2.6595037874979056e+02
2.6649279528507356e+02
2.6664648557848875e+02
2.6690508158245166e+02
2.6723149955562076e+02
2.6754361122206546e+02
2.6824002050646419e+02
2.6883317370827888e+02
2.6901589818901391e+02
2.6960422984757906e+02
2.7033145234080359e+02
2.7052952552446914e+02
2.7058161141002665e+02
2.7067684997868702e+02
2.7121467645102155e+02
2.7152958885425721e+02
2.7170224173633551e+02
2.7212420261168882e+02
2.7244314839621097e+02
2.7254661618362468e+02
2.7304917654236397e+02
2.7350660865678879e+02
2.7363962422053010e+02
2.7401053899772864e+02
2.7427629725207260e+02
2.7459817094214560e+02
2.7506775905984318e+02
2.7519826397209050e+02
2.7556933077272777e+02
2.7603273773618628e+02
2.7680729914508402e+02
2.7733136091511062e+02
2.7775024934239127e+02
2.7834869541514900e+02
2.7887783361736547e+02
2.7917161576586909e+02
2.7942428304734858e+02
2.7947537633151387e+02
2.8001734877339226e+02
2.8011102730777066e+02
2.8039195050490866e+02
2.8051763477304587e+02
2.8102312817332540e+02
2.8146652427091180e+02
2.8185193300094102e+02
2.8215608085632482e+02
2.8228573937730380e+02
2.8246353800091094e+02
2.8274845416117569e+02
2.8350209929596753e+02
2.8371720619447376e+02
2.8378625282893529e+02
2.8436536979495054e+02
2.8443075918003836e+02
2.8456985268146087e+02
2.8481018831998449e+02
2.8506457556107341e+02
2.8534756745530558e+02
2.8599733337274836e+02
2.8640585061130122e+02
2.8696581601391165e+02
2.8733652787695166e+02
2.8776519696144442e+02
2.8802864293492019e+02
2.8867495623025059e+02
2.8921579718487385e+02
2.8958034575311433e+02
2.8973324392389071e+02
2.9000815057927025e+02
2.9024499385647744e+02
2.9076156170663279e+02
2.9094567152708942e+02
2.9173520776007661e+02
2.9194755502085877e+02
2.9211797583123735e+02
2.9277843407220877e+02
2.9358819910359443e+02
2.9450631184110978e+02
2.9484707776518871e+02
2.9544767090658695e+02
2.9624282092414620e+02
2.9654071628408622e+02
2.9670386002551379e+02
2.9723182659355177e+02
2.9788769418113827e+02
2.9829750382258226e+02
2.9871234411534704e+02
2.9909833215421259e+02
2.9942081960254217e+02
2.9969286491539532e+02
2.9979072504842850e+02
2.9995917933419662e+02
3.0074797265828931e+02
3.0102200640439372e+02
3.0142895787541136e+02
3.0243850196067672e+02
3.0263674222729770e+02
3.0334514853218388e+02
3.0377649316514965e+02
3.0388895592649908e+02
3.0466679900681959e+02
3.0531867600809630e+02
3.0565131282900154e+02
3.0650512407310708e+02
3.0667400628354289e+02
3.0677298930399729e+02
3.0787312920444691e+02
3.0855319560463880e+02
3.0907269407577724e+02
3.0937385065020646e+02
3.0959568506960500e+02
3.0989444620183758e+02
3.1074572950365581e+02
3.1113078517488782e+02
3.1147353201136957e+02
3.1177455016512772e+02
3.1196636664202759e+02
3.1222308725371795e+02
3.1271903644515504e+02
3.1300294643051001e+02
3.1374103454255999e+02
3.1437481848341980e+02
3.1474717317052784e+02
3.1504203719242332e+02
3.1540596074431738e+02
3.1696717154830151e+02
3.1714923841073062e+02
3.1756109500408502e+02
3.1856577237130244e+02
3.1898146966922343e+02
3.1961694465776770e+02
3.2024133000560823e+02
3.2073429651568154e+02
3.2139507220351641e+02
3.2165605748511325e+02
3.2238962824741697e+02
3.2285227767051731e+02
3.2319928302823587e+02
3.2334132443682415e+02
3.2380829681654575e+02
3.2482470277835444e+02
3.2550673880382516e+02
3.2603051536455871e+02
3.2682211512891604e+02
3.2760392594635994e+02
3.2810027826453103e+02
3.2872029537038594e+02
3.2908774843016414e+02
3.2993061275131123e+02
3.3160959466170249e+02
3.3201806387849626e+02
3.3231824997205553e+02
3.3343364530545290e+02
3.3358216524203692e+02
3.3501436258868665e+02
3.3570007641370148e+02
3.3610095395035341e+02
3.3719885084780469e+02
3.3859644927711884e+02
3.3981408738475784e+02
3.4234165658054474e+02
3.4272360750936741e+02
3.4367437851958624e+02
3.4417459211477797e+02
3.4446426477162527e+02
3.4514840677933097e+02
3.4604534693108519e+02
3.4671621661606736e+02
3.4749484340096888e+02
3.4895063042768936e+02
3.4938564879554019e+02
3.4991134041766429e+02
3.5061478986249108e+02
3.5319157709215165e+02
3.5384818465194667e+02
3.5616801711353310e+02
3.5743614194987026e+02
3.5977479412265768e+02
3.6228661582527320e+02
3.6325420568682125e+02
3.6386930856088566e+02
3.6464266875689350e+02
3.6570015369881446e+02
3.6728262228944158e+02
3.6825452892494309e+02
3.6945116894656906e+02
3.7026644005699086e+02
3.7089865788588895e+02
3.7172432555811292e+02
3.7292661927843142e+02
3.7479180325301058e+02
3.7538625526830810e+02
3.7684618840597727e+02
3.7821861201194264e+02
3.8002536797797688e+02
3.8162531705818327e+02
3.8209487887137959e+02
3.8651396646899269e+02
3.8763682826834133e+02
3.8923007125690845e+02
3.9172892732811039e+02
3.9265276777173671e+02
3.9322696936491991e+02
3.9479787792175711e+02
3.9611383556547707e+02
3.9833588750909144e+02
3.9999046857317580e+02
4.0565875715561185e+02
4.0610973239570819e+02
4.0760675874473100e+02
4.0939950409574050e+02
4.1169306626660335e+02
4.1377211691726984e+02
4.1461375662103637e+02
4.1610246079911815e+02
4.1896495482927514e+02
4.2197076931541386e+02
4.2419917229949010e+02
4.2616498480713585e+02
4.3075153175441528e+02
4.3371977729168231e+02
4.3639478074887535e+02
4.3756113861043082e+02
4.3857020784955046e+02
4.4175527768119980e+02
4.5781721424686509e+02
4.5959647033155028e+02
4.6106065960972580e+02
4.6835735267803256e+02
4.7111702789438743e+02
4.7343200820919390e+02
4.8095391274892387e+02
4.8337597158235138e+02
