5.2709726385565991e+00
7.8555271214936528e+00
1.0003926580826592e+01
1.1161805313382823e+01
1.3352141920418532e+01
1.4324787764159167e+01
1.5223278545484078e+01
1.6688012603318256e+01
1.7367155112763413e+01
1.8172025137442635e+01
2.0055245360018748e+01
2.0900515990195878e+01
2.0930516513852748e+01
2.2071699838254531e+01
2.2675762082356396e+01
2.5314126037332823e+01
2.5482289389906612e+01
2.5658530285507826e+01
2.5778881247294862e+01
2.7477745368685380e+01
2.7865508979726506e+01
2.8492267555360076e+01
2.9223700570269987e+01
3.0407868795314087e+01
3.0664061514050189e+01
3.1354476868485651e+01
3.2021220780839023e+01
3.3588628658766893e+01
3.3721765713416303e+01
3.3762906415476884e+01
3.4540812149170002e+01
3.5842124917900840e+01
3.6156661441061850e+01
3.6496869883934565e+01
3.7372618870994422e+01
3.7657648934110377e+01
3.9119327065720306e+01
3.9226418785195960e+01
3.9590780786402355e+01
4.0382343643111774e+01
4.0400927698523347e+01
4.0482368257697154e+01
4.1819635282136780e+01
4.2584617585391129e+01
4.2996049760645789e+01
4.3303552089331276e+01
4.4720194050533181e+01
4.5335668613410618e+01
4.6125004596907978e+01
4.6918251441177226e+01
4.7069372429339921e+01
4.7600068349696258e+01
4.7731404632781157e+01
4.7906142576376460e+01
4.7979941979276362e+01
4.8194546497619385e+01
4.8442909949677507e+01
4.9712325416298029e+01
4.9858745930174393e+01
5.0171706819734581e+01
5.0933130915504066e+01
5.2064663290725555e+01
5.2576071341737396e+01
5.3346460201015134e+01
5.4225017516922641e+01
5.4320494638171070e+01
5.4669710300275163e+01
5.5046060860711719e+01
5.5377603439897129e+01
5.5732348351578366e+01
5.5810983354312171e+01
5.6092314038401291e+01
5.7058250049911891e+01
5.7557018840223336e+01
5.7847612789634198e+01
5.8029207507101283e+01
5.8728543808202609e+01
5.9431838668254912e+01
6.0423993543372063e+01
6.1258088652007537e+01
6.1273662013398948e+01
6.1478699453068806e+01
6.1981390450893919e+01
6.2253173430321034e+01
6.2261313074518362e+01
6.2533716726922115e+01
6.3705816595222274e+01
6.4318130682733653e+01
6.4460117499605929e+01
6.4615021402851738e+01
6.4919056440623095e+01
6.4945607525929532e+01
6.5377587812518385e+01
6.6043920366478929e+01
6.6132430464000123e+01
6.6569669397891261e+01
6.7453447434223605e+01
6.7917112326680680e+01
6.9382371260141838e+01
6.9921755472020777e+01
6.9934032957400873e+01
6.9968534231622172e+01
7.0674683283440814e+01
7.0789929559352231e+01
7.0884960695845734e+01
7.1522752513744706e+01
7.1649942055223647e+01
7.2042519663652484e+01
7.2379050407315816e+01
7.3455210006192118e+01
7.3539377025873890e+01
7.3976418374161369e+01
7.4129965503976564e+01
7.4140421479024297e+01
7.4451837123534560e+01
7.4821406125847957e+01
7.5448372420060892e+01
7.5790455113123144e+01
7.6033717968606254e+01
7.6143854000857473e+01
7.7915778605205404e+01
7.7955077736198930e+01
7.8301921000787672e+01
7.8545090531868439e+01
7.9302551355138775e+01
7.9343231856049954e+01
7.9484023798844589e+01
7.9571096115478682e+01
7.9677624540156160e+01
8.0234991681417554e+01
8.0378143711750155e+01
8.1177876676679602e+01
8.1766125319130651e+01
8.2347556343413757e+01
8.2543262426514644e+01
8.2677923763935325e+01
8.3157137607468471e+01
8.4334409285774726e+01
8.4407428391419302e+01
8.4597726226022630e+01
8.4791770508184030e+01
8.5047108386149603e+01
8.5510133481067271e+01
8.5685728172205899e+01
8.6050003022467152e+01
8.6456587391777759e+01
8.7213686602034883e+01
8.7276069856375486e+01
8.7830856095589809e+01
8.7876909606944508e+01
8.8232644635893081e+01
8.8327385469224481e+01
8.8974877492469986e+01
8.9339507553035290e+01
8.9424421932027514e+01
9.0325107989591260e+01
9.1284956265435909e+01
9.1759675277144623e+01
9.1815172786773246e+01
9.1880058645204400e+01
9.2119864588592677e+01
9.2408500929916443e+01
9.2595675711881739e+01
9.3759012705767262e+01
9.4208035485160096e+01
9.4863803757762611e+01
9.5046552956251006e+01
9.5200014925689430e+01
9.5259996444524205e+01
9.5371781745914646e+01
9.5580252182316585e+01
9.5613889152502310e+01
9.5964397546650545e+01
9.6247081474446503e+01
9.6317991204965367e+01
9.6903865996085898e+01
9.7017522280447693e+01
9.7172917883235257e+01
9.7523116852137832e+01
9.7617276845061511e+01
9.7807043266665659e+01
9.8939662334984064e+01
9.9158636322591477e+01
1.0008263191626494e+02
1.0029194235632332e+02
1.0049712173420389e+02
1.0063786553051671e+02
1.0117955818062592e+02
1.0163888403373427e+02
1.0172652484500014e+02
1.0195396778521240e+02
1.0236610521400695e+02
1.0273360584990358e+02
1.0308379548711665e+02
1.0321429745765647e+02
1.0429830148126619e+02
1.0440094177402810e+02
1.0445267626700564e+02
1.0530358754770452e+02
1.0540036738924525e+02
1.0634687638109862e+02
1.0670105749071378e+02
1.0676465898796327e+02
1.0677803797404529e+02
1.0719660520159174e+02
1.0745688236405469e+02
1.0756391139548789e+02
1.0784532258159096e+02
1.0786700355196081e+02
1.0848958337723055e+02
1.0919036417016679e+02
1.0951389662779378e+02
1.0989537745592003e+02
1.1004511221534396e+02
1.1007177667720981e+02
1.1034015374464252e+02
1.1190523166622597e+02
1.1197122058420456e+02
1.1199310306031906e+02
1.1219214136526165e+02
1.1277462848836520e+02
1.1282192295281524e+02
1.1303656984965477e+02
1.1358537975616396e+02
1.1413748290231685e+02
1.1434231059963560e+02
1.1436339161228230e+02
1.1453703445974678e+02
1.1507758992537266e+02
1.1524544933852776e+02
1.1582732131326561e+02
1.1631137592414868e+02
1.1681717276395625e+02
1.1717021421459128e+02
1.1727097141688121e+02
1.1782323895679130e+02
1.1804708430108255e+02
1.1816414321882964e+02
1.1818246523372805e+02
1.1873387545848486e+02
1.1876912476942911e+02
1.1879057187172269e+02
1.1924125804277867e+02
1.1932624447040997e+02
1.1955414887727974e+02
1.1989565427710785e+02
1.2000884057251434e+02
1.2010219784192674e+02
1.2012322575030937e+02
1.2014728750065530e+02
1.2051371258314391e+02
1.2082985787666681e+02
1.2164265166801519e+02
1.2218855728837079e+02
1.2293477130259349e+02
1.2342871718335084e+02
1.2363109897381966e+02
1.2373912033542089e+02
1.2425895814098703e+02
1.2427681965549701e+02
1.2494522225286551e+02
1.2503510258884462e+02
1.2526909120207145e+02
1.2580166741124874e+02
1.2642516074691936e+02
1.2656460312224047e+02
1.2671551918818659e+02
1.2690478227433948e+02
1.2699659365667455e+02
1.2820470554072071e+02
1.2930584982886583e+02
1.2948668803520604e+02
1.2981506012925314e+02
1.3001466112665071e+02
1.3021713450501818e+02
1.3067515117222860e+02
1.3075603045107471e+02
1.3080787103342320e+02
1.3093060889807288e+02
1.3136063766062071e+02
1.3146683604161075e+02
1.3168471981952416e+02
1.3182168586236347e+02
1.3198120614008047e+02
1.3204496836299131e+02
1.3303168440104750e+02
1.3314474247475280e+02
1.3350801134054322e+02
1.3360321528520674e+02
1.3382260370734164e+02
1.3395818539793484e+02
1.3449413821153277e+02
1.3456243843737320e+02
1.3487976261051912e+02
1.3501472236215176e+02
1.3530675306665555e+02
1.3535590246099540e+02
1.3615666172284904e+02
1.3638064834103750e+02
1.3650083243420048e+02
1.3698290530291473e+02
1.3714886317832483e+02
1.3734115787071411e+02
1.3778363496390273e+02
1.3852515893892340e+02
1.3864161840790001e+02
1.3876066223697555e+02
1.3929528797106079e+02
1.3987734724911152e+02
1.4052027830615177e+02
1.4124453445148268e+02
1.4148890338619168e+02
1.4151555827050998e+02
1.4170349070289876e+02
1.4196024440969614e+02
1.4214034590654262e+02
1.4292366000591005e+02
1.4380840654554450e+02
1.4394659160353817e+02
1.4423322065803632e+02
1.4442664040564358e+02
1.4445228372112564e+02
1.4451330778550147e+02
1.4458231383532467e+02
1.4471507148101722e+02
1.4475625544948582e+02
1.4494014793079253e+02
1.4496111931042748e+02
1.4504105900452339e+02
1.4540456262782646e+02
1.4586077278872131e+02
1.4625901889000187e+02
1.4636179905772303e+02
1.4679357232594307e+02
1.4684211977315078e+02
1.4690078843460466e+02
1.4699718537338703e+02
1.4797899057680451e+02
1.4800691683297902e+02
1.4839065979290257e+02
1.4849590213164859e+02
1.4879889452664963e+02
1.4919109167705253e+02
1.4942547694226562e+02
1.5104566813552120e+02
1.5113242697158327e+02
1.5169217312886266e+02
1.5176455315954726e+02
1.5223831396196044e+02
1.5251689676816852e+02
1.5256605135187311e+02
1.5272509746750086e+02
1.5336671066734314e+02
1.5346114951290619e+02
1.5358730750239911e+02
1.5361526358947404e+02
1.5384582474153879e+02
1.5387411558007958e+02
1.5413429139837129e+02
1.5419999416613530e+02
1.5481492129385168e+02
1.5498666003573246e+02
1.5519597254229728e+02
1.5560495433600434e+02
1.5585621150268364e+02
1.5599251705503158e+02
1.5628461693794353e+02
1.5632498715283910e+02
1.5654951135691942e+02
1.5664533149100902e+02
1.5686093480364559e+02
1.5689568912905762e+02
1.5781894520023928e+02
1.5783719356142007e+02
1.5832781212666220e+02
1.5840161904522952e+02
1.5853480439878410e+02
1.5867247949892692e+02
1.5938215955433691e+02
1.5989228188139683e+02
1.5995261574153352e+02
1.6047872675887291e+02
1.6050426456144871e+02
1.6076350666141042e+02
1.6107611407870411e+02
1.6123092889787762e+02
1.6125849040800756e+02
1.6130124209996882e+02
1.6239644316981753e+02
1.6307131094823319e+02
1.6362202848328951e+02
1.6403572259774205e+02
1.6412431593367168e+02
1.6525411434662547e+02
1.6536813874487282e+02
1.6553380646719350e+02
1.6560664152306515e+02
1.6567804477740646e+02
1.6590757214553099e+02
1.6606473527901611e+02
1.6654414085349748e+02
1.6670901280970816e+02
1.6680232229695741e+02
1.6684803642318786e+02
1.6694151873541074e+02
1.6720565781015358e+02
1.6735206224128586e+02
1.6740780951649850e+02
1.6762937235842926e+02
1.6790415426183773e+02
1.6813826394050736e+02
1.6841741763078704e+02
1.6863952147357179e+02
1.6894536387447192e+02
1.6943894715484203e+02
1.6954385535342124e+02
1.6999857128429250e+02
1.7046583000867207e+02
1.7053919741016492e+02
1.7088801442624060e+02
1.7092170978914754e+02
1.7207507086160990e+02
1.7217960479892716e+02
1.7265376032815789e+02
1.7281001482086714e+02
1.7292941282675031e+02
1.7301114155323742e+02
1.7310878629168113e+02
1.7321089763513777e+02
1.7324822118388272e+02
1.7342294907127879e+02
1.7365614948034130e+02
1.7373478338083910e+02
1.7391436072146686e+02
1.7436976212440351e+02
1.7444739786329330e+02
1.7447909832276548e+02
1.7525909456878517e+02
1.7532740096076714e+02
1.7610447314206556e+02
1.7616228709689432e+02
1.7625971378779479e+02
1.7628705208495921e+02
1.7745018334681123e+02
1.7751332839670025e+02
1.7760393090122264e+02
1.7776624697020031e+02
1.7788232896646957e+02
1.7811460080734903e+02
1.7855252323690129e+02
1.7865000369944485e+02
1.7884839087873340e+02
1.7894579392565817e+02
1.7902254439283490e+02
1.7933634934888144e+02
1.7970776332741312e+02
1.7980107216133814e+02
1.8015605857917350e+02
1.8036149285490663e+02
1.8058188158514287e+02
1.8073446237348128e+02
1.8089833338572203e+02
1.8116364887813921e+02
1.8125100382487855e+02
1.8167089113997892e+02
1.8178489083339321e+02
1.8280926804876907e+02
1.8290471379496992e+02
1.8297861361026509e+02
1.8338939298127519e+02
1.8347737455096470e+02
1.8372071221965911e+02
1.8415168629963114e+02
1.8426900877130279e+02
1.8429641403748622e+02
1.8488366619062811e+02
1.8556324797105094e+02
1.8567451973219175e+02
1.8593154495979499e+02
1.8613566987802298e+02
1.8639654137554157e+02
1.8661520232557680e+02
1.8717508087534665e+02
1.8725506522087252e+02
1.8746927056283300e+02
1.8781460566340752e+02
1.8790289793601968e+02
1.8795021969566676e+02
1.8814005520095066e+02
1.8826048997213309e+02
1.8851440780638944e+02
1.8860865703404579e+02
1.8890865282768709e+02
1.8906563649375124e+02
1.8922302086499008e+02
1.9002341151859662e+02
1.9004597385262147e+02
1.9010992991866127e+02
1.9032867960756136e+02
1.9048360995877158e+02
1.9131672004112508e+02
1.9134167438048047e+02
1.9141243594000602e+02
1.9178659626570064e+02
1.9194141414756567e+02
1.9229442554390127e+02
1.9232655122823459e+02
1.9244830756092841e+02
1.9257640794059702e+02
1.9268347396192624e+02
1.9328368391089131e+02
1.9331998353566237e+02
1.9366124272566100e+02
1.9390002714446280e+02
1.9420610856954860e+02
1.9428083113484206e+02
1.9448060440152821e+02
1.9453160117022617e+02
1.9500226295794482e+02
1.9504983479834149e+02
1.9569425408069583e+02
1.9602361114962750e+02
1.9626179338208340e+02
1.9648951341712166e+02
1.9667271423042422e+02
1.9705264006555137e+02
1.9712192052305002e+02
1.9714197955230173e+02
1.9762025409186623e+02
1.9802526465642038e+02
1.9813741180263668e+02
1.9848228744654068e+02
1.9853784432636155e+02
1.9906341674458801e+02
1.9925350054147407e+02
1.9993498784513113e+02
2.0035142701150707e+02
2.0049534834691755e+02
2.0072998124420820e+02
2.0127185472031326e+02
2.0160878483326221e+02
2.0165527095366684e+02
2.0185049838506384e+02
2.0194968476281991e+02
2.0228613400404785e+02
2.0247079079475208e+02
2.0257608739798678e+02
2.0298818718587910e+02
2.0305289684651828e+02
2.0312168617545603e+02
2.0320390793528244e+02
2.0328665274338920e+02
2.0341166292908017e+02
2.0345842718702414e+02
2.0348524906668840e+02
2.0354308387790277e+02
2.0490451306480469e+02
2.0522634796566288e+02
2.0531696594453524e+02
2.0546375845025545e+02
2.0622996337407474e+02
2.0629007109228996e+02
2.0643403080564585e+02
2.0658709301642529e+02
2.0662246968397125e+02
2.0671733175180501e+02
2.0746145963227366e+02
2.0784665295894951e+02
2.0786847336764825e+02
2.0792075039545088e+02
2.0824831052232545e+02
2.0829320840300275e+02
2.0838287452890950e+02
2.0846737049354513e+02
2.0852893754306371e+02
2.0878542412680201e+02
2.0896205392128275e+02
2.0909375306798120e+02
2.0930997405095223e+02
2.1036632469867590e+02
2.1056261386448341e+02
2.1098107634609704e+02
2.1153953521399475e+02
2.1171548566264281e+02
2.1189228435788908e+02
2.1202522383415362e+02
2.1217098057603883e+02
2.1229709973777071e+02
2.1254931956321886e+02
2.1260414956125010e+02
2.1285421524838162e+02
2.1329545050265429e+02
2.1353540189588907e+02
2.1445026050366428e+02
2.1489630555924370e+02
2.1494049734237984e+02
2.1498188461188809e+02
2.1524838325522060e+02
2.1549207377374978e+02
2.1569830434715715e+02
2.1592821185167551e+02
2.1618607208326048e+02
2.1630530894614259e+02
2.1651259740633654e+02
2.1662762124432351e+02
2.1681646429207177e+02
2.1689422364157880e+02
2.1710288789565632e+02
2.1721901006425134e+02
2.1729509689230920e+02
2.1740992382171396e+02
2.1768400263273517e+02
2.1800073800261276e+02
2.1808874656885192e+02
2.1877329587483985e+02
2.1903956598611123e+02
2.1922588888151651e+02
2.1946382939914244e+02
2.1955628286174269e+02
2.1960036015005895e+02
2.1977857036875437e+02
2.1994529596044930e+02
2.2011902188554615e+02
2.2053789861691052e+02
2.2157495731984915e+02
2.2164468295746428e+02
2.2206876794498851e+02
2.2248090416592174e+02
2.2294232524099166e+02
2.2310438740748774e+02
2.2316269379594496e+02
2.2325122076725600e+02
2.2329144682836355e+02
2.2381346237341563e+02
2.2414024072913816e+02
2.2443241476399015e+02
2.2462886747180093e+02
2.2486017435486428e+02
2.2491635944751692e+02
2.2514315024761899e+02
2.2516569052722417e+02
2.2549120372472123e+02
2.2614855558887956e+02
2.2617472739168565e+02
2.2676805274618508e+02
2.2710337802277999e+02
2.2712667867611717e+02
2.2738244068150777e+02
2.2743174091272240e+02
2.2774421032289976e+02
2.2781818465706698e+02
2.2792798278178324e+02
2.2866006981039982e+02
2.2876902138094164e+02
2.2881083902824136e+02
2.2904964908809700e+02
2.2911499171665238e+02
2.2925874503552248e+02
2.2968237273586254e+02
2.2982159552489207e+02
2.2987713419300113e+02
2.3010829822812468e+02
2.3029529575867531e+02
2.3088084202297819e+02
2.3097600160467888e+02
2.3105102912783448e+02
2.3111548526684567e+02
2.3120006903940268e+02
2.3128525111789938e+02
2.3172043296719551e+02
2.3217782724609984e+02
2.3249763300418576e+02
2.3268484906170090e+02
2.3293389992158967e+02
2.3346944569749789e+02
2.3361667105113546e+02
2.3374762128599508e+02
2.3382986745878264e+02
2.3393979025668150e+02
2.3419285708708364e+02
2.3426796328969670e+02
2.3435870966363740e+02
2.3498380611856419e+02
2.3501034635403818e+02
2.3517487551395658e+02
2.3543683568105155e+02
2.3604545349017494e+02
2.3633081525090583e+02
2.3637886210834750e+02
2.3643526404709812e+02
2.3674211594965934e+02
2.3679087097643068e+02
2.3730021113022829e+02
2.3737099362067161e+02
2.3779237213153141e+02
2.3823464542661441e+02
2.3837018304325233e+02
2.3895739055691163e+02
2.3910022489276514e+02
2.3921903497258671e+02
2.3928642749778464e+02
2.3933035608010374e+02
2.3974306561101483e+02
2.3982093815891719e+02
2.3987905136109737e+02
2.4013740035055767e+02
2.4048570527255174e+02
2.4056966048883339e+02
2.4062386734814146e+02
2.4082258551321533e+02
2.4091889009195398e+02
2.4096790324868664e+02
2.4116521747104670e+02
2.4156475735219311e+02
2.4218211928784510e+02
2.4253138136991137e+02
2.4262322848266231e+02
2.4268174908714366e+02
2.4323502684660050e+02
2.4327382282161000e+02
2.4334061383509825e+02
2.4357351406782263e+02
2.4368327945625603e+02
2.4389207340008880e+02
2.4416978481177557e+02
2.4430279083960770e+02
2.4488284516492939e+02
2.4515248010360463e+02
2.4529451184064254e+02
2.4576094212865436e+02
2.4603926982234023e+02
2.4630726543888247e+02
2.4654354196264978e+02
2.4658895609491503e+02
2.4678732771714581e+02
2.4733303840999469e+02
2.4739264897670299e+02
2.4757270338564385e+02
2.4831966317536407e+02
2.4839827142528560e+02
2.4864583681298461e+02
2.4872336152283671e+02
2.4884062224007934e+02
2.4904427988235432e+02
2.4927887241501867e+02
2.4937850531308973e+02
2.4944427738561936e+02
2.4963740073257344e+02
2.4974321736764500e+02
2.4993760283234346e+02
2.5093006565042421e+02
2.5099608626156746e+02
2.5172497988949877e+02
2.5188690593526297e+02
2.5192413117849364e+02
2.5291273433026109e+02
2.5329753753096566e+02
2.5363265478373830e+02
2.5374647284116625e+02
2.5399637850580780e+02
2.5407727129632534e+02
2.5436131680559464e+02
2.5458261450893096e+02
2.5467640476876832e+02
2.5481994477138221e+02
2.5488845627423979e+02
2.5527624167410880e+02
2.5531976513870524e+02
2.5584210213531253e+02
2.5608234616863831e+02
2.5634704917816885e+02
2.5668644470947970e+02
2.5705165572279276e+02
2.5754497110632326e+02
2.5776060211952915e+02
2.5817900448268534e+02
2.5830095813711489e+02
2.5833700639674765e+02
2.5856606397380034e+02
2.5907606287872062e+02
2.5915846964726416e+02
2.5978728379052433e+02
2.6004504963304561e+02
2.6021812240308014e+02
2.6069869835475021e+02
2.6073301684995181e+02
2.6078723664162783e+02
2.6092205201503140e+02
2.6156304167770134e+02
2.6230737490719076e+02
2.6252436372518338e+02
2.6275807824629760e+02
2.6299513717690394e+02
2.6342417706706556e+02
2.6359568483173337e+02
2.6363112983489913e+02
2.6385083886042929e+02
2.6409645052819809e+02
2.6426242236874867e+02
2.6432251180495678e+02
2.6445772394238742e+02
2.6459782187210516e+02
2.6540535517723100e+02
2.6557212764948844e+02
2.6568200368498009e+02
2.6595039578787777e+02
2.6649273408792914e+02
2.6664706313320323e+02
2.6690509212820905e+02
2.6723111705270935e+02
2.6754381832579480e+02
2.6823947747480599e+02
2.6883036144838064e+02
2.6901624281488017e+02
2.6960424484600514e+02
2.7033149472926272e+02
2.7053064574289834e+02
2.7058161366756121e+02
2.7067734080554811e+02
2.7106180859005423e+02
2.7121465865453638e+02
2.7128749394105421e+02
2.7152939283539473e+02
2.7170223970682520e+02
2.7212420016891275e+02
2.7244303127281427e+02
2.7254658951576891e+02
2.7304918938074161e+02
2.7350661005267955e+02
2.7363958624536087e+02
2.7401055490987659e+02
2.7427638500611607e+02
2.7459812955431846e+02
2.7506763140990091e+02
2.7519823823469778e+02
2.7556926373982986e+02
2.7603264026378832e+02
2.7680860552129883e+02
2.7733136131375966e+02
2.7775015843893414e+02
2.7834846659677856e+02
2.7887781264045492e+02
2.7917185579432470e+02
2.7942425713708133e+02
2.7947533244652095e+02
2.8001728693821246e+02
2.8011102026223870e+02
2.8039107986044434e+02
2.8051770809531826e+02
2.8102304975908845e+02
2.8146654062043075e+02
2.8185365878107774e+02
2.8215610063027759e+02
2.8228542605831274e+02
2.8246350569337562e+02
2.8274848078768463e+02
2.8350193819317803e+02
2.8371287376523071e+02
2.8378934807866642e+02
2.8424390143214777e+02
2.8436535733692421e+02
2.8443074844661624e+02
2.8456995275260454e+02
2.8481058398300001e+02
2.8506453775454906e+02
2.8534818385503166e+02
2.8599735645976574e+02
2.8640586339583712e+02
2.8696583833095787e+02
2.8733711540320991e+02
2.8776485603367280e+02
2.8802843530578554e+02
2.8867316998011609e+02
2.8921578850971349e+02
2.8958036086848136e+02
2.8973398579732532e+02
2.9000809509463267e+02
2.9024499838381070e+02
2.9076156070917727e+02
2.9094579311414674e+02
2.9173530490020266e+02
2.9194743991161687e+02
2.9211797403740991e+02
2.9277843187641798e+02
2.9358827979453775e+02
2.9450633673158251e+02
2.9484720889127317e+02
2.9544754900818077e+02
2.9624291964705026e+02
2.9654069368660737e+02
2.9670397878986341e+02
2.9723151385910006e+02
2.9788799636348386e+02
2.9829743513516638e+02
2.9871225235427119e+02
2.9909835628624336e+02
2.9942086394118411e+02
2.9969275877317494e+02
2.9979089141084290e+02
2.9995899427051734e+02
3.0074790617233356e+02
3.0102206501790300e+02
3.0142897366924836e+02
3.0243852393247801e+02
3.0263660155344570e+02
3.0334481501118660e+02
3.0377644507473337e+02
3.0388896405823294e+02
3.0466852656619989e+02
3.0531846491314246e+02
3.0565207271674376e+02
3.0650507247090741e+02
3.0667415488703364e+02
3.0677294851167846e+02
3.0787243836891645e+02
3.0855328181679738e+02
3.0907272102605282e+02
3.0937384009697223e+02
3.0959550129436298e+02
3.0989433733167709e+02
3.1074583885673576e+02
3.1113034877466345e+02
3.1147367615515441e+02
3.1177469922197923e+02
3.1196627626971951e+02
3.1222303795304094e+02
3.1272138100232991e+02
3.1300321192218820e+02
3.1373401690703651e+02
3.1405221753577183e+02
3.1436509035354186e+02
3.1474947365791616e+02
3.1504190005697353e+02
3.1540587891403715e+02
3.1696739071599518e+02
3.1714931627017882e+02
3.1756269473410953e+02
3.1856590292788394e+02
3.1898147420072115e+02
3.1954022472349828e+02
3.1961696792527420e+02
3.2024129688204096e+02
3.2073482296356451e+02
3.2139516234601655e+02
3.2165615216187899e+02
3.2238861375179926e+02
3.2285236828038063e+02
3.2319916691875181e+02
3.2333884946077990e+02
3.2380820745533350e+02
3.2482375333483560e+02
3.2550675866355891e+02
3.2602978201281735e+02
3.2681576610427800e+02
3.2760335023981554e+02
3.2810102936281550e+02
3.2872029824998117e+02
3.2908773280041549e+02
3.2993060496642153e+02
3.3160962602744098e+02
3.3202028577615584e+02
3.3232635981780493e+02
3.3258303294141018e+02
3.3343380033766039e+02
3.3358205876225048e+02
3.3501580291665687e+02
3.3570131468576119e+02
3.3610084085923461e+02
3.3668018868269439e+02
3.3719760969853689e+02
3.3859314900139333e+02
3.3981509800236807e+02
3.4234248684919282e+02
3.4272082816211594e+02
3.4367072795487775e+02
3.4417157494366103e+02
3.4446413060411328e+02
3.4514843610468836e+02
3.4604543043289385e+02
3.4671621061915147e+02
3.4749452039256687e+02
3.4895058840110818e+02
3.4938563187447409e+02
3.4991107716840736e+02
3.5061456646191363e+02
3.5319155712427198e+02
3.5384735231151586e+02
3.5456671291732891e+02
3.5616747826561794e+02
3.5743057922167048e+02
3.5977271246070865e+02
3.6228627766292453e+02
3.6325380590669374e+02
3.6386933009057657e+02
3.6463999118303855e+02
3.6569464881959942e+02
3.6727907624973028e+02
3.6825213876960265e+02
3.6945008683461907e+02
3.7026635701566619e+02
3.7089851778935531e+02
3.7171689511576335e+02
3.7291655151418058e+02
3.7479192514781613e+02
3.7538620542259491e+02
3.7684623020554511e+02
3.7821860903506808e+02
3.8002534299284531e+02
3.8162343043422379e+02
3.8209716570952287e+02
3.8451872452547127e+02
3.8651122860582916e+02
3.8729882251481553e+02
3.8764570344350284e+02
3.8922906707398914e+02
3.9122425145352878e+02
3.9172872808971624e+02
3.9265311994376458e+02
3.9322770872306052e+02
3.9478702465379138e+02
3.9611378067650190e+02
3.9831774935519132e+02
3.9998664051859419e+02
4.0565868613454563e+02
4.0610873497843562e+02
4.0760673701778802e+02
4.0939640727726498e+02
4.1170993093509679e+02
4.1377170027643479e+02
4.1461248146296964e+02
4.1609537996752101e+02
4.1895924646873493e+02
4.2197190382804143e+02
4.2419850218126646e+02
4.2616144065947373e+02
4.3015089074941716e+02
4.3077007551771840e+02
4.3371115669882084e+02
4.3468167034113213e+02
4.3639473567421447e+02
4.3755910760469874e+02
4.3857590274934392e+02
4.4175513550262679e+02
4.4363141757048089e+02
4.4528218278858799e+02
4.4740327061225446e+02
4.4862043463951102e+02
4.5337556963791809e+02
4.5782384055920733e+02
4.5959693372429757e+02
4.6105980417482584e+02
4.6495562625416460e+02
4.6835158550847513e+02
4.7112331988585464e+02
4.7343093898698845e+02
4.7778241716599496e+02
4.8093741925191830e+02
4.8337691691248978e+02
