2.7244326639849299e+02
2.7254664265055766e+02
2.7304916435335804e+02
2.7350660739231614e+02
2.7363966245044134e+02
2.7401052246817773e+02
2.7427620982679872e+02
2.7459821216660441e+02
2.7506788287523284e+02
2.7519828917053451e+02
2.7556939780562561e+02
2.7603283520858423e+02
2.7680599276886926e+02
2.7733136051646153e+02
2.7775034024584841e+02
2.7834892423351948e+02
2.7887785459427602e+02
2.7917137573741348e+02
2.7942430895761584e+02
2.7947542021650679e+02
2.8001741060857205e+02
2.8011103435330256e+02
2.8019376106271562e+02
2.8039282114937293e+02
2.8051756145077343e+02
2.8102320658756230e+02
2.8146650792139280e+02
2.8185020722080424e+02
2.8215606108237199e+02
2.8228605269629486e+02
2.8246357030844626e+02
2.8274842753466675e+02
2.8350226039875702e+02
2.8372153862371681e+02
2.8378315757920410e+02
2.8413636727459595e+02
2.8436538225297681e+02
2.8443076991346049e+02
2.8456975261031721e+02
2.8480979265696897e+02
2.8506461336759770e+02
2.8534695105557944e+02
2.8599731028573092e+02
2.8640583782676532e+02
2.8696579369686543e+02
2.8733594035069348e+02
2.8776553788921598e+02
2.8802885056405484e+02
2.8839876064963278e+02
2.8867674248038503e+02
2.8921580523755114e+02
2.8958032818758124e+02
2.8973250181042243e+02
2.9000820767857266e+02
2.9024498806728417e+02
2.9076156268147423e+02
2.9094555022098450e+02
2.9173511087258117e+02
2.9194767006598482e+02
2.9211797740359083e+02
