3.0650517669262689e+02
3.0667385802886093e+02
3.0677303036691438e+02
3.0720548056489753e+02
3.0754198264344154e+02
3.0787381983416452e+02
3.0855310924363846e+02
3.0907266781931452e+02
3.0937386215533166e+02
3.0959586886141813e+02
3.0989455507199813e+02
3.1074562015057586e+02
3.1113122157511219e+02
3.1147338786758473e+02
3.1177440110827615e+02
3.1196645701433567e+02
3.1222313655439501e+02
3.1271669188798018e+02
3.1300268093883182e+02
3.1374805217808347e+02
3.1438454661329774e+02
3.1460827302808144e+02
3.1474487268313948e+02
3.1504217432787311e+02
3.1540604257459762e+02
3.1596628074413769e+02
3.1648571649131100e+02
3.1696695238060784e+02
3.1714916055128248e+02
3.1755949527406051e+02
3.1856564181472095e+02
3.1898146513772571e+02
3.1961692139026127e+02
3.2024136312917557e+02
3.2073377006779862e+02
3.2139498206101621e+02
3.2165596280834757e+02
3.2239064274303468e+02
3.2285218706065399e+02
3.2319939913771998e+02
3.2334379941286841e+02
3.2380838617775794e+02
3.2482565222937109e+02
3.2550671866909141e+02
3.2603124888258128e+02
3.2682846400844863e+02
3.2760450168606451e+02
