2.7244303064542936e+02
2.7254658921437004e+02
2.7304919102645806e+02
2.7350661023563083e+02
2.7363958692246848e+02
2.7401055296298944e+02
2.7427638618634069e+02
2.7459812933784457e+02
2.7506762970489865e+02
2.7519823733162252e+02
2.7556926373982986e+02
2.7603264026378832e+02
2.7680860552129883e+02
2.7733136131375966e+02
2.7775015843893414e+02
2.7834846659677856e+02
2.7887781264045492e+02
2.7917185579432470e+02
2.7942425713708133e+02
2.7947533244652095e+02
2.8001728693821246e+02
2.8011102026223870e+02
2.8039107986044434e+02
2.8051770809531826e+02
2.8102304975908845e+02
2.8146654062043075e+02
2.8185365878107774e+02
2.8215610063027759e+02
2.8228542605831274e+02
2.8246350569337562e+02
2.8274848078768463e+02
2.8350193819317803e+02
2.8371287376523071e+02
2.8378934807866642e+02
2.8424390143214777e+02
2.8436535733692421e+02
2.8443074844661624e+02
2.8456995275260454e+02
2.8481058398300001e+02
2.8506453775454906e+02
2.8534818385503166e+02
2.8599735645976574e+02
2.8640586339583712e+02
2.8696583833095787e+02
2.8733711540320991e+02
2.8776485603367280e+02
2.8802843530578554e+02
2.8867316998011609e+02
2.8921578717512028e+02
2.8958036238007497e+02
2.8973398662034191e+02
2.9000809497542656e+02
2.9024499529641798e+02
2.9076156044540500e+02
2.9094579533589882e+02
2.9173530572228577e+02
2.9194743974300195e+02
2.9211797368405388e+02
