9.9103681416126310e+00
2.0409689024360372e+01
2.0410332909824575e+01
2.0411760686128350e+01
3.3860153477035965e+01
3.3863626405329271e+01
3.3867228481322208e+01
3.3874021098935337e+01
3.3874561936690007e+01
4.0385372276628445e+01
5.0286130372561765e+01
5.0292005901026940e+01
5.0297116809553536e+01
5.0301751549293932e+01
5.0304923212632964e+01
5.0315635509964466e+01
5.0327965835914981e+01
6.1813515840012734e+01
6.1850904029514048e+01
6.1871961154050517e+01
6.9755140470679379e+01
6.9776659132181436e+01
6.9780676429301224e+01
6.9790046142081707e+01
6.9796913829605757e+01
6.9816224091438556e+01
6.9823703893561401e+01
6.9844271197052464e+01
6.9853525180731708e+01
8.6929247435967383e+01
8.6945554112707498e+01
8.6975672351463913e+01
8.7018772143879914e+01
8.7075683740848120e+01
9.2424286847004893e+01
9.2436452889838321e+01
9.2456510021954287e+01
9.2467464885138838e+01
9.2494714691671220e+01
9.2503712128746685e+01
9.2524190485018053e+01
9.2541175875070891e+01
9.2553167798779299e+01
9.2561574559951453e+01
9.2598099802458577e+01
9.3756368294078811e+01
1.1589193914772153e+02
1.1596674824327701e+02
1.1598695597263098e+02
1.1603374038543086e+02
1.1607118282860668e+02
1.1611456394401230e+02
1.1614943507415960e+02
1.1838009896397581e+02
1.1848567771433241e+02
1.1850863910712764e+02
1.1851268333542099e+02
1.1852754082199264e+02
1.1854247919078824e+02
1.1858100558175160e+02
1.1861217184628526e+02
1.1862313741847819e+02
1.1865185491960669e+02
1.1867234974227753e+02
1.1871262960498275e+02
1.1876900265713498e+02
1.2782224706048990e+02
1.2794509698975489e+02
1.2809301090751774e+02
1.4789927269771073e+02
1.4795105726767144e+02
1.4799821917132095e+02
1.4811279591627780e+02
1.4813575201528397e+02
1.4814649794686036e+02
1.4818632505793258e+02
1.4820269958777286e+02
1.4823190372696811e+02
1.4825674511486494e+02
1.4832593993886587e+02
1.4835685390682983e+02
1.4841668051603205e+02
1.4844294394384926e+02
1.4852756277559848e+02
1.4897281444995514e+02
1.4910459115112099e+02
1.4912240046594007e+02
1.4914742769084125e+02
1.4922253081880621e+02
1.4924729252599201e+02
1.4932396782291303e+02
1.4936874366029090e+02
1.4947331181129698e+02
1.6655330580920659e+02
1.6659687654825566e+02
1.6680872142638503e+02
1.6697194690787515e+02
1.6699425320542306e+02
1.7409038779069184e+02
1.8117862952440052e+02
1.8127726659777741e+02
1.8136013570399072e+02
1.8141795394947937e+02
1.8142783414146587e+02
1.8158861555105895e+02
1.8163777732260311e+02
1.8167638640514116e+02
1.8169033317654117e+02
1.8175758864489617e+02
1.8181836359346590e+02
1.8188096337728987e+02
1.8190404954770483e+02
1.8200227585633976e+02
1.8202584501161343e+02
1.8206017601682660e+02
1.8212654961524356e+02
1.8626489381623313e+02
1.8638662878425239e+02
1.8646864385771019e+02
1.8654140823589753e+02
1.8659678677741084e+02
1.8671110725263432e+02
1.8676980686310640e+02
1.8684925938143857e+02
1.8692500751652940e+02
1.8711491710150628e+02
1.8723918482099512e+02
2.1011258323753040e+02
2.1037762930477317e+02
2.1049483884217977e+02
2.1057960299117224e+02
2.1083686310391781e+02
2.1100083605464789e+02
2.1117018666217228e+02
2.1839133371304533e+02
2.1863814490582325e+02
2.1873274220333911e+02
2.1884940853326893e+02
2.1889019185477983e+02
2.1898097362537951e+02
2.1903205239353412e+02
2.1909392938245713e+02
2.1920643181930973e+02
2.1925763122054187e+02
2.1932160195585590e+02
2.1934180022729331e+02
2.1940880324722266e+02
2.1950007714312420e+02
2.1951557146621221e+02
2.1965276289472743e+02
2.1980322510553199e+02
2.2002052430168033e+02
2.2003605482261014e+02
2.2320201806718123e+02
2.2352178919218079e+02
2.2371329209486291e+02
2.2821561528878829e+02
2.2828066103206930e+02
2.2854294215575945e+02
2.2858078823817041e+02
2.2870633275531921e+02
2.2872815566553675e+02
2.2893169837413137e+02
2.2894598653566908e+02
2.2918020491271216e+02
2.2937812281513513e+02
2.2948444126102791e+02
2.2956929615410598e+02
2.2958166283060459e+02
2.5909435696889597e+02
2.5935871713252061e+02
2.5947759813207159e+02
2.5955560408393967e+02
2.5982282730820521e+02
2.5986406466570486e+02
2.5993818968647651e+02
2.6011319706000432e+02
2.6025169962093224e+02
2.6029006096328840e+02
2.6042329949983343e+02
2.6052985405892787e+02
2.6062480519158134e+02
2.6069690688419291e+02
2.6074955958169170e+02
2.6091096834388196e+02
2.6110688331273292e+02
2.6124210311253506e+02
2.6128492651067273e+02
2.6131742076847502e+02
2.6137832881590333e+02
2.6141916160475893e+02
2.6158220505487981e+02
2.6159782694681900e+02
2.6165587565820681e+02
2.6179377411590821e+02
2.6191444015947434e+02
2.6206693393788322e+02
2.6225938047018485e+02
2.6232179601509353e+02
2.7512040456977553e+02
2.7528613457370074e+02
2.7536674964614764e+02
2.7566901241637549e+02
2.7581677914702470e+02
2.7595553541726321e+02
2.7604274686312510e+02
2.7608324231360132e+02
2.7617616747784979e+02
2.7634689996252337e+02
2.7644705671231407e+02
2.7669461033249308e+02
2.7690342030719535e+02
2.7704301256249482e+02
2.7737729577167977e+02
2.7818706726340207e+02
2.7920093192957631e+02
2.7926994769848329e+02
2.7971789760095697e+02
2.8011438015429059e+02
2.8740861512192004e+02
3.0624360354882305e+02
3.0636769548670884e+02
3.0658643640538367e+02
3.0661770258891016e+02
3.0683361374524543e+02
3.0687257515697661e+02
3.0689785538378061e+02
3.0712733590192295e+02
3.0730770109519358e+02
3.0740716541769154e+02
3.0754203114982482e+02
3.0766047132768239e+02
3.0783045227404892e+02
3.0796928352128776e+02
3.0800760437267098e+02
3.0822924578112713e+02
3.0828333844015100e+02
3.0835865455963517e+02
3.0883568284702034e+02
3.0905607857011614e+02
3.0924021297678644e+02
3.0943792853098120e+02
3.0971038261101455e+02
3.1392895269455937e+02
3.1433604713282040e+02
3.1463782611445470e+02
3.1509223883471827e+02
3.1522323929035042e+02
3.1534601860410061e+02
3.1558045469729666e+02
3.1568485650313232e+02
3.1600078834146956e+02
3.1630507584999964e+02
3.1670139430738936e+02
3.2713418061008252e+02
3.2738060894749748e+02
3.2772199793426574e+02
3.2781580282781147e+02
3.2803232198046442e+02
3.2839550264769548e+02
3.2853019400577000e+02
3.2883776720169743e+02
3.2896228122167804e+02
3.2904653635356692e+02
3.2920468256988073e+02
3.2924973457591653e+02
3.2953390880146924e+02
3.2982482531086276e+02
3.2997014291626027e+02
3.3034548928564709e+02
3.3081724020152348e+02
3.4007762061799707e+02
3.4058254478341570e+02
3.4152422494049756e+02
3.4214624985302316e+02
3.4237418319136384e+02
3.4266416866578254e+02
3.4292805701406400e+02
3.5542308133757405e+02
3.5609013512472103e+02
3.5671830752340281e+02
3.5700662636024055e+02
3.5715165279988668e+02
3.5742755817017763e+02
3.5775399567352702e+02
3.5794285063395245e+02
3.5817473687742552e+02
3.5838652856806124e+02
3.5849036119457952e+02
3.5866867031693386e+02
3.5891484032837963e+02
3.5912941737386689e+02
3.5950122126773067e+02
3.5954449754482653e+02
3.5960179706586700e+02
3.5971973853435617e+02
3.5985901835665447e+02
3.6010387244545205e+02
3.6027993032094321e+02
3.6047934339064591e+02
3.6052594966402813e+02
3.6095324322144057e+02
3.6111626047088197e+02
3.6134882350239155e+02
3.6163254071179114e+02
3.6217879050093131e+02
3.7538489668332556e+02
3.7566887382814355e+02
3.7576942098446852e+02
3.7605034863511116e+02
3.7636364954337699e+02
3.7658665316066077e+02
3.7695602260268436e+02
3.7703498480158964e+02
3.7742906568208764e+02
3.7761708239950292e+02
3.7789659987158660e+02
3.7856526876971441e+02
3.7911157631175820e+02
3.8503499052249981e+02
3.8520186280142400e+02
3.8572535335868218e+02
3.8600601938097714e+02
3.8629840948724905e+02
3.8649700455401126e+02
3.8670495410099693e+02
3.8717385798628118e+02
3.8735824817631624e+02
3.8758587610442095e+02
3.8778496094853705e+02
3.8799317950586942e+02
3.8826902179470801e+02
3.8842433431748537e+02
3.8848358964112020e+02
3.8860988308794566e+02
3.8890127469042568e+02
3.8940760361074513e+02
3.8983330455872630e+02
4.0920999814422589e+02
4.0962905557080762e+02
4.1035196259303854e+02
4.1082528070676585e+02
4.1111426563307595e+02
4.1189608753017484e+02
4.1234651438854030e+02
4.1252074164875597e+02
4.1317318380165142e+02
4.1340592926305544e+02
4.1383712597255794e+02
4.1392577419827688e+02
4.1439691228986982e+02
4.1446089549852542e+02
4.1482783945459971e+02
4.1520829913837827e+02
4.1525934639481898e+02
4.1529966301991334e+02
4.1551043671890494e+02
4.1581544022889921e+02
4.1607182562588071e+02
4.1638393345100627e+02
4.1652049846596412e+02
4.1673172220947799e+02
4.1678584349407191e+02
4.1711359084273943e+02
4.1727833996443195e+02
4.1744449220317546e+02
4.1763561739162219e+02
4.1790819951655931e+02
4.1809196149046653e+02
4.1865770414560723e+02
4.1924485590354703e+02
4.1947159755275561e+02
4.1970528668480318e+02
4.1986776502676145e+02
4.3096087865782027e+02
4.3155188457310334e+02
4.3265319639029894e+02
4.3390538142522246e+02
4.3506213197931612e+02
4.4077746454167436e+02
4.4287167709376229e+02
4.4311970924418767e+02
4.4353847834306839e+02
4.4378593158486109e+02
4.4396999669571181e+02
4.4455522769034542e+02
4.4499764765778878e+02
4.4529981859024025e+02
4.4541950526076249e+02
4.4598393287201515e+02
4.4619692043640305e+02
4.4667711588738240e+02
4.4682473125296434e+02
4.4741585510471555e+02
4.4861308563748190e+02
4.4909328392315911e+02
4.4966377739705064e+02
4.4976517648244993e+02
4.5028749200807454e+02
4.5083150658717921e+02
4.5109268724672364e+02
4.5122646198899747e+02
4.5153298582568215e+02
4.5170485919672973e+02
4.5214395536593520e+02
4.5217774473386089e+02
4.5264194168474739e+02
4.5277700496845893e+02
4.5333978849084946e+02
4.5342643664543152e+02
4.5375991191241798e+02
4.5392319135590299e+02
4.5445077670510199e+02
4.5475772883339317e+02
4.5534187361409971e+02
4.5574675845184356e+02
4.7482480966731185e+02
4.7522688227339376e+02
4.7550374484002361e+02
4.7606537708288613e+02
4.7640305032569142e+02
4.7667941844656582e+02
4.7703490811482970e+02
4.7719147427495960e+02
4.7756947658884985e+02
4.7785839595588476e+02
4.7793398568682943e+02
4.7824360322937622e+02
4.7861822034408499e+02
4.7875631341540890e+02
4.7931614341124805e+02
4.7951002589330170e+02
4.7975417541244195e+02
4.8004682734902423e+02
4.8019477310165792e+02
4.8042162338707260e+02
4.8072165166083306e+02
4.8094952531651342e+02
4.8139747470180049e+02
4.8187731478908512e+02
4.8222160887018970e+02
4.8244051830088665e+02
4.8265542278174900e+02
4.8321300560485685e+02
4.8428421812107848e+02
4.8540645462600230e+02
4.8570819492704658e+02
4.8675869296492698e+02
4.8765909856886310e+02
4.8810700698607906e+02
4.8922458018179356e+02
4.8950210399323845e+02
4.8999052665849325e+02
4.9039569731019196e+02
4.9098188789804351e+02
4.9126113448349145e+02
5.1354726129792027e+02
5.1414061875066056e+02
5.1493663520774419e+02
5.1558103266179614e+02
5.1590114496815045e+02
5.1652048269341788e+02
5.1670155581681615e+02
5.1712210629285835e+02
5.1733455812898092e+02
5.1812956508068635e+02
5.1828580860714385e+02
5.1853413220835057e+02
5.1905583550561732e+02
5.1925445511880241e+02
5.1948191632362511e+02
5.1980328390185207e+02
5.1991617623004572e+02
5.2025639627761586e+02
5.2057691762649006e+02
5.2099802967600510e+02
5.2113903439172543e+02
5.2123888897464712e+02
5.2130334359230415e+02
5.2159422082335038e+02
5.2194631183126899e+02
5.2216480957192402e+02
5.2254527136287345e+02
5.2280192869307575e+02
5.2290958932502815e+02
5.2317939001791910e+02
5.2327446312201357e+02
5.2351560613463914e+02
5.2403888251218825e+02
5.2434098077009241e+02
5.2448585620118877e+02
5.2475739439029553e+02
5.2532444139602978e+02
5.2566593616083719e+02
5.2578704596626403e+02
5.2607239572539902e+02
5.2649383190057199e+02
5.2671207117776862e+02
5.2692538807740459e+02
5.2760177317467242e+02
5.2764612983581003e+02
5.2864154908889884e+02
5.2924632833906969e+02
5.3206459205839030e+02
5.3286693699911586e+02
5.3322075620695523e+02
5.4295773793686692e+02
5.4345936674849690e+02
5.4376134775615662e+02
5.4425259152309718e+02
5.4454193341629821e+02
5.4465776252114210e+02
5.4493093854407857e+02
5.4563904225545468e+02
5.4571084559795702e+02
5.4590265499790667e+02
5.4616284183863161e+02
5.4644576519201723e+02
5.4718532247948031e+02
5.4747650505969079e+02
5.4793908761883938e+02
5.4825522649662969e+02
5.4870751580698004e+02
5.4886743806168340e+02
5.4922590776597849e+02
5.4951610420130078e+02
5.4990191743186983e+02
5.4999852873768066e+02
5.5036048113051163e+02
5.5087334869622032e+02
5.5102021345703383e+02
5.5116641178838699e+02
5.5247080608075203e+02
5.5325845601413084e+02
5.5365387066175708e+02
5.5413925761880205e+02
5.5562285424269487e+02
5.6885697614117601e+02
5.6939283830678687e+02
5.7004463449595266e+02
5.7095135268989202e+02
5.7205987184483956e+02
5.7243417603470914e+02
5.7307057919858960e+02
5.7400305558032812e+02
5.7454960684175524e+02
5.7476402143811879e+02
5.7559503672446738e+02
5.7576021884240686e+02
5.7683534638485787e+02
5.9443347033152816e+02
5.9540655068021908e+02
5.9611697806553161e+02
5.9651508587779733e+02
5.9673113940480755e+02
5.9686733388549806e+02
5.9716296624868050e+02
5.9807193393761941e+02
5.9832319877768691e+02
5.9847840029196209e+02
5.9884380217537205e+02
5.9901893802019924e+02
5.9969385532110834e+02
5.9975020004284170e+02
6.0022814041995491e+02
6.0028102473718536e+02
6.0046466528250153e+02
6.0085583107102343e+02
6.0105608737493390e+02
6.0143849468432234e+02
6.0178308506784333e+02
6.0199102027080266e+02
6.0261011498657206e+02
6.0267214498208500e+02
6.0323801559819162e+02
6.0353426393193740e+02
6.0383015056682586e+02
6.0397177723764992e+02
6.0429675141283803e+02
6.0445722142755892e+02
6.0475494816371543e+02
6.0528193339785025e+02
6.0548122800242129e+02
6.0573132683177914e+02
6.0611875387991188e+02
6.0622767257720386e+02
6.0680190929397361e+02
6.0701958011931708e+02
6.0774212115736464e+02
6.0802093465108021e+02
6.0816542728857019e+02
6.0854186440877982e+02
6.0899977725329063e+02
6.0955030057653653e+02
6.1006206101913733e+02
6.1057677554237443e+02
6.1125954508984273e+02
6.1144460507212693e+02
6.1195415445462913e+02
6.1337482710948279e+02
6.1387012557818275e+02
6.1437438641887604e+02
6.1505648428137101e+02
6.1664346290976744e+02
6.1757542970605539e+02
6.1817342933160421e+02
6.1858175571173354e+02
6.1880395682822552e+02
6.1917565807389565e+02
6.2002504649129776e+02
6.2044270806208317e+02
6.2094515692818050e+02
6.2106818137652829e+02
6.2142820566981197e+02
6.2170529808807009e+02
6.2217611990298474e+02
6.2249154066336223e+02
6.2325477843453871e+02
6.2391779092502759e+02
6.2435000764419544e+02
6.2451373045072103e+02
6.2498282152626496e+02
6.2523545554700161e+02
6.2591286410578505e+02
6.2631433034164627e+02
6.2676401557262238e+02
6.2726350497543910e+02
6.2727822694878557e+02
6.2785734372745060e+02
6.2857121623256785e+02
6.2904012730658587e+02
6.2984791793713600e+02
6.3009215428588607e+02
6.3047321961935950e+02
6.3106165735552804e+02
6.3135717670989015e+02
6.3174549715174419e+02
6.3321428889382241e+02
6.3416071282226028e+02
6.3725625694239909e+02
6.3930068427882532e+02
6.4395862899268900e+02
6.5893902743792273e+02
6.6140180290831984e+02
6.6191655226838009e+02
6.6231680807817565e+02
6.6331400585923120e+02
6.6383991029116430e+02
6.6417624193752010e+02
6.6495641763961441e+02
6.6575268224695458e+02
6.6705454919590647e+02
6.6753561742245154e+02
6.6906648233384237e+02
6.6956012437939683e+02
6.7026299283914091e+02
6.7082870691109918e+02
6.7938038755801097e+02
6.7954320548889473e+02
6.8020432632736231e+02
6.8062770701125021e+02
6.8142940548998217e+02
6.8168959213066569e+02
6.8236289850927074e+02
6.8284659549663456e+02
6.8374493640841422e+02
6.8381937960667346e+02
6.8424625338902615e+02
6.8456065028128990e+02
6.8561667294887729e+02
6.8584930095812740e+02
6.8658213686780732e+02
6.8676556321620330e+02
6.8699693575880474e+02
6.8730046623308374e+02
6.8737650066269339e+02
6.8772494223839988e+02
6.8856196068099587e+02
6.8890522238529968e+02
6.8945149888602589e+02
6.9012580860479420e+02
6.9059660937650233e+02
6.9118802433406290e+02
6.9127705178665690e+02
6.9247073901527892e+02
6.9268129221723802e+02
6.9270641821829884e+02
6.9335276615118744e+02
6.9384065816780253e+02
6.9419683738382651e+02
6.9466967290997684e+02
6.9514271937617718e+02
6.9553100827836511e+02
6.9584904170785478e+02
6.9612647408726048e+02
6.9666074180465466e+02
6.9698424818342505e+02
6.9717804423427367e+02
6.9759688815421327e+02
6.9793119414546720e+02
6.9840497861980509e+02
6.9884447678230606e+02
6.9929607123598203e+02
6.9985286340740367e+02
6.9996288137483702e+02
7.0045004383872708e+02
7.0111255289947030e+02
7.0135630513399417e+02
7.0186809989827441e+02
7.0188732303711549e+02
7.0217425138369197e+02
7.0266864174417151e+02
7.0288463205773644e+02
7.0323423114496006e+02
7.0370970694057746e+02
7.0397577108172379e+02
7.0433014549587983e+02
7.0482594686616039e+02
7.0529049499166410e+02
7.0590453888480215e+02
7.0613251330639991e+02
7.0686279140349529e+02
7.0699075852635769e+02
7.0726716173747138e+02
7.0758910453510487e+02
7.0766996052715206e+02
7.0821307210172836e+02
7.0858009060594566e+02
7.0898387843574653e+02
7.0934822043713564e+02
7.0985544431790095e+02
7.1004299695450277e+02
7.1052677903161145e+02
7.1107400260403267e+02
7.1173592905741793e+02
7.1215191038401576e+02
7.1257491259732774e+02
7.1274120765821635e+02
7.1306933676359574e+02
7.1358812856753718e+02
7.1376727487983976e+02
7.1436517992008783e+02
7.1451311470317478e+02
7.1508673891621311e+02
7.1623523446299669e+02
7.1641623074526285e+02
7.1715330183495962e+02
7.1812330965074739e+02
7.1894698946632639e+02
7.2043337119512569e+02
7.2088617368176949e+02
7.3766033070904280e+02
7.4216411848070493e+02
7.4340745178945929e+02
7.4509798733159221e+02
7.4726350573022535e+02
7.4840055237812408e+02
7.4886613289281786e+02
7.5549091827353766e+02
7.5778282133024152e+02
7.5917363433662535e+02
7.6086156432972894e+02
7.6197195393251195e+02
7.6252653992530338e+02
7.6324010828880648e+02
7.6387101598328297e+02
7.6460720217688743e+02
7.6503838367256685e+02
7.6565093600813202e+02
7.6689257916060274e+02
7.6727483563059309e+02
7.6781164902659248e+02
7.6837206931775995e+02
7.6911374450669268e+02
7.7007692789389375e+02
7.7032782326692211e+02
7.7109742501204960e+02
7.7206213273139224e+02
7.7235182100296811e+02
7.7280454546782346e+02
7.7357831070347038e+02
7.7403405344968110e+02
7.7446307495526082e+02
7.7481587186709419e+02
7.7535747660403035e+02
7.7587457011669073e+02
7.7594131364920190e+02
7.7650857705732290e+02
7.7674075315426012e+02
7.7742824471623192e+02
7.7851317443915536e+02
7.7872964475422964e+02
7.7909663187616138e+02
7.7914193132402545e+02
7.7987564152271352e+02
7.8040472941238158e+02
7.8099295214160418e+02
7.8124359762283871e+02
7.8205208899795900e+02
7.8243090772732774e+02
7.8263060169121366e+02
7.8368267011320700e+02
7.8397936685310071e+02
7.8418541212372497e+02
7.8457182477050014e+02
7.8505247067134508e+02
7.8558214271362021e+02
7.8610876550694047e+02
7.8670598212848199e+02
7.8715360727920006e+02
7.8741984193455505e+02
7.8759157948949803e+02
7.8801375454239610e+02
7.8830288962578106e+02
7.8871743431181642e+02
7.8902401196414326e+02
7.8964190896428272e+02
7.9038143288271840e+02
7.9061686606834201e+02
7.9077610605183486e+02
7.9114895140665158e+02
7.9167364272399504e+02
7.9224952493759247e+02
7.9240923188528745e+02
7.9289794178453849e+02
7.9298921708748344e+02
7.9362180778287200e+02
7.9386437455234136e+02
7.9414453997385340e+02
7.9433235450510017e+02
7.9492913921780803e+02
7.9518745983251063e+02
7.9552254523017791e+02
7.9574278173735536e+02
7.9614058619581533e+02
7.9664253351328932e+02
7.9707782741911194e+02
7.9727785319209738e+02
7.9754776865642873e+02
7.9858807167995531e+02
7.9867286752996017e+02
7.9881016886208226e+02
7.9915642767526663e+02
7.9987379573296312e+02
8.0028932939615481e+02
8.0076371036411126e+02
8.0138457315915241e+02
8.0154145350453030e+02
8.0177722562332792e+02
8.0206356991918221e+02
8.0227782115983621e+02
8.0232567255234835e+02
8.0333846978243059e+02
8.0348603712536431e+02
8.0435975872599079e+02
8.0459551442066436e+02
8.0505773549797766e+02
8.0539832481369638e+02
8.0647275276733126e+02
8.0668048387481224e+02
8.0724672273127817e+02
8.0807338738520627e+02
8.0830219015296962e+02
8.0892714549205289e+02
8.0983821964808430e+02
8.1019800954690913e+02
8.1153873569330403e+02
8.1802109297899574e+02
8.1885427539403042e+02
8.2129614443653691e+02
8.2195451046012124e+02
8.2234593699221102e+02
8.2649695281493211e+02
8.2740150450219187e+02
8.2764834210961624e+02
8.2942569447375570e+02
8.2979992753445015e+02
8.3154844908494852e+02
8.3293494062184016e+02
8.3508960454984219e+02
8.5342475954292308e+02
8.5861521714486389e+02
8.5995740694506389e+02
8.6076205226139462e+02
8.6327745762528787e+02
8.6387377497945215e+02
8.6507746721823082e+02
8.6554051286854440e+02
8.6612555271377062e+02
8.6669470403689172e+02
8.6699030867062856e+02
8.6829184191428510e+02
8.6878082981411296e+02
8.6940592746699542e+02
8.6980265009680522e+02
8.7021135935293364e+02
8.7061305752532121e+02
8.7108372001857231e+02
8.7182725119674922e+02
8.7197186787101259e+02
8.7244520002945865e+02
8.7285294454139159e+02
8.7316713766310704e+02
8.7352648004944808e+02
8.7409218475445050e+02
8.7415616776863772e+02
8.7503234859128474e+02
8.7514920695177784e+02
8.7551440101601759e+02
8.7617277877188053e+02
8.7623884074876253e+02
8.7638623831678660e+02
8.7659737322762214e+02
8.7706006826437454e+02
8.7728338992642080e+02
8.7815820459485633e+02
8.7822956618529633e+02
8.7889681875367887e+02
8.7960394860479323e+02
8.7983269556564323e+02
8.7989305827314354e+02
8.8052206884250393e+02
8.8072357440333428e+02
8.8093173123500173e+02
8.8143185125041816e+02
8.8163507993179121e+02
8.8177593020529378e+02
8.8213569468666503e+02
8.8258217497247392e+02
8.8275869836464017e+02
8.8344566482549556e+02
8.8373530549214911e+02
8.8388033144858855e+02
8.8413058988343789e+02
8.8432955552958572e+02
8.8475855448710342e+02
8.8533852661569267e+02
8.8592385999927899e+02
8.8615494030275420e+02
8.8644785931286185e+02
8.8665250510579472e+02
8.8728006950378403e+02
8.8764646947174765e+02
8.8775146074510587e+02
8.8793056436634868e+02
8.8812339240981999e+02
8.8920356723646228e+02
8.8930520383645160e+02
8.8999176093500671e+02
8.9039307793784360e+02
8.9091749844029709e+02
8.9105742888666714e+02
8.9161199014925558e+02
8.9186059871085024e+02
8.9237630156381476e+02
8.9257773701484007e+02
8.9272983825749725e+02
8.9290479193189992e+02
8.9349024664695980e+02
8.9429349748900984e+02
8.9454078733565837e+02
8.9482234959816594e+02
8.9523696878898454e+02
8.9574445568212582e+02
8.9652146688508640e+02
8.9705528031386871e+02
8.9746268945171573e+02
8.9757511585530824e+02
8.9807979816086333e+02
8.9848191353127856e+02
8.9858548138045262e+02
8.9945051631719230e+02
8.9969936172626649e+02
9.0029526540555651e+02
9.0055921954293740e+02
9.0107653583430897e+02
9.0131309775456987e+02
9.0212080443923207e+02
9.0242378135424360e+02
9.0258342844892218e+02
9.0311939809879118e+02
9.0369849446680519e+02
9.0405242916768998e+02
9.0424483127253882e+02
9.0487047946866426e+02
9.0588011004076122e+02
9.0612313803507334e+02
9.0677568768881997e+02
9.0722559305111906e+02
9.0816908163292339e+02
9.0818800020908304e+02
9.0879772063399651e+02
9.0954245264378483e+02
9.0992852480749696e+02
9.1048774939829150e+02
9.1081892314766981e+02
9.1117856329033327e+02
9.1188799049642989e+02
9.1226165179279053e+02
9.1314434329538938e+02
