9.8939272660919393e+00
2.0241435552377883e+01
2.0241650845510140e+01
2.0242683182234465e+01
3.3305701924222241e+01
3.3305884371126254e+01
3.3306435350904344e+01
3.3306509815322222e+01
3.3308758526314485e+01
3.9590011144909212e+01
4.8972576849207385e+01
4.8973688049917136e+01
4.8974140114267904e+01
4.8975022794958768e+01
4.8975541320332731e+01
4.8975911855186233e+01
4.8979356682370842e+01
5.9873242866775101e+01
5.9874012024288781e+01
5.9877679564516477e+01
6.7175931814052802e+01
6.7176865732731244e+01
6.7177258985414980e+01
6.7178133962371206e+01
6.7179425408036067e+01
6.7179885748556487e+01
6.7181970472966924e+01
6.7182469247844892e+01
6.7186906709934647e+01
8.3044421602191676e+01
8.3046010058420777e+01
8.3047662000057599e+01
8.3048498645253218e+01
8.3055740510571539e+01
8.7872989917134433e+01
8.7874726021714608e+01
8.7875886364804742e+01
8.7876408408357477e+01
8.7878702399662728e+01
8.7879947218105286e+01
8.7880889500677270e+01
8.7882334481753674e+01
8.7884627888063946e+01
8.7885180298684219e+01
8.7892249351662386e+01
8.9203351040888194e+01
1.0904767504383712e+02
1.0905119555557114e+02
1.0905404980982894e+02
1.0905571594295419e+02
1.0905857753565512e+02
1.0906078476036080e+02
1.0907205919502158e+02
1.1104328867247237e+02
1.1104546545523253e+02
1.1104842564949507e+02
1.1104999777061020e+02
1.1105202434864333e+02
1.1105305613310053e+02
1.1105319500257248e+02
1.1105523828716900e+02
1.1105900547123190e+02
1.1106102539326336e+02
1.1106268677674656e+02
1.1106766857826361e+02
1.1107810194379395e+02
1.1954855993581103e+02
1.1955555156758308e+02
1.1956596364588614e+02
1.3668208210891515e+02
1.3668315656470597e+02
1.3668506045190975e+02
1.3668832162918321e+02
1.3669167376256524e+02
1.3669376692668121e+02
1.3669951564450332e+02
1.3670372721083663e+02
1.3670414420832893e+02
1.3670907662385957e+02
1.3671107120849109e+02
1.3671172339075966e+02
1.3671968249277188e+02
1.3672281467008605e+02
1.3673588242792803e+02
1.3785744093408579e+02
1.3786022936855622e+02
1.3786687736188489e+02
1.3787099485668921e+02
1.3787225406084241e+02
1.3787993296740470e+02
1.3788013784565229e+02
1.3788702124116602e+02
1.3790130144615236e+02
1.5292790687572264e+02
1.5294823093388746e+02
1.5295821924946549e+02
1.5296828113821104e+02
1.5297760292321107e+02
1.5911674421521579e+02
1.6479376507786131e+02
1.6479755150252632e+02
1.6480219345188212e+02
1.6481142814770496e+02
1.6481208938779011e+02
1.6481617364626337e+02
1.6482293520344123e+02
1.6482506310959272e+02
1.6483389867624257e+02
1.6483519475039591e+02
1.6484129167073041e+02
1.6484481105646213e+02
1.6484658686156288e+02
1.6485673065972182e+02
1.6485758675279226e+02
1.6486005857142379e+02
1.6487267007484795e+02
1.6946298408040863e+02
1.6947643713612018e+02
1.6948032007751314e+02
1.6948288972104672e+02
1.6949352341371736e+02
1.6950481609351363e+02
1.6950685070750751e+02
1.6951620483508896e+02
1.6952149760138369e+02
1.6952973168017226e+02
1.6953547424304406e+02
1.8938357548809623e+02
1.8939313414057037e+02
1.8940609651748960e+02
1.8940985410064590e+02
1.8944118562863841e+02
1.8946303156851172e+02
1.8947448169410333e+02
1.9538148986520636e+02
1.9540906200539393e+02
1.9541423441499654e+02
1.9541679117044612e+02
1.9542698860379662e+02
1.9543502965931597e+02
1.9544221644887617e+02
1.9545594471111443e+02
1.9546359769032586e+02
1.9547136619173978e+02
1.9548163377617539e+02
1.9548470099350752e+02
1.9549075849226344e+02
1.9549857592644005e+02
1.9550065712204207e+02
1.9550837012133422e+02
1.9551300677421838e+02
1.9551827642143513e+02
1.9553226097006279e+02
1.9986448819833188e+02
1.9988117748564324e+02
1.9994263292855689e+02
2.0388835265464408e+02
2.0389927798239128e+02
2.0392082138434480e+02
2.0393157181336235e+02
2.0394284606019946e+02
2.0394842147705182e+02
2.0394951918277258e+02
2.0396010240510057e+02
2.0397256656497655e+02
2.0397866281560340e+02
2.0399632272606101e+02
2.0401580610134749e+02
2.0403016937249481e+02
2.2852457832899833e+02
2.2853927776999353e+02
2.2855385554552709e+02
2.2858283518071190e+02
2.2858364182198343e+02
2.2859471186956367e+02
2.2861104272078984e+02
2.2861747502875588e+02
2.2863366557347035e+02
2.2863551646329739e+02
2.2864124801293940e+02
2.2865496031032959e+02
2.2866272036650329e+02
2.2866892719322203e+02
2.2867341053066764e+02
2.2869029277284568e+02
2.2869918498594186e+02
2.2870727101818133e+02
2.2871595146016020e+02
2.2873554362798666e+02
2.2874603515720216e+02
2.2892865010198358e+02
2.2896048485841891e+02
2.2897354175840280e+02
2.2899037385376116e+02
2.2901137886191691e+02
2.2902692694341630e+02
2.2903372671299712e+02
2.2906351082124198e+02
2.2909723139710275e+02
2.4116380817159083e+02
2.4118556026613868e+02
2.4121134978654922e+02
2.4122975890566971e+02
2.4124284385832934e+02
2.4124687767594583e+02
2.4126948443154984e+02
2.4129199369969274e+02
2.4129903819895921e+02
2.4131642865303093e+02
2.4132497812969612e+02
2.4133385536916174e+02
2.4134224965246108e+02
2.4136164659947281e+02
2.4142299242900691e+02
2.4390892206682540e+02
2.4396684789338860e+02
2.4398657649914423e+02
2.4405587907404603e+02
2.4408283444995882e+02
2.5026329462792506e+02
2.6425280500316433e+02
2.6426330987239481e+02
2.6428559526363313e+02
2.6429868272717562e+02
2.6430641587692520e+02
2.6432879036131015e+02
2.6434506452385830e+02
2.6435980581431198e+02
2.6436937391039169e+02
2.6437954308952283e+02
2.6440138464746769e+02
2.6441711812650772e+02
2.6442834981308107e+02
2.6444287354585100e+02
2.6445348048604410e+02
2.6447282496457160e+02
2.6447841136833381e+02
2.6449027758911711e+02
2.6452865316451863e+02
2.6454240482890617e+02
2.6456151598067635e+02
2.6457504121189942e+02
2.6459188703038063e+02
2.7160765105557846e+02
2.7164910782572139e+02
2.7166877913034619e+02
2.7171288391246787e+02
2.7172538793383603e+02
2.7174343000105966e+02
2.7175885132183851e+02
2.7178441676479235e+02
2.7181649976315862e+02
2.7188787724164928e+02
2.7190554771257922e+02
2.8136124815393890e+02
2.8140454397244650e+02
2.8142060799252408e+02
2.8144164548514738e+02
2.8145861880560574e+02
2.8147779914144610e+02
2.8150116891128516e+02
2.8154914344453812e+02
2.8156004510691696e+02
2.8156453447144872e+02
2.8157483237463987e+02
2.8158636662569967e+02
2.8160160671532111e+02
2.8162467385975862e+02
2.8163988535437528e+02
2.8166153410805759e+02
2.8176871184077100e+02
2.9136378361642892e+02
2.9138941576448684e+02
2.9141182413672783e+02
2.9144795310843955e+02
2.9148585410123115e+02
2.9163455704872939e+02
2.9166589079550789e+02
3.0200467480288756e+02
3.0209133907023039e+02
3.0216374521237657e+02
3.0252247250094945e+02
3.0258894723397162e+02
3.0263497404922992e+02
3.0266195361465816e+02
3.0269119044874441e+02
3.0269785615817295e+02
3.0272618549886727e+02
3.0274403987727197e+02
3.0276302479113815e+02
3.0279008139893642e+02
3.0280952161920726e+02
3.0282772205752889e+02
3.0284253019151521e+02
3.0288580150697783e+02
3.0289590133551957e+02
3.0289926731716741e+02
3.0291841207422857e+02
3.0294559684240306e+02
3.0296703534093228e+02
3.0298988443815836e+02
3.0302125623461052e+02
3.0307229275336692e+02
3.0308400595011551e+02
3.0310462582126297e+02
3.0314175657322750e+02
3.1751748522997048e+02
3.1758984030976592e+02
3.1760914467347948e+02
3.1765047608405689e+02
3.1767676659536903e+02
3.1769902461030108e+02
3.1772983915880860e+02
3.1774024331883851e+02
3.1777865403975972e+02
3.1784523760934701e+02
3.1787271671596091e+02
3.1792030038107458e+02
3.1795889027047082e+02
3.2450303100488054e+02
3.2453724570503670e+02
3.2460423683359045e+02
3.2466154656198415e+02
3.2468534250446777e+02
3.2470987727421965e+02
3.2471198388373733e+02
3.2475757318724999e+02
3.2480394695566213e+02
3.2480798063992449e+02
3.2482901874287086e+02
3.2489491221660609e+02
3.2490142277920512e+02
3.2491264262626970e+02
3.2493451953386682e+02
3.2496835686805053e+02
3.2505167947142911e+02
3.2506558679862468e+02
3.2510940186386330e+02
3.4223113916937365e+02
3.4228570181328996e+02
3.4233517258747480e+02
3.4237263501112642e+02
3.4248077467524718e+02
3.4252133519169450e+02
3.4260556752551474e+02
3.4261888075219122e+02
3.4270221167307147e+02
3.4355970396696983e+02
3.4366279690983140e+02
3.4369692469798991e+02
3.4371180514264148e+02
3.4375667851104794e+02
3.4383331009122531e+02
3.4384466663560454e+02
3.4387395615807128e+02
3.4390861100834826e+02
3.4393198197031603e+02
3.4396187863430669e+02
3.4396955540255499e+02
3.4398573529074946e+02
3.4400114613281221e+02
3.4402708733599468e+02
3.4404325280452781e+02
3.4408757039304578e+02
3.4413868033894977e+02
3.4415893250544758e+02
3.4417744596045543e+02
3.4421444857587119e+02
3.4423220604621673e+02
3.4426594620097654e+02
3.4429523143651915e+02
3.4430888520333866e+02
3.4440343696940306e+02
3.4450083697472280e+02
3.5725765799927058e+02
3.5749215175458590e+02
3.5758932465709790e+02
3.5777592227156384e+02
3.5788093043570058e+02
3.6399631393593228e+02
3.6671923213660727e+02
3.6678216620134100e+02
3.6680850670898286e+02
3.6684969115006231e+02
3.6695600626026288e+02
3.6696602555289888e+02
3.6699779842866303e+02
3.6702624229012048e+02
3.6712860453505323e+02
3.6715957337507245e+02
3.6721900443224501e+02
3.6724721707126213e+02
3.6727569495486773e+02
3.6734778194704080e+02
3.6750834381470804e+02
3.7081662082307753e+02
3.7084457361232433e+02
3.7090252324598941e+02
3.7093301756783393e+02
3.7097499429323500e+02
3.7099671306807727e+02
3.7103655884086641e+02
3.7104932073273233e+02
3.7111491316980135e+02
3.7113654482877246e+02
3.7115468644488709e+02
3.7121471668528488e+02
3.7127201404971333e+02
3.7130601524668799e+02
3.7134831006632623e+02
3.7137731211178578e+02
3.7142195732702845e+02
3.7152330304193163e+02
3.7154470100234425e+02
3.7157802844579572e+02
3.7168465634776607e+02
3.8737324787036329e+02
3.8744470280441408e+02
3.8756656765260544e+02
3.8760787583640877e+02
3.8764810442577777e+02
3.8770619539502496e+02
3.8773002664825810e+02
3.8773739414227452e+02
3.8778134266119361e+02
3.8782628173601040e+02
3.8784605812762095e+02
3.8787048597945630e+02
3.8789458527664624e+02
3.8794504083501374e+02
3.8798247926814463e+02
3.8799959664444913e+02
3.8807432807333117e+02
3.8808780555537675e+02
3.8814945821031284e+02
3.8816260854546209e+02
3.8822712249448290e+02
3.8828030712265110e+02
3.8836541254869138e+02
3.8840456299243556e+02
3.8843648517903847e+02
3.8848729974599365e+02
3.8853710446835214e+02
3.8858372145183318e+02
3.8878326222640686e+02
3.9664312533348658e+02
3.9680038944559209e+02
3.9683147378263072e+02
3.9684347641248399e+02
3.9690007925596996e+02
3.9706801389736080e+02
3.9711646014910008e+02
3.9720257088631951e+02
3.9728372591288434e+02
3.9740275623133738e+02
3.9760991012156228e+02
4.1621108293587190e+02
4.1646674366118413e+02
4.1667035193825757e+02
4.1677438928179930e+02
4.1694822313725825e+02
4.1718624878651059e+02
4.1721178220090388e+02
4.1923129883561853e+02
4.1936957955654054e+02
4.1942882762361648e+02
4.1953207012200494e+02
4.1954180016143579e+02
4.1960499549973076e+02
4.1967224307443342e+02
4.1968173471179739e+02
4.1976110033344622e+02
4.1980371185872497e+02
4.1985600832117279e+02
4.1992197033105356e+02
4.1996855256169863e+02
4.2004163625645475e+02
4.2013454217575253e+02
4.2017697421832912e+02
4.2025483350349089e+02
4.2028274903335819e+02
4.2036311256640175e+02
4.2046876996159818e+02
4.2050319476911557e+02
4.2056576683972389e+02
4.2061044890194904e+02
4.2064981947859826e+02
4.2070435630650172e+02
4.2079384853568934e+02
4.2082949695987759e+02
4.2086082939948329e+02
4.2088251409133795e+02
4.2090655262541230e+02
4.2095359533763354e+02
4.2098513705346789e+02
4.2100078068897170e+02
4.2111683830693607e+02
4.2118579730942685e+02
4.2122138659441970e+02
4.2131030428540822e+02
4.2147192715692250e+02
4.2156529047837500e+02
4.2175967971904083e+02
4.2732779109102131e+02
4.2752371026325125e+02
4.2771600588313959e+02
4.3400259367293000e+02
4.3420718141099877e+02
4.3426305158182697e+02
4.3432258923042997e+02
4.3439276645148561e+02
4.3444776329691462e+02
4.3447591034065965e+02
4.3454483548852517e+02
4.3459032767188023e+02
4.3461813744920443e+02
4.3471225537748023e+02
4.3476776697300517e+02
4.3478155925537777e+02
4.3481389327479002e+02
4.3484138682152297e+02
4.3492351451424480e+02
4.3498748582788409e+02
4.3500415193695039e+02
4.3514050620001325e+02
4.3517184725130602e+02
4.3522562877530225e+02
4.3528537873021969e+02
4.3529905474778252e+02
4.3539716375250134e+02
4.3545130539990527e+02
4.3551666192211792e+02
4.3556666733744851e+02
4.3563903783761504e+02
4.3575154128551719e+02
4.3577196519875139e+02
4.3585951292651833e+02
4.5480045862487663e+02
4.5492361341030642e+02
4.5501217815909291e+02
4.5512542834301212e+02
4.5515876810463374e+02
4.5518993657883493e+02
4.5539874903744374e+02
4.5541190284933009e+02
4.5547665944808142e+02
4.5555865009545766e+02
4.5577862732455736e+02
4.5606287134434001e+02
4.5609661966135621e+02
4.7267252997034092e+02
4.7278822571521277e+02
4.7289747933530850e+02
4.7309663923395550e+02
4.7316014960090973e+02
4.7322691164679406e+02
4.7333295270576053e+02
4.7339011159747412e+02
4.7343669024505789e+02
4.7347256078759415e+02
4.7355938918414296e+02
4.7363378417183714e+02
4.7366811840179457e+02
4.7379200903071933e+02
4.7391820491311904e+02
4.7394058587636454e+02
4.7399430844604848e+02
4.7404155365659739e+02
4.7411386509122968e+02
4.7416025657962894e+02
4.7425841069826549e+02
4.7432913926217776e+02
4.7448919375402608e+02
4.7452258325388851e+02
4.7462174295902719e+02
4.7562986588397814e+02
4.7573521743147148e+02
4.7580262916952114e+02
4.7589091673306359e+02
4.7595717533770835e+02
4.7602963591295060e+02
4.7619847892026576e+02
4.7631424820472307e+02
4.7634070743669048e+02
4.7641097308225250e+02
4.7642604666152999e+02
4.7650097169953102e+02
4.7659569930933083e+02
4.7675505369372576e+02
4.7684672966487528e+02
4.7698071087803442e+02
4.7716852280941134e+02
4.7727595183397142e+02
4.7759817353206699e+02
4.7906253893187193e+02
4.7932246410445629e+02
4.7965813876875012e+02
4.7980940162228006e+02
4.7993899499934588e+02
4.8009436897092803e+02
4.8029338789676774e+02
4.8035558352487016e+02
4.8060615325651264e+02
4.8374955409423825e+02
4.8383630731021452e+02
4.8400216251996966e+02
4.8414025469611533e+02
4.8417160986747979e+02
4.8423883393344022e+02
4.8431780654632172e+02
4.8433778169829702e+02
4.8444972307765863e+02
4.8449112824812323e+02
4.8455195118325736e+02
4.8458375827876722e+02
4.8469126005482315e+02
4.8478769642173137e+02
4.8482014492323691e+02
4.8487282116323860e+02
4.8494822322897272e+02
4.8497282974986626e+02
4.8508224895826561e+02
4.8517261907406959e+02
4.8522695961155557e+02
4.8532976494079497e+02
4.8536029460719124e+02
4.8543718572287696e+02
4.8551071395298692e+02
4.8554482937191983e+02
4.8555468395376465e+02
4.8570659733326994e+02
4.8579674790232582e+02
4.8592575427505278e+02
4.8597965412675012e+02
4.8602328928646222e+02
4.8617122463825808e+02
4.9388759733458164e+02
4.9453762659101216e+02
4.9490446099214637e+02
4.9506008384089324e+02
4.9547481360425280e+02
5.0117802491945253e+02
5.1653511034807661e+02
5.1666091459092866e+02
5.1696608347057509e+02
5.1714004205572712e+02
5.1716289412901915e+02
5.1740649835076329e+02
5.1746705211456617e+02
5.1765310728686438e+02
5.1777649613472727e+02
5.1791131106054229e+02
5.1805655858997750e+02
5.1824414591652328e+02
5.1839968561028275e+02
5.1850820798445375e+02
5.1871697801531161e+02
5.2861167106732637e+02
5.2887585570924421e+02
5.2895663384351280e+02
5.2929040794754781e+02
5.2933593140276230e+02
5.2947907187162025e+02
5.2952814708377446e+02
5.2968189108782326e+02
5.2981218214052285e+02
5.2987233621829216e+02
5.2997801541041565e+02
5.3008153129329537e+02
5.3019368552284823e+02
5.3024651568890533e+02
5.3036326847691782e+02
5.3054865031066231e+02
5.3061197619091001e+02
5.3063855556250371e+02
5.3074401578064806e+02
5.3083202378576391e+02
5.3092463432335205e+02
5.3105556613216663e+02
5.3113572149032393e+02
5.3124755291767963e+02
5.3140805001794024e+02
5.3153899654038958e+02
5.3170163555864406e+02
5.3540256580887626e+02
5.3557058934055817e+02
5.3574023807437231e+02
5.3583794730023715e+02
5.3597246706962960e+02
5.3606803644710772e+02
5.3616029560107199e+02
5.3624787548006680e+02
5.3627774006067250e+02
5.3637233606771576e+02
5.3646617698673231e+02
5.3650407105227293e+02
5.3655504171688472e+02
5.3667026925730670e+02
5.3667414914650112e+02
5.3675380455471964e+02
5.3677897109504227e+02
5.3685272001071155e+02
5.3686338027918532e+02
5.3700110244038649e+02
5.3705026360159286e+02
5.3716918165960283e+02
5.3719489058759825e+02
5.3727161965597736e+02
5.3733580815416519e+02
5.3735966828159712e+02
5.3742320603152086e+02
5.3751825883449510e+02
5.3759297849393852e+02
5.3769451507783663e+02
5.3779108218688646e+02
5.3786410049467611e+02
5.3789673360195115e+02
5.3793388500262006e+02
5.3805912413639567e+02
5.3809887976858386e+02
5.3815295812726197e+02
5.3821965769374845e+02
5.3829466733943434e+02
5.3831503613342306e+02
5.3836485032028168e+02
5.3843140444789151e+02
5.3856360044656753e+02
5.3864937635584783e+02
5.3873007201244559e+02
5.3887563491774517e+02
5.3889237412677585e+02
5.3898946642630369e+02
5.3914600760074109e+02
5.3925561564888301e+02
5.3941076141339352e+02
5.3952947685390313e+02
5.3960875234954244e+02
5.3962466377573367e+02
5.3991063975249676e+02
5.4015166927227529e+02
5.4594931184944085e+02
5.4608746320006912e+02
5.4665313240131650e+02
5.4671129811888829e+02
5.4687324923794233e+02
5.4712858775155735e+02
5.4725752500013539e+02
5.4755110708776249e+02
5.4777455791572527e+02
5.4795489113225017e+02
5.4838305454702333e+02
5.6509389840567849e+02
5.6593109620107180e+02
5.6622737934957399e+02
5.6667307625722322e+02
5.6676538670199204e+02
5.6717210770347015e+02
5.6757444413099563e+02
5.7636462537732518e+02
5.7729009048559999e+02
5.7755453306422191e+02
5.8249454415722539e+02
5.8273650806062813e+02
5.8298422171516097e+02
5.8304627337044712e+02
5.8327143484428836e+02
5.8353568496848698e+02
5.8356600912495503e+02
5.8381992326410125e+02
5.8414965986948050e+02
5.8428504855875462e+02
5.8456493557117994e+02
5.8462735533506543e+02
5.8482466643305327e+02
5.8486792031735001e+02
5.8495735906346522e+02
5.8516672732014740e+02
5.8557493460865385e+02
5.8793134125267773e+02
5.8847709326980782e+02
5.8864334798938580e+02
5.8890598258125010e+02
5.8903176833476596e+02
5.8927945574470209e+02
5.8948106142213271e+02
5.8958191542369605e+02
5.8967056772996375e+02
5.8973113775971353e+02
5.8986652864535779e+02
5.8991319487935846e+02
5.9005845394606752e+02
5.9016777687493538e+02
5.9037213065135984e+02
5.9046236131034368e+02
5.9057334016389325e+02
5.9070922921424506e+02
5.9081105340162151e+02
5.9087506874530095e+02
5.9095425709330118e+02
5.9106839786774515e+02
5.9123256398739659e+02
5.9158599058108518e+02
5.9166068561758630e+02
5.9182647063174704e+02
5.9198341512953402e+02
5.9217043026679096e+02
5.9224869315093019e+02
5.9263580535113613e+02
5.9277792307814309e+02
5.9294740212942145e+02
5.9305104495348507e+02
5.9320656912478194e+02
5.9333186977950015e+02
5.9342138007424910e+02
5.9373259050881313e+02
5.9381357116317690e+02
5.9384370575960486e+02
5.9405025051493612e+02
5.9414597474463960e+02
5.9424782057940922e+02
5.9436785138674168e+02
5.9438309690574658e+02
5.9446529650149625e+02
5.9457098305921477e+02
5.9461094782882014e+02
5.9478100196458070e+02
5.9483665441538881e+02
5.9496489120619981e+02
5.9504261884578671e+02
5.9513723594386306e+02
5.9517511590842753e+02
5.9532730523881412e+02
5.9541257454855213e+02
5.9554663047457677e+02
5.9560209097905067e+02
5.9577667866826027e+02
5.9596304170221777e+02
5.9599754736155887e+02
5.9619924092455119e+02
5.9645454087307974e+02
5.9648846902540492e+02
5.9652115196199145e+02
5.9709984758066321e+02
5.9729994842754490e+02
5.9942295142310525e+02
5.9972791233016585e+02
5.9993063134271176e+02
6.0002470883436808e+02
6.0025209951463114e+02
6.0048128524018136e+02
6.0053114940861383e+02
6.0059960032709523e+02
6.0098025488078190e+02
6.0104891476295825e+02
6.0113201649454561e+02
6.0129298887465688e+02
6.0148170013198990e+02
6.0161325783891994e+02
6.0176224918664309e+02
6.0198429412054838e+02
6.0205230570834840e+02
6.0219593510662662e+02
6.0253768747413960e+02
6.0260857189387150e+02
6.0271118733425590e+02
6.0306379798689966e+02
6.0335395239361367e+02
6.1736841734830409e+02
6.1768552052281041e+02
6.1788237475079404e+02
6.1809745938868775e+02
6.1826899842383409e+02
6.1845952068813074e+02
6.1894748732238327e+02
6.1925957946843528e+02
6.1935947526846405e+02
6.1990054025814618e+02
6.2009505303277854e+02
6.2029412056997853e+02
6.2080517342337816e+02
6.4115985793648383e+02
6.4184137890622219e+02
6.4216405221467505e+02
6.4268469996376348e+02
6.4299986397516989e+02
6.4316811658608663e+02
6.4351288684100905e+02
6.4407843253724752e+02
6.4420992805392450e+02
6.5016670481529684e+02
6.5031881847458590e+02
6.5069087346208107e+02
6.5075547297026208e+02
6.5088387288955323e+02
6.5101413538348640e+02
6.5122641399122324e+02
6.5132966603298360e+02
6.5147347568800194e+02
6.5161547422531362e+02
6.5168741228779322e+02
6.5180933759075504e+02
6.5182588147327215e+02
6.5217157738600679e+02
6.5220934642268526e+02
6.5228957868951954e+02
6.5244191655826512e+02
6.5252397967581260e+02
6.5256359230241935e+02
6.5267326142476077e+02
6.5273330988472605e+02
6.5277303818729786e+02
6.5286496139956330e+02
6.5287240640505411e+02
6.5293636915159459e+02
6.5304704353354373e+02
6.5313873807165930e+02
6.5319530850156389e+02
6.5321427047834152e+02
6.5333831142058818e+02
6.5349552869375543e+02
6.5358511401701412e+02
6.5361812304603211e+02
6.5381428849425492e+02
6.5386925209502738e+02
6.5397172604961418e+02
6.5399187594469583e+02
6.5408789669923044e+02
6.5422685717913646e+02
6.5423957767839158e+02
6.5427837663196306e+02
6.5442809253778671e+02
6.5447411419263494e+02
6.5449203461152388e+02
6.5461675221737983e+02
6.5467406167793990e+02
6.5477500448377657e+02
6.5491325133274927e+02
6.5495631293981285e+02
6.5499342236515895e+02
6.5510238449641781e+02
6.5517493773315312e+02
6.5521976007639012e+02
6.5534542120151855e+02
6.5538955033530021e+02
6.5546545199164109e+02
6.5554215727132407e+02
6.5558830146551543e+02
6.5561247283187777e+02
6.5565323301483272e+02
6.5591560631076538e+02
6.5600647842135857e+02
6.5604635205358068e+02
6.5618585226039170e+02
6.5631018465125737e+02
6.5643995227330322e+02
6.5648762992350282e+02
6.5657639372327867e+02
6.5668513007999275e+02
6.5681260019752506e+02
6.5682210257120323e+02
6.5688478578739114e+02
6.5698013995674637e+02
6.5712548984224645e+02
6.5721036316216907e+02
6.5733377939256559e+02
6.5737895438093017e+02
6.5743664634205481e+02
6.5763402249054172e+02
6.5764918259891647e+02
6.5787651930636730e+02
6.5792972510297921e+02
6.5807941793770772e+02
6.5818153815797143e+02
6.5838888620766591e+02
6.5852408930742138e+02
6.5861102791826590e+02
6.5878874730202472e+02
6.5898503101204210e+02
6.5928931442974761e+02
6.5955387806495719e+02
6.5977342142525674e+02
6.6012839045352121e+02
6.6058503733192822e+02
6.6602339345210294e+02
6.6714365658621193e+02
6.6752180415922396e+02
6.6790790659546246e+02
6.6809062021730165e+02
6.6819635690097823e+02
6.6837314582775298e+02
6.6870755320884666e+02
6.6897059478471078e+02
6.6926685255565178e+02
6.6968625284814595e+02
6.6975125348619088e+02
6.6996935539210585e+02
6.7034448507691025e+02
6.7041198574852888e+02
6.7066844962754317e+02
6.7108958021236629e+02
6.7148929423518325e+02
6.7163790947572932e+02
6.7196361992692925e+02
6.7223564034602043e+02
6.7261793822857180e+02
6.7267972962416798e+02
6.7280424301171354e+02
6.7310342371235856e+02
6.7351104099401675e+02
6.9316575972582177e+02
6.9359308594387142e+02
6.9386084160735118e+02
6.9445601073621901e+02
6.9474920119149135e+02
6.9506201229764417e+02
6.9536916160432759e+02
6.9569135715872085e+02
6.9612670935525580e+02
6.9644207390102497e+02
6.9693529845400064e+02
6.9739862855877368e+02
6.9751505149623199e+02
6.9841607302835018e+02
6.9890412451177713e+02
7.1303873282004872e+02
7.1361794047570891e+02
7.1378786660564242e+02
7.1410474277455592e+02
7.1442362220625671e+02
7.1451485873073318e+02
7.1479184501744078e+02
7.1482834637761584e+02
7.1500946004893353e+02
7.1533824595029080e+02
7.1564272602718609e+02
7.1571660365714376e+02
7.1578214013837896e+02
7.1603671864293347e+02
7.1622843520712900e+02
7.1642864611261007e+02
7.1651265592460493e+02
7.1675764582307716e+02
7.1696740182271742e+02
7.1734939562817692e+02
7.1744823927388086e+02
7.1753842663204352e+02
7.1762461555390109e+02
7.1793801357318011e+02
7.1798918534348570e+02
7.1802833602671797e+02
7.1830462773829390e+02
7.1836873405747087e+02
7.1850776526068785e+02
7.1863006229639780e+02
7.1885619131347573e+02
7.1901686344745031e+02
7.1926805385092916e+02
7.1930133873155978e+02
7.1970744010425290e+02
7.1999409503450636e+02
7.2005167078520878e+02
7.2018775514047991e+02
7.2024632426069456e+02
7.2036778548146344e+02
7.2051328957855435e+02
7.2056358940200334e+02
7.2073518097433612e+02
7.2089514376438569e+02
7.2117067752857895e+02
7.2156654816443495e+02
7.2171912997536174e+02
7.2179453937360074e+02
7.2198154092669188e+02
7.2211517944141144e+02
7.2220080652411980e+02
7.2239162280210542e+02
7.2244379517207619e+02
7.2259442416126160e+02
7.2276636162048135e+02
7.2286204293946230e+02
7.2290815090366209e+02
7.2306629239936626e+02
7.2318666378606429e+02
7.2331545883941953e+02
7.2343685164145245e+02
7.2357161292616922e+02
7.2392477985641506e+02
7.2411413379843543e+02
7.2427286232977315e+02
7.2449219747238271e+02
7.2470350379739239e+02
7.2487136492188984e+02
7.2503971089553124e+02
7.2517642045543766e+02
7.2544083227612271e+02
7.2560009063028758e+02
7.2579853146804282e+02
7.2596026218684585e+02
7.2622341640437082e+02
7.2626553537907853e+02
7.2659155680139031e+02
7.2669012052722303e+02
7.2690405672995894e+02
7.2706325556996705e+02
7.2751285268308357e+02
7.2770783488326833e+02
7.2787318084106107e+02
7.2816552084400280e+02
7.2864577152041045e+02
7.2902213487944789e+02
7.2914858072755783e+02
7.2958924460428830e+02
7.2994420185746401e+02
7.3028077904493193e+02
7.3044998792724198e+02
7.3065907903645495e+02
7.3082979638499899e+02
7.3114978322713728e+02
7.3122494275326778e+02
7.3165661544101135e+02
7.3176566396962448e+02
7.3194554807726422e+02
7.3250885520520387e+02
7.3307491673737229e+02
7.3319735108042050e+02
7.3343406855055912e+02
7.3360466447456031e+02
7.3460437185934006e+02
7.3479353356448371e+02
7.3537300942638990e+02
7.3969597259690624e+02
7.4018839153274530e+02
7.4033516195515369e+02
7.4081215875859709e+02
7.4120349287935539e+02
7.4143035828769086e+02
7.4158443295577456e+02
7.4194908146666148e+02
7.4202625238971382e+02
7.4233336792065290e+02
7.4261418916246612e+02
7.4291962045975129e+02
7.4295779488718244e+02
7.4330418111760775e+02
7.4361357329469820e+02
7.4380244766700309e+02
7.4428938257042614e+02
7.4472043600287259e+02
7.4476366831037876e+02
7.4493856271588618e+02
7.4506251216860323e+02
7.4540231835118038e+02
7.4591469540102753e+02
7.4622519252481766e+02
7.4637330319072339e+02
7.4665856173929023e+02
7.4684498074935584e+02
7.4710544009649573e+02
7.4763064185547717e+02
7.4789934582202704e+02
7.4801109977588862e+02
7.4833105645664671e+02
7.4931930713933036e+02
7.4955682087392142e+02
7.5493105314165814e+02
7.5617830450039844e+02
7.5793945362719535e+02
7.7329463355241603e+02
7.7422172149554910e+02
7.7481101931532169e+02
7.7554803177397537e+02
7.7593777972603561e+02
7.7648384961560578e+02
7.7663647594100200e+02
7.7729883786663788e+02
7.7764636849463318e+02
7.7816186621468057e+02
7.7866796413439818e+02
7.7887320319513344e+02
7.7911315324754594e+02
7.7936410893122047e+02
7.7977909554960013e+02
7.8018058150970387e+02
7.8024820716088777e+02
7.8033739468729073e+02
7.8064451489285989e+02
7.8084150300016017e+02
7.8116143951201411e+02
7.8131583032162473e+02
7.8132886286026439e+02
7.8172091674865010e+02
7.8184119381463563e+02
7.8201536968006042e+02
7.8211853668864615e+02
7.8233905916792492e+02
7.8253809239908389e+02
7.8288782168064074e+02
7.8310910500983971e+02
7.8335294891848150e+02
7.8378507233765731e+02
7.8413662859605051e+02
7.8433571629549635e+02
7.8479117951099465e+02
7.8482777200954331e+02
7.8519804962211197e+02
7.8528302935125953e+02
7.8566891984969482e+02
7.8574568340778433e+02
7.8590214543459024e+02
7.8619731158687568e+02
7.8644574125126815e+02
7.8667563997451327e+02
7.8718139648172837e+02
7.8746007631534098e+02
7.8755699730793810e+02
7.8779847570461209e+02
7.8801959026988936e+02
7.8817959586857910e+02
7.8851261462176797e+02
7.8863469399559608e+02
7.8901452555967444e+02
7.8919690639337011e+02
7.8936499472257356e+02
7.8965509886761686e+02
7.8973073054072086e+02
7.9009132488669843e+02
7.9063613855854703e+02
7.9081652318226270e+02
7.9124498554792001e+02
7.9155187305430411e+02
7.9229434684583316e+02
7.9252851424799007e+02
7.9310617674744606e+02
7.9318741976060016e+02
7.9384263882115613e+02
7.9414621336789503e+02
7.9426433472829808e+02
7.9463063502350940e+02
7.9507295530529018e+02
7.9519944063662467e+02
7.9551514426875929e+02
7.9591055666183229e+02
7.9641341504403988e+02
7.9668850974597035e+02
7.9696491017847427e+02
7.9738635711745417e+02
7.9785826148514423e+02
7.9803980608579502e+02
7.9832008909503486e+02
7.9898492983211531e+02
7.9910083146631678e+02
7.9930491198705238e+02
7.9974408518109101e+02
8.0032494980986144e+02
8.0073890485495554e+02
8.0124753753910534e+02
8.0138847758735551e+02
8.0166632822409019e+02
8.0270873758236735e+02
8.0380769625839173e+02
8.0448533288450585e+02
8.0608456106567917e+02
8.0648187279808212e+02
8.0741312601236064e+02
8.0760344633457771e+02
8.0837605064802040e+02
8.0848234461962249e+02
8.0864511017756365e+02
8.0933686529272120e+02
8.0939623028514893e+02
8.0964312740535991e+02
8.0992635637012029e+02
8.1023936941193404e+02
8.1029466395309419e+02
8.1073931775646952e+02
8.1132240172967272e+02
8.1156269574789212e+02
8.1176836453171177e+02
8.1182510210994349e+02
8.1200879978283763e+02
8.1235161960465848e+02
8.1265496054359960e+02
8.1289175848471166e+02
8.1302728811049610e+02
8.1360859293746557e+02
8.1369897918793549e+02
8.1421680742193064e+02
8.1450796872708793e+02
8.1479113593027409e+02
8.1511336362500253e+02
8.1558855152732076e+02
8.1622492930491285e+02
8.1662832936944847e+02
8.1686133503484427e+02
8.1722291338637865e+02
8.1739644345900672e+02
8.1790145123098659e+02
8.1805219071658155e+02
8.1840739643540439e+02
8.1889845249444068e+02
8.1918656110773600e+02
8.1969994452141020e+02
8.2001300130518905e+02
8.2028932636923298e+02
8.2084853489748332e+02
8.2127273839413965e+02
8.2153838756556161e+02
8.2200618211492849e+02
8.2220607001319377e+02
8.2261023638482084e+02
8.2309472159343113e+02
8.2341998539039332e+02
8.2383953692928117e+02
8.2437062351494683e+02
8.2461747695837937e+02
8.2503881777412562e+02
8.2518776926752207e+02
8.2588316220786066e+02
8.2627040291359515e+02
8.2663288551603478e+02
8.2678668072575636e+02
8.2714441174910473e+02
8.2774558534947982e+02
8.2828280588037399e+02
8.2883491343134949e+02
8.2924778188748394e+02
8.2974753112444660e+02
8.3598670605142945e+02
8.3639610244066614e+02
8.3749751519872564e+02
8.3831361763794473e+02
8.3900581160544311e+02
8.4069032906787720e+02
8.4166443449142514e+02
8.4309880840428582e+02
8.4480763858996579e+02
8.4769447449945926e+02
8.4824477921069695e+02
8.4964599301490375e+02
8.4991432100155691e+02
8.5049650150648893e+02
8.5054476340942335e+02
8.5114427560754120e+02
8.5174045551221491e+02
8.5203464705111060e+02
8.5269365331034101e+02
8.5296167060161338e+02
8.5330942548259748e+02
8.5354381572171883e+02
8.5386817566962350e+02
8.5399227971903099e+02
8.5430325737047974e+02
8.5452806583570509e+02
8.5473984207653041e+02
8.5505400372276915e+02
8.5520182575713238e+02
8.5549366613353493e+02
8.5591544936401795e+02
8.5661711026285457e+02
8.5692248161435271e+02
8.5708393209444171e+02
8.5762584965259509e+02
8.5772988198214307e+02
8.5807786641855364e+02
8.5829426500120280e+02
8.5868183695371044e+02
8.5890538810702935e+02
8.5924389943000915e+02
8.5936039464448504e+02
8.5939805712803923e+02
8.5996186877745549e+02
8.6033976730951963e+02
8.6049333487007789e+02
8.6077712328192695e+02
8.6086005557261342e+02
8.6137733953803433e+02
8.6182698578109444e+02
8.6212638091267729e+02
8.6230921492167181e+02
8.6244124009150676e+02
8.6284383266861698e+02
8.6314281320702878e+02
8.6353843701881738e+02
8.6381465085310310e+02
8.6388326411702576e+02
8.6399626522926326e+02
8.6418584724288633e+02
8.6436800494976217e+02
8.6449963174652328e+02
8.6457708358054003e+02
8.6517577001867801e+02
8.6542696564591711e+02
8.6561025861488861e+02
8.6601495539046266e+02
8.6637288366351584e+02
8.6662300897115495e+02
8.6689292658129921e+02
8.6727081967134143e+02
8.6751703112030316e+02
8.6800091566228707e+02
8.6828483828765332e+02
8.6856181453106069e+02
8.6859004295824059e+02
8.6874271783603285e+02
8.6926990675873014e+02
8.6956891586084498e+02
8.6983367553096264e+02
8.7011027325915722e+02
8.7028550475932286e+02
8.7057450055763888e+02
8.7109268002654824e+02
8.7117173559053083e+02
8.7147026455036098e+02
8.7176165173635286e+02
8.7238087927133279e+02
8.7262964845638919e+02
8.7267297379850118e+02
8.7314335380359205e+02
8.7354699110760816e+02
8.7423359234047234e+02
8.7443776077414543e+02
8.7476315872776308e+02
8.7490941284830069e+02
8.7528367270524689e+02
8.7569516788350745e+02
8.7606819496495893e+02
8.7670953168974643e+02
8.7706560988359638e+02
8.7709764133693466e+02
8.7792222807169605e+02
8.7811905586700675e+02
8.7905376728853139e+02
8.7928595201521171e+02
8.7961295903058817e+02
8.8041261384176960e+02
8.8100699878389787e+02
8.8160931721488384e+02
8.8172165157659992e+02
8.8200107807189056e+02
8.8262494872331968e+02
8.8361101613766800e+02
8.8403961710041528e+02
8.8537825238324490e+02
8.9090992099796563e+02
8.9154772719730499e+02
8.9272351627758951e+02
8.9407005846419145e+02
8.9422565539740231e+02
8.9451378889339935e+02
8.9533957056969484e+02
8.9556292386860309e+02
8.9644535749185650e+02
8.9653302782969899e+02
8.9693733011609390e+02
8.9743392277405258e+02
8.9802810763363789e+02
8.9869535816525115e+02
8.9887600619296973e+02
8.9931967278072682e+02
8.9971223646300371e+02
9.0008793940206010e+02
9.0022889065853781e+02
9.0056887123248771e+02
9.0116145558645496e+02
9.0156213868022280e+02
9.0188509076002185e+02
9.0249145740147992e+02
9.0255478949610517e+02
9.0288859968484280e+02
9.0322093805205850e+02
9.0334181334237542e+02
9.0383966027882843e+02
9.0393704086671312e+02
9.0431535328501548e+02
9.0471939510751236e+02
9.0499770234451194e+02
9.0517018548394492e+02
9.0553392642679705e+02
9.0577340111150170e+02
9.0641898323886062e+02
9.0659722551896641e+02
9.0671021005143280e+02
9.0697122160717822e+02
9.0738842486260455e+02
9.0768088474308638e+02
9.0784363392537955e+02
9.0798546314606108e+02
9.0845933531453977e+02
9.0853618768043680e+02
9.0881251518789293e+02
9.0922265914243656e+02
9.0954547327030843e+02
9.0974793958785108e+02
9.0997096895971572e+02
9.1028009484424092e+02
9.1090544725882296e+02
9.1117762421256703e+02
9.1155487072119854e+02
9.1173749926796472e+02
9.1203964689325221e+02
9.1268648719279054e+02
9.1294605292280221e+02
9.1311523002392141e+02
9.1321914811327679e+02
9.1410316627512088e+02
9.1432695574172897e+02
9.1491076475832301e+02
9.1539101734194992e+02
9.1580445427045015e+02
9.1657603862306780e+02
9.1672204298295628e+02
9.1742599148062959e+02
9.1810411668768370e+02
9.1924736987949643e+02
9.2173187299638187e+02
9.2305962624735787e+02
9.2366844789194158e+02
9.2403454600026510e+02
9.2491736973415755e+02
9.2603135592381307e+02
9.2653323663961248e+02
9.2775790919493227e+02
9.2805717894972304e+02
9.2845320499935292e+02
9.2877756026361180e+02
9.2910142005888372e+02
9.2940211534977129e+02
9.2975591033671833e+02
9.3065100911247373e+02
9.3120728463883665e+02
9.3163739591973433e+02
9.3187489834345740e+02
9.3216541365065461e+02
9.3236646139345453e+02
9.3282008107455692e+02
9.3310478864853815e+02
9.3323217532671481e+02
9.3347333506420273e+02
9.3408992148283392e+02
9.3421744366355438e+02
9.3465896707042714e+02
9.3494734028485527e+02
9.3516650276628980e+02
9.3572997129105443e+02
9.3610222703849911e+02
9.3659199145343337e+02
9.3745171546464280e+02
9.3766914658392682e+02
9.3780791922091510e+02
9.3825634447661560e+02
9.3846347795627037e+02
9.3865366238057243e+02
9.3915484830302887e+02
9.3922938055298187e+02
9.3974035739168505e+02
9.3990095534534260e+02
9.4002988197043726e+02
9.4080219230839191e+02
9.4138396061977460e+02
9.4195330231106436e+02
9.4216608151145670e+02
9.4253145233542409e+02
9.4309310659687344e+02
9.4335352524611437e+02
9.4467244037336400e+02
9.4479129908612708e+02
9.4516443290966140e+02
9.4540952873088349e+02
9.4558453987054111e+02
9.4645255869626749e+02
9.4733364330562313e+02
9.4784642006434058e+02
9.4831030598908626e+02
9.4912553284129581e+02
9.4970982366396402e+02
9.5064127174873204e+02
9.5130697909231264e+02
9.5140692089092079e+02
9.5145581983775219e+02
9.5191024959446304e+02
9.5264187766116038e+02
9.5299623584653023e+02
9.5337780986916971e+02
9.5373484846486144e+02
9.5381451262648534e+02
9.5453945443140776e+02
9.5464534591980998e+02
9.5505720614523671e+02
9.5515623942293735e+02
9.5581356023468027e+02
9.5633039580350658e+02
9.5646909469760021e+02
9.5671866459200078e+02
9.5708597282868118e+02
9.5723530047349436e+02
9.5793334689721314e+02
9.5802483963706823e+02
9.5833475013300313e+02
9.5865930375482287e+02
9.5891976878061791e+02
9.5911046896626408e+02
9.6004734150729951e+02
9.6037910202279136e+02
9.6041740690685435e+02
9.6084836054583957e+02
9.6111500250698111e+02
9.6154080060313026e+02
9.6194720540773778e+02
9.6201095738745471e+02
9.6222821305496939e+02
9.6258618041405953e+02
9.6296653781901136e+02
9.6320788449630675e+02
9.6410426662179020e+02
9.6424335620272382e+02
9.6453870749164184e+02
9.6470405393866406e+02
9.6503330763509223e+02
9.6525245580853186e+02
9.6563299900197183e+02
9.6589835443750906e+02
9.6632332986520987e+02
9.6640372372819672e+02
9.6674460925091932e+02
9.6686883964073070e+02
9.6761618042930877e+02
9.6785786049372405e+02
9.6848267902878081e+02
9.6882511492628078e+02
9.6897161633263033e+02
9.6933554500078833e+02
9.6974308038966581e+02
9.7019539212560062e+02
9.7046855530621849e+02
9.7095968383995580e+02
9.7101622293760727e+02
9.7208658209496127e+02
9.7225097496988940e+02
9.7326010778191562e+02
9.7870016256203371e+02
9.8140474356248274e+02
9.8248203160762955e+02
9.8398450372324271e+02
9.8409319772116953e+02
9.8490165878211724e+02
9.8562028060099954e+02
9.8608644271312460e+02
9.8646419648728238e+02
9.8726442989715576e+02
9.8759720350284510e+02
9.8794806220844418e+02
9.8814238161979745e+02
9.8870045233514190e+02
9.8906237465757545e+02
9.8942679248515265e+02
9.8995368877289968e+02
9.9010280280355903e+02
9.9039915920694170e+02
9.9086921113730341e+02
9.9132133350152219e+02
9.9145580368400579e+02
9.9199361585001122e+02
9.9257378115767824e+02
9.9301644309315623e+02
9.9311206260366419e+02
9.9368211815616178e+02
9.9383781459811780e+02
9.9428713595481997e+02
9.9499043466998057e+02
9.9512631304892238e+02
9.9552604748877013e+02
9.9596297744476897e+02
9.9621259400746169e+02
9.9684619721008983e+02
9.9706100703020411e+02
9.9716252504833108e+02
9.9787169407196836e+02
9.9828246337312680e+02
9.9851711833908598e+02
9.9916365160804446e+02
9.9936693070003446e+02
9.9956912255844259e+02
9.9976192708696340e+02
1.0000168983833230e+03
1.0006603554719355e+03
1.0007922733746916e+03
1.0010706278562660e+03
1.0012715852549302e+03
1.0021729557093245e+03
1.0023371716970501e+03
1.0028116515150709e+03
1.0029732365229746e+03
1.0035061316449645e+03
1.0037982404881099e+03
1.0039822506114425e+03
1.0042665142660437e+03
1.0045908442566785e+03
1.0049204944857554e+03
1.0050456958340906e+03
1.0051582230858974e+03
1.0058865108204351e+03
1.0059565739651281e+03
1.0061724374307132e+03
1.0064074418615190e+03
1.0068613149901885e+03
1.0071461756442341e+03
1.0076539504695470e+03
1.0078753054949410e+03
1.0080845397089280e+03
1.0086514112701173e+03
1.0086917913212162e+03
1.0088374635143736e+03
1.0091795057132097e+03
1.0094078688996183e+03
1.0095090739414941e+03
1.0099795581297003e+03
1.0103846700628966e+03
1.0105426139521103e+03
1.0107022892316827e+03
1.0108438963860176e+03
1.0110690283524622e+03
1.0114454254361813e+03
1.0116749769175503e+03
1.0122593764278166e+03
1.0124056994419986e+03
1.0128036147470523e+03
1.0130625449436398e+03
1.0131755277537777e+03
1.0136231041825580e+03
1.0136671930167957e+03
1.0141635679313462e+03
1.0143170589074417e+03
1.0148223348704161e+03
1.0151431774970432e+03
1.0157566968738939e+03
1.0158998661378016e+03
1.0162696229450987e+03
1.0166537108978333e+03
1.0168015534691064e+03
1.0175422016511023e+03
1.0177281199402174e+03
1.0180570245671025e+03
1.0185007248878356e+03
1.0189251714414185e+03
1.0191269242214497e+03
1.0194723289318483e+03
1.0199218606313651e+03
1.0200293638100701e+03
1.0202928223143291e+03
1.0208998311019191e+03
1.0210409029441995e+03
1.0215420641387768e+03
1.0219604825600468e+03
1.0223902965126873e+03
1.0227973171854653e+03
1.0229837510900625e+03
1.0232607816876401e+03
1.0236458246055613e+03
1.0240803235663982e+03
1.0249544960456433e+03
1.0251073152347769e+03
1.0261101097435089e+03
1.0267872840920436e+03
1.0277630934776230e+03
1.0279777188526587e+03
1.0285093187805649e+03
1.0290679313230012e+03
1.0298252924389494e+03
1.0349172022959842e+03
1.0352275000076531e+03
1.0365617217816066e+03
1.0372095030484056e+03
1.0380582163840345e+03
1.0393485443415398e+03
1.0401663552581074e+03
1.0403451866365504e+03
1.0406429788404917e+03
1.0408768581286656e+03
1.0410955607929830e+03
1.0416880197941089e+03
1.0429987992566203e+03
1.0437827120758998e+03
1.0440540591982965e+03
1.0443356110153609e+03
1.0446876494994210e+03
1.0455304477066954e+03
1.0455837656009021e+03
1.0460005750540427e+03
1.0464345321841479e+03
1.0471536145831044e+03
1.0477726821612764e+03
1.0479409279655490e+03
1.0482366626295620e+03
1.0485192177159345e+03
1.0490392593812305e+03
1.0497723122308535e+03
1.0502786571260999e+03
1.0504182229637076e+03
1.0508578194031854e+03
1.0510956356510619e+03
1.0516666136343345e+03
1.0521181607900623e+03
1.0523796776522186e+03
1.0527867838092577e+03
1.0529647108655440e+03
1.0535372275353889e+03
1.0539543742393394e+03
1.0547949289471974e+03
1.0550517085360968e+03
1.0555032672018526e+03
1.0559190294998441e+03
1.0561265792539944e+03
1.0570298738175886e+03
1.0574892751035688e+03
1.0576309745333808e+03
1.0581186190752426e+03
1.0587348859585961e+03
1.0587863958323933e+03
1.0590878784505476e+03
1.0594082258810404e+03
1.0602991689608939e+03
1.0608894181690102e+03
1.0609780660038689e+03
1.0616188057061238e+03
1.0618918155094950e+03
1.0624166136526953e+03
1.0629379269861136e+03
1.0635741119810468e+03
1.0638055843560935e+03
1.0647066546867070e+03
1.0650133287790295e+03
1.0652262099492148e+03
1.0658603654715735e+03
1.0662276294497897e+03
1.0670932644269162e+03
1.0682195440436237e+03
1.0686610200824937e+03
1.0691156847766795e+03
1.0697274267570526e+03
1.0706734332340841e+03
1.0714051518955191e+03
1.0715288399229094e+03
1.0717108751909061e+03
1.0728252398839820e+03
1.0748043831690347e+03
1.0760244895054100e+03
1.0777186831193194e+03
1.0793047966186552e+03
1.0794303700946177e+03
1.0801371742027809e+03
1.0805553068311858e+03
1.0813709917926274e+03
1.0818169480461438e+03
1.0819722194247631e+03
1.0827106278968292e+03
1.0829683347240691e+03
1.0836470901523310e+03
1.0840171975035553e+03
1.0843011411774989e+03
1.0845999989411737e+03
1.0848184783393888e+03
1.0849568852142472e+03
1.0853531815671242e+03
1.0859713218930090e+03
1.0861353586787234e+03
1.0862231329940505e+03
1.0866305866766095e+03
1.0874359201621562e+03
1.0875157546864614e+03
1.0878022111039083e+03
1.0882561704237235e+03
1.0884165738949612e+03
1.0889436448336057e+03
1.0891881185910815e+03
1.0894322156638152e+03
1.0896531998269134e+03
1.0901677162026849e+03
1.0904815970607262e+03
1.0905005130351910e+03
1.0906273831832734e+03
1.0911169555678134e+03
1.0912057893992396e+03
1.0913803149748653e+03
1.0918907890883497e+03
1.0921672800604201e+03
1.0927208224695316e+03
1.0927477717517793e+03
1.0932605504497255e+03
1.0933162268628787e+03
1.0936576268842045e+03
1.0939661660734068e+03
1.0942370400431407e+03
1.0943929655717395e+03
1.0946721924464746e+03
1.0951069503872807e+03
1.0952108133215138e+03
1.0953805845795225e+03
1.0956579953590840e+03
1.0959382185981435e+03
1.0962295867903383e+03
1.0965364553611053e+03
1.0967722390578781e+03
1.0968370398082614e+03
1.0970726993474182e+03
1.0974887625720087e+03
1.0977169385201023e+03
1.0978566152247843e+03
1.0983981218957501e+03
1.0985898099786718e+03
1.0990746874333270e+03
1.0991431726615815e+03
1.0994427292144560e+03
1.0997107545406282e+03
1.0999100245654356e+03
1.1001876346581037e+03
1.1004839635717899e+03
1.1005396430912167e+03
1.1008700725451226e+03
1.1011980080195381e+03
1.1015223653781297e+03
1.1016808123697851e+03
1.1018950680121609e+03
1.1023513788449870e+03
1.1026088820234208e+03
1.1027335615611275e+03
1.1029825370775045e+03
1.1033019031520748e+03
1.1034774641927188e+03
1.1038228917914394e+03
1.1039289110337390e+03
1.1043070772599237e+03
1.1046179224872299e+03
1.1046424726794332e+03
1.1048711163888715e+03
1.1051888086337885e+03
1.1053183498511239e+03
1.1057043035416332e+03
1.1059195670662984e+03
1.1062681186610225e+03
1.1066079929069256e+03
1.1067275643156931e+03
1.1070600401090396e+03
1.1073295002610205e+03
1.1075411764795058e+03
1.1076241587338111e+03
1.1079186283174522e+03
1.1082997286397256e+03
1.1086894660774617e+03
1.1088628674865563e+03
1.1091092247532736e+03
1.1094348618707099e+03
1.1098262992711359e+03
1.1103667139179076e+03
1.1108095172628916e+03
1.1109734174903447e+03
1.1111416919608930e+03
1.1112846488112268e+03
1.1116066201553710e+03
1.1118262278603897e+03
1.1121116167288949e+03
1.1126443899992767e+03
1.1130907652365925e+03
1.1131764209695230e+03
1.1135614653578930e+03
1.1140748292308640e+03
1.1143122392859134e+03
1.1145000770753250e+03
1.1151599631736285e+03
1.1153545154949343e+03
1.1162366847513824e+03
1.1166103625392745e+03
1.1167237845832640e+03
1.1177136292355463e+03
1.1182211751834591e+03
1.1183747629788520e+03
1.1194169846531033e+03
1.1198481832457921e+03
1.1206249528823851e+03
1.1217928812191906e+03
1.1220687953135593e+03
1.1235620053051009e+03
1.1241863306722605e+03
1.1246503721864544e+03
1.1257089417311529e+03
1.1268318308619748e+03
1.1271033378688605e+03
1.1282365258905395e+03
1.1288526046800587e+03
1.1294053288104515e+03
1.1297815187203730e+03
1.1309500242834556e+03
1.1314722778473383e+03
1.1315699164802390e+03
1.1329238467785074e+03
1.1331274095182525e+03
1.1337784362220777e+03
1.1345302752274081e+03
1.1348364473709141e+03
1.1355384451101634e+03
1.1357172680824965e+03
