4.73322260432951225e-04
1.46276797178032325e-01
1.51586518666547931e-01
1.52262133676032363e-01
1.52910510137317601e-01
1.53327405050816878e-01
1.56251868222199164e-01
1.57064949489196692e-01
5.27285018702045249e+00
7.85854694017383792e+00
1.00080336757345947e+01
1.11664309259188599e+01
1.33578684599995086e+01
1.43293023570297322e+01
1.52300438412937069e+01
1.66955250101490833e+01
1.73749456550148977e+01
1.81780394792766344e+01
2.00647428091269830e+01
2.09102643826715848e+01
2.09378998748847494e+01
2.20820568615504840e+01
2.26836932447703532e+01
2.53263121149105643e+01
2.54916787983016349e+01
2.56714100520959079e+01
2.57913742916213948e+01
2.74912706417167669e+01
2.78758769958710673e+01
2.85015131272671169e+01
2.92351565670777802e+01
3.04230246173143826e+01
3.06759466495488198e+01
3.13703062148436231e+01
3.20382063429610184e+01
3.36059784275520315e+01
3.37332979495754159e+01
3.37763057124472823e+01
3.45549691006505384e+01
3.58604474949895575e+01
3.61753833221816592e+01
3.65118151801014790e+01
3.73862434066712126e+01
3.76776030837219196e+01
3.91411993071995425e+01
3.92434306835826590e+01
3.96051349533232155e+01
4.03994943962465527e+01
4.04228769275346735e+01
4.04998569331820306e+01
4.18418652693112278e+01
4.26075886157648540e+01
4.30147754796680601e+01
4.33202383717065231e+01
4.47451951425308607e+01
4.53563049595311440e+01
4.61429603914837401e+01
4.69459110706119134e+01
4.70909071180935541e+01
4.76174445509036559e+01
4.77532608520722874e+01
4.79335730149074948e+01
4.79998865501398768e+01
4.82208300060345323e+01
4.84698285865453897e+01
4.97405044954613231e+01
4.98792270284410506e+01
5.01950484787741402e+01
5.09146240796788447e+01
5.09576296753612610e+01
5.20897339406955666e+01
5.26073020831223346e+01
5.33689112555088343e+01
5.42462031440052215e+01
5.43470001935253038e+01
5.46938666565635572e+01
5.50775027205826007e+01
5.54120340886982774e+01
5.57648068732292757e+01
5.58386252461793049e+01
5.61263264488087827e+01
5.70834139649378756e+01
5.75915362773854440e+01
5.76621807027846671e+01
5.78770074442489317e+01
5.80582389851506662e+01
5.87529967338788026e+01
5.94622601671173356e+01
6.04529970863860626e+01
6.12969243945586584e+01
6.15045350734286274e+01
6.20107784748375650e+01
6.22857384610229872e+01
6.25713749039864808e+01
6.37450260522587655e+01
6.43526760303726633e+01
6.45025026975902449e+01
6.46498153056940623e+01
6.49501027631370391e+01
6.49875068228068926e+01
6.54130139718447765e+01
6.60734904784328307e+01
6.61745873124530135e+01
6.66056581112795527e+01
6.74904302421562363e+01
6.79520078298016301e+01
6.94141518052722972e+01
6.99566976452168774e+01
7.00120186366995370e+01
7.07196435448462353e+01
7.08383357415786747e+01
7.09250471124322814e+01
7.15573173431645841e+01
7.16822699635704623e+01
7.20837953304899486e+01
7.24265088389638265e+01
7.34935055681025062e+01
7.35819569745403044e+01
7.40123601472130019e+01
7.41735599510355712e+01
7.41920496158736285e+01
7.45031692532249679e+01
7.48634243889760569e+01
7.54999742333442612e+01
7.58350576507006053e+01
7.60759829346080778e+01
7.61889267973679409e+01
7.79659563289140465e+01
7.79941618702400490e+01
7.83538049768223743e+01
7.85888600469799883e+01
7.93458860275931670e+01
7.93914076451707160e+01
7.95378545297828907e+01
7.96124754568253366e+01
7.97164997430394919e+01
8.02842611075369916e+01
8.04275002137060540e+01
8.12378909016247803e+01
8.18233551152187886e+01
8.23989236570728281e+01
8.25870222444717683e+01
8.27249322133374960e+01
8.32075870948546878e+01
8.43888371281346963e+01
8.44706493718637432e+01
8.46604692522212190e+01
8.48429178859632884e+01
8.50916869882734090e+01
8.55707126056562402e+01
8.57408160889758904e+01
8.60988028720324508e+01
8.65159660857679285e+01
8.71654888957910998e+01
8.72632637781727283e+01
8.73377018307678838e+01
8.78846228423355740e+01
8.79338974505650128e+01
8.81752018960253565e+01
8.82831006984645512e+01
8.83744985734751083e+01
8.90392657250724824e+01
8.93993467559979536e+01
8.94788221680601339e+01
9.03858947081108397e+01
9.13461045109541487e+01
9.18124960147891898e+01
9.18773156470040533e+01
9.19494032270594062e+01
9.21792950650220178e+01
9.24825432220534083e+01
9.26543478981922988e+01
9.38134565369974212e+01
9.42708725301750974e+01
9.49227031790803153e+01
9.51138932505482444e+01
9.52687257913236465e+01
9.53369512498953782e+01
9.54454678719024230e+01
9.56474341636723580e+01
9.56876892409869697e+01
9.60447405902623075e+01
9.63141457717223375e+01
9.63918567408753972e+01
9.69758689182887110e+01
9.70880412843164038e+01
9.72325985680570284e+01
9.75858179567296986e+01
9.76710205985432083e+01
9.78659974291320509e+01
9.90086870246359183e+01
9.92363564075946840e+01
1.00143317195776319e+02
1.00362678631122606e+02
1.00569932756261608e+02
1.00697175252075738e+02
1.01252760243528968e+02
1.01706844474624035e+02
1.01800913061446721e+02
1.02031970245976936e+02
1.02436728998457141e+02
1.02822308134906365e+02
1.03147540363291171e+02
1.03286681724940962e+02
1.04359057335105575e+02
1.04479092457362810e+02
1.04545431163954078e+02
1.05374306445486354e+02
1.05474881132199982e+02
1.06419462567982919e+02
1.06735301165656438e+02
1.06769535259262398e+02
1.06835143495438530e+02
1.07279486029563316e+02
1.07530230587809456e+02
1.07644958448048158e+02
1.07914166184710609e+02
1.07964011549910765e+02
1.08567816517768932e+02
1.09282161196663083e+02
1.09613526372152080e+02
1.09991929188687124e+02
1.10140079279753337e+02
1.10457177711447173e+02
1.11762275354155037e+02
1.11992808625996673e+02
1.12055795035480884e+02
1.12276267799037981e+02
1.12848732981665506e+02
1.12907498442723892e+02
1.13106743937952103e+02
1.13679461016314178e+02
1.14225597081547079e+02
1.14406695784815867e+02
1.14445405876308683e+02
1.14507322569233565e+02
1.14660503890426327e+02
1.15033034267480986e+02
1.15388478611600647e+02
1.15985156694252794e+02
1.16207844842777291e+02
1.16377969151559000e+02
1.17078566106513364e+02
1.17276653993419245e+02
1.17758465600641415e+02
1.18130944741324981e+02
1.18238917887662069e+02
1.18396918258359335e+02
1.18736815100104650e+02
1.18882782247701044e+02
1.19295225131981226e+02
1.19356814123146677e+02
1.19443195939895958e+02
1.19803364273748798e+02
1.20006238178952174e+02
1.20178963958689366e+02
1.20218520753280814e+02
1.20382593032757313e+02
1.20792729503424766e+02
1.21757944734407005e+02
1.22336445694326073e+02
1.23035843664037230e+02
1.23191792680348300e+02
1.23626543112829580e+02
1.23721269378101113e+02
1.23856510882999999e+02
1.24383402082929450e+02
1.24426351565207767e+02
1.25129117248692694e+02
1.25374689572034583e+02
1.25907981287519704e+02
1.26522100982289686e+02
1.26572909056453341e+02
1.26612496649332172e+02
1.26827246372051775e+02
1.27094133354409479e+02
1.28329403660225012e+02
1.29488614519244862e+02
1.29600305347625238e+02
1.30109675713528162e+02
1.30232928936122988e+02
1.30498120866462983e+02
1.30596918370090009e+02
1.30843780955131592e+02
1.31052469529536580e+02
1.31150483137651094e+02
1.31200151196413998e+02
1.31496020586542528e+02
1.31603488520455215e+02
1.31734001485676458e+02
1.31854008371693595e+02
1.31913411751967999e+02
1.33131087044769998e+02
1.33230343210285469e+02
1.33534860941338223e+02
1.33712660557547849e+02
1.33916846658852450e+02
1.34088869758006297e+02
1.34625321631779002e+02
1.34694067299212264e+02
1.34769509647232155e+02
1.35187611996360459e+02
1.35316002597696610e+02
1.35471736396849025e+02
1.36290119204338197e+02
1.36576402966757314e+02
1.36640706968970250e+02
1.37238177727561947e+02
1.37484090310784040e+02
1.37932909687540644e+02
1.38586535868434169e+02
1.38917874876982978e+02
1.39209536495057591e+02
1.39535678393516179e+02
1.39947009181827752e+02
1.40088349047651491e+02
1.40469509571712990e+02
1.41087238310905406e+02
1.41422383615524666e+02
1.41672094106906144e+02
1.42001124076745413e+02
1.42223404309948251e+02
1.42339568214853387e+02
1.42418270934643232e+02
1.42598328548345876e+02
1.43618813552635174e+02
1.44133316264713670e+02
1.44341379819173568e+02
1.44673758474648139e+02
1.44863196472539698e+02
1.44938119368524070e+02
1.44983541570539330e+02
1.45146297806447052e+02
1.45311598562709833e+02
1.45666318543584396e+02
1.46121274707485696e+02
1.46608878435851921e+02
1.46977135586341433e+02
1.47028962621513216e+02
1.47271582458238896e+02
1.48182459955214426e+02
1.48514781808672069e+02
1.48777709697011346e+02
1.49326373614904838e+02
1.49384986364941341e+02
1.49550060077962485e+02
1.51275341297007742e+02
1.51653316983139661e+02
1.51796974626279166e+02
1.51911716192029161e+02
1.52509139112468517e+02
1.52843514354784531e+02
1.53338275219685755e+02
1.53474985061953191e+02
1.53751585571007723e+02
1.54085787732689994e+02
1.54160533638131938e+02
1.54536403044603645e+02
1.55036006013839938e+02
1.55272561532931775e+02
1.55334263458449328e+02
1.55671057047548658e+02
1.56157778887220275e+02
1.56490738721064645e+02
1.56743007107693018e+02
1.56993367026432679e+02
1.57502919375847341e+02
1.57889954366121231e+02
1.57991111486466878e+02
1.58154836339335247e+02
1.58393238273950544e+02
1.58597310375425593e+02
1.58755176392781436e+02
1.59024972757405124e+02
1.59752597604477842e+02
1.60109232471824100e+02
1.60175690528797475e+02
1.60736678045014571e+02
1.60815945507892650e+02
1.61049112259130993e+02
1.61309465554087183e+02
1.61455829310243018e+02
1.61502942062240379e+02
1.62537786155685467e+02
1.63218614136340818e+02
1.63538645533778549e+02
1.64184080716912376e+02
1.64220090064162775e+02
1.64270168636048027e+02
1.65077197761615139e+02
1.65538398390056955e+02
1.65743573617819436e+02
1.65935095328190755e+02
1.66057673695651488e+02
1.66511671416573165e+02
1.66730075443893213e+02
1.66857596709089648e+02
1.67293451591113410e+02
1.67510653845039656e+02
1.67692515431756703e+02
1.68040562854252812e+02
1.68659250760006728e+02
1.68870235322467693e+02
1.69208199881848032e+02
1.69635368541932394e+02
1.69969838673027937e+02
1.70564750403465666e+02
1.70693051904943673e+02
1.71228875744818595e+02
1.72263981337760015e+02
1.72757585574762061e+02
1.72995469411619467e+02
1.73037156885370734e+02
1.73276782681946713e+02
1.73334036957871263e+02
1.73630657289360897e+02
1.73671605168930228e+02
1.73931126085745973e+02
1.74276765862678928e+02
1.74437959031607875e+02
1.74846846777662222e+02
1.75390848153114405e+02
1.75614818367475038e+02
1.76017329239684841e+02
1.76399643627332750e+02
1.77393321566751183e+02
1.77833624620960222e+02
1.78139861590666101e+02
1.78421129262540489e+02
1.78549649042800525e+02
1.78851005883779692e+02
1.79156791419044566e+02
1.79320094867766102e+02
1.79502639649784896e+02
1.79654201430873002e+02
1.80746866076797460e+02
1.80912437013644251e+02
1.81098241635756722e+02
1.81341651454181715e+02
1.81975941079937002e+02
1.82206654594792894e+02
1.83522477198101114e+02
1.83567510089094299e+02
1.84013427297527414e+02
1.84382906948257016e+02
1.84471192165207242e+02
1.84563233467126565e+02
1.85365208931031873e+02
1.85625862710478941e+02
1.86161954601799209e+02
1.87016567169935399e+02
1.87165718328898095e+02
1.87226558278608479e+02
1.87586501166051789e+02
1.87771478173026878e+02
1.87980918857541496e+02
1.88031069484867942e+02
1.88199162440498583e+02
1.88240780397367018e+02
1.88446932189220888e+02
1.88542065417713673e+02
1.88736645722891922e+02
1.89118204956294846e+02
1.89797937779298934e+02
1.90611801210429519e+02
1.90654621300456711e+02
1.90966957261022912e+02
1.91498135125975750e+02
1.91921958257104450e+02
1.92004290148652728e+02
1.92320633700788790e+02
1.92620923848734151e+02
1.92852766737919410e+02
1.93024144029165200e+02
1.93673566905589723e+02
1.93845123429904390e+02
1.94068854590194178e+02
1.94302060149145632e+02
1.95069163307486861e+02
1.95521318777326258e+02
1.96396814824922615e+02
1.96720010035976600e+02
1.96836945868466842e+02
1.97240228620633729e+02
1.97344976605550812e+02
1.97826751947273635e+02
1.98556775704061806e+02
1.98812416769166873e+02
1.98941821918867277e+02
1.99269532016781170e+02
1.99755100563060694e+02
2.00089756456956991e+02
2.00243975130934302e+02
2.00929881508560868e+02
2.01067518069984430e+02
2.01610811994978178e+02
2.01740368617504657e+02
2.02060730001888885e+02
2.02185250026299968e+02
2.02540984717315268e+02
2.02979877652757125e+02
2.03396803317210470e+02
2.03553458967044662e+02
2.03607813552607126e+02
2.03768229451742741e+02
2.03940672378151191e+02
2.05220206783513618e+02
2.05337219153304375e+02
2.06229491897183891e+02
2.06593578053497367e+02
2.06682644473013681e+02
2.07174259575237272e+02
2.07847884471377768e+02
2.08126540843627822e+02
2.08631316789218033e+02
2.08824193727886779e+02
2.08976041237558093e+02
2.10239689892147624e+02
2.10679001988737014e+02
2.10898908715172695e+02
2.11265904675552576e+02
2.11527948352282408e+02
2.12064513912418249e+02
2.12143407035300243e+02
2.12282259924250695e+02
2.12337219584720572e+02
2.12638453097330853e+02
2.12830750521635082e+02
2.13248535508970178e+02
2.14362770147577635e+02
2.14880561530063630e+02
2.15233708899015483e+02
2.15445309944470353e+02
2.15979432346079250e+02
2.16241725090900843e+02
2.16458391104668863e+02
2.16602034242283651e+02
2.16954893878215501e+02
2.17070754144517139e+02
2.17185779468638941e+02
2.17861990916942261e+02
2.17989370821445789e+02
2.19392327873316503e+02
2.19863254997320098e+02
2.19935313683412460e+02
2.20151535824778023e+02
2.20476015699583172e+02
2.21784983838876485e+02
2.22120200642423583e+02
2.23076231825113268e+02
2.23339975644341223e+02
2.23459905233452957e+02
2.24485285843239296e+02
2.24822456176534899e+02
2.25206871033104449e+02
2.25262823841222996e+02
2.25546479250606637e+02
2.26298194752396114e+02
2.26542471759008549e+02
2.27017382151925062e+02
2.27494592116756564e+02
2.27626867629054516e+02
2.27746242795463957e+02
2.28369264554513563e+02
2.29022651917518829e+02
2.29176076512975271e+02
2.29547478671699821e+02
2.29733510314545754e+02
2.30041560881155476e+02
2.30338049589399930e+02
2.30549450302327159e+02
2.31058781724653727e+02
2.31369759018857678e+02
2.31676090856542373e+02
2.32261168481947777e+02
2.33045947647409434e+02
2.33212263088497082e+02
2.33803561868731776e+02
2.34255973746685981e+02
2.34374304028079393e+02
2.34689350737481107e+02
2.34911930083729658e+02
2.35256630830284848e+02
2.35548168416804174e+02
2.36083252467530087e+02
2.36769606547929754e+02
2.36911062885385491e+02
2.36966418346917237e+02
2.37115031205586263e+02
2.37762786803578479e+02
2.38377766184269944e+02
2.39017120630164015e+02
2.39238442890804208e+02
2.39620953125665892e+02
2.39712249414269479e+02
2.39979695346189317e+02
2.40686073256506290e+02
2.41049944367144349e+02
2.41431405244029236e+02
2.41503090894182833e+02
2.42263760989515220e+02
2.42718158558887012e+02
2.43058304901009592e+02
2.43442937842102538e+02
2.43692797861500537e+02
2.44356841630337726e+02
2.44459615719524379e+02
2.44897222993297248e+02
2.45960930466576997e+02
2.46080734191592853e+02
2.46713825916858525e+02
2.46957029681376127e+02
2.47066387560287978e+02
2.47483736998582344e+02
2.47575637183856372e+02
2.48330601840234863e+02
2.48564323153115595e+02
2.48957600633887864e+02
2.49204796903665510e+02
2.49575437042596320e+02
2.49804002486374088e+02
2.49973562148142889e+02
2.50259098905096039e+02
2.50989424619111674e+02
2.51484724700667982e+02
2.52386424863519835e+02
2.53029530392809136e+02
2.53099602032183384e+02
2.53816139980892842e+02
2.54434931919213227e+02
2.54544786102478440e+02
2.55151425928416415e+02
2.55263151921981375e+02
2.55424937990933699e+02
2.55706571272647466e+02
2.55940285374256632e+02
2.56151690047876571e+02
2.56606288277081546e+02
2.57127994157048136e+02
2.57627450257014232e+02
2.59220713089964420e+02
2.59533506501881732e+02
2.60503099463011324e+02
2.60580697996023957e+02
2.61172384275008483e+02
2.61290349560939148e+02
2.61484803745479724e+02
2.61802236919997597e+02
2.62345675092246836e+02
2.62640574049673489e+02
2.62953066727685155e+02
2.63648558808037762e+02
2.63793385595194877e+02
2.64209617956754300e+02
2.64530989836098740e+02
2.64961547062457385e+02
2.65249476477132021e+02
2.65407967841427649e+02
2.66496204454639610e+02
2.67113682104404631e+02
2.67742720714907648e+02
2.67935632149024684e+02
2.68125182484779486e+02
2.68414836288707534e+02
2.68706683129183887e+02
2.69147147175929888e+02
2.69313606547723282e+02
2.69609955735441588e+02
2.70054871102741174e+02
2.70581114982615873e+02
2.71785894400128825e+02
2.72361964183298710e+02
2.72467404241064514e+02
2.72638913145480331e+02
2.73081892276382746e+02
2.73598379130726357e+02
2.73679804294349253e+02
2.73978036325314122e+02
2.74219886324481138e+02
2.74538216635581648e+02
2.74608201341568986e+02
2.74892240035521866e+02
2.75310128428198595e+02
2.75416671096903997e+02
2.75593848236351278e+02
2.76309247983589671e+02
2.76504299718934419e+02
2.77641479814086210e+02
2.78162301657693718e+02
2.79448074346000567e+02
2.79788580340696342e+02
2.80092002857943612e+02
2.80429562855972677e+02
2.81214594316593775e+02
2.81470016256066970e+02
2.81904076498704001e+02
2.82467530152400229e+02
2.82707332379515094e+02
2.83428822712866918e+02
2.84209456244749390e+02
2.85143093891113551e+02
2.85301306617895591e+02
2.85391187187141554e+02
2.85502290179945646e+02
2.85589338893573029e+02
2.85890179896440713e+02
2.86566458940294297e+02
2.86825141082831180e+02
2.87174780999489542e+02
2.87638179523360691e+02
2.88209936357258584e+02
2.88592560392801317e+02
2.88730117000249550e+02
2.89041302605746864e+02
2.89510171033590268e+02
2.89712362085464235e+02
2.90056161647982151e+02
2.90171366425436076e+02
2.90387499560123558e+02
2.90724025156027267e+02
2.91013602314299192e+02
2.91429006447736015e+02
2.92180482185452775e+02
2.92268663197286344e+02
2.93726883667182619e+02
2.94086759168123194e+02
2.94542694819732617e+02
2.94929013263609306e+02
2.95078818175411868e+02
2.95302179393449933e+02
2.96372641148398884e+02
2.96883298262078142e+02
2.97039518169487962e+02
2.97211454539349461e+02
2.97318835147191919e+02
2.97566473820909152e+02
2.98033398506094670e+02
2.98261123996030676e+02
2.98461593051425893e+02
2.98804118519971269e+02
2.99238492781471962e+02
2.99605211540316134e+02
3.00029928275509974e+02
3.00147165835316741e+02
3.00624244539598578e+02
3.00792256689897670e+02
3.00909113517217406e+02
3.00993819974332723e+02
3.01189927369832333e+02
3.01584493841373728e+02
3.02076370057589770e+02
3.02182585281023648e+02
3.02483103837854628e+02
3.02558651796969627e+02
3.04549650358562928e+02
3.04917355141208532e+02
3.05017490263245293e+02
3.05359085118170981e+02
3.05622674805781799e+02
3.05849879224205836e+02
3.06387366570863549e+02
3.06778260829772933e+02
3.06879802212350228e+02
3.06995338630921026e+02
3.07146540425005810e+02
3.07535385413010147e+02
3.07885220677877555e+02
3.09374746172490404e+02
3.09582912504442731e+02
3.10128654491544069e+02
3.10722298784671750e+02
3.11241010994383032e+02
3.11650722533914006e+02
3.12301161988712749e+02
3.12416380466752855e+02
3.12579306555377570e+02
3.12993083702217007e+02
3.13217115731472802e+02
3.13579455152775665e+02
3.13882003564819456e+02
3.13999982795808819e+02
3.14230907864575158e+02
3.14590319639689028e+02
3.14881171101282746e+02
3.15289086413530754e+02
3.16570701101966165e+02
3.17035931073395432e+02
3.17557166524843353e+02
3.18238048550425617e+02
3.18404099036322521e+02
3.18682921840725044e+02
3.19050733993503172e+02
3.19298844489913677e+02
3.19414357580967192e+02
3.20292526597281778e+02
3.20668513221840726e+02
3.21342075963256434e+02
3.22462838690758815e+02
3.22572367681363232e+02
3.22800005122406446e+02
3.22931534032764830e+02
3.23258833582362740e+02
3.23596488792839295e+02
3.23815777938277677e+02
3.24007841583293214e+02
3.24523604577084598e+02
3.24916207838797561e+02
3.25331649394906037e+02
3.25546547272221744e+02
3.25962566260506208e+02
3.26088447603061809e+02
3.26309581623123961e+02
3.26400161709629458e+02
3.26701848926650314e+02
3.27333094711866067e+02
3.29077081217569514e+02
3.30012299923476348e+02
3.30520001966465941e+02
3.31026073575136763e+02
3.31347007506327429e+02
3.31541995184724726e+02
3.31910464298580678e+02
3.32123340805563146e+02
3.32259745315660325e+02
3.32372328262863334e+02
3.32706062473956592e+02
3.32824820047858680e+02
3.33114969631029567e+02
3.34341917137863391e+02
3.34590813743179126e+02
3.34970807482222483e+02
3.35481484541636576e+02
3.36278816369053800e+02
3.36722432026787828e+02
3.36849509298448709e+02
3.36963078450740625e+02
3.37110550896672748e+02
3.37417647264005097e+02
3.37539895142769581e+02
3.37634938278869697e+02
3.37719663999080979e+02
3.38006891626126048e+02
3.38200892879062224e+02
3.38605035794676098e+02
3.38829279013299242e+02
3.39238470103367206e+02
3.39336040568597298e+02
3.39506881157172415e+02
3.40808625167667458e+02
3.42941871717420327e+02
3.43142943168738157e+02
3.43284713611940163e+02
3.43673477189812672e+02
3.44075933533847547e+02
3.44187571487942080e+02
3.44453389705476695e+02
3.44695535607338684e+02
3.45175863796007036e+02
3.45873710241976141e+02
3.46836327766435147e+02
3.47349328560394952e+02
3.47713586883450603e+02
3.48167263140678074e+02
3.48562445246877701e+02
3.48732600875518756e+02
3.48933340497755182e+02
3.49258233610438992e+02
3.49357501787123454e+02
3.49460347791358060e+02
3.49714383829811197e+02
3.49882512562838599e+02
3.50012629089234963e+02
3.50222471830399343e+02
3.50360797442151693e+02
3.50600865780867025e+02
3.50924251491012569e+02
3.51215537586400956e+02
3.51331738114708060e+02
3.51882730259739674e+02
3.51969467234283513e+02
3.52616171952056106e+02
3.53470758530500405e+02
3.54593387127188066e+02
3.54799940917235915e+02
3.54896717792399272e+02
3.55638841575203060e+02
3.55790106712271267e+02
3.56141791422600193e+02
3.56363577562974115e+02
3.56578693968341952e+02
3.56754924124585330e+02
3.58464475356803348e+02
3.58759126391685243e+02
3.59408760264372063e+02
3.59779803012532511e+02
3.60613937230521515e+02
3.60704735147595727e+02
3.61135412584865264e+02
3.61279970492021448e+02
3.61593476818920067e+02
3.61709239511567262e+02
3.61990506795583656e+02
3.62138489353133195e+02
3.63147457520781359e+02
3.63484770028978403e+02
3.63647873398689569e+02
3.64070209137007680e+02
3.64346786018045009e+02
3.64575646732690643e+02
3.64803835785238448e+02
3.65120338794543841e+02
3.66344066201848534e+02
3.66858194401611343e+02
3.67139941220824369e+02
3.67738128480536545e+02
3.68105770959973825e+02
3.68703174146030449e+02
3.68995110809280447e+02
3.69168599327248899e+02
3.69473950974148977e+02
3.69674858413683864e+02
3.70617531287579482e+02
3.71365700703504842e+02
3.71768107319911849e+02
3.72139539940595398e+02
3.72728817149788711e+02
3.72863786433680218e+02
3.73411948245314932e+02
3.73705030753852100e+02
3.74296091476172762e+02
3.74464481288498575e+02
3.75009415885290821e+02
3.75102465819991551e+02
3.75485234546300546e+02
3.75758375508415384e+02
3.76139754725316664e+02
3.76662887863020842e+02
3.76766846413365499e+02
3.76937184441367720e+02
3.77904073428574918e+02
3.78872259282066238e+02
3.80164111392969119e+02
3.80414679986563556e+02
3.80790382525150790e+02
3.81259302078986593e+02
3.81690132136799434e+02
3.81818492021608279e+02
3.82265770863441219e+02
3.82509480497525601e+02
3.82630170659436601e+02
3.83001277384289210e+02
3.83243849514477517e+02
3.83650352524285836e+02
3.84857426168240181e+02
3.85505515215054459e+02
3.85708563664317808e+02
3.85872408614699339e+02
3.86003974788460653e+02
3.86125525955906426e+02
3.86403238760799582e+02
3.86653942886059781e+02
3.87247629719539532e+02
3.87733586362156871e+02
3.88040840389921698e+02
3.88325901232334047e+02
3.88450272252470029e+02
3.88634077477182416e+02
3.89179195269913293e+02
3.89890171968581740e+02
3.90409217408334086e+02
3.91102177540425942e+02
3.91226161917437821e+02
3.92075854327843501e+02
3.92360900750593203e+02
3.92728099806225487e+02
3.93115640999253799e+02
3.93240989598016824e+02
3.93748059939854443e+02
3.94310686902765440e+02
3.94654489181495819e+02
3.95763091677598197e+02
3.96104961932048354e+02
3.96399502039487572e+02
3.96691410156289749e+02
3.97369120586218003e+02
3.97638314150392375e+02
3.97784435947656391e+02
3.98206931718574197e+02
3.98374687055756283e+02
3.98643171937450347e+02
3.99140683764406276e+02
3.99379709528744797e+02
4.00257667930371611e+02
4.00418671708007992e+02
4.00858017193523835e+02
4.01224123815851101e+02
4.01516030379415440e+02
4.01781811442126070e+02
4.02006525092739366e+02
4.02498927889318281e+02
4.02871708063014580e+02
4.03573530825166301e+02
4.03764097111757906e+02
4.04515018341072960e+02
4.05497092714642690e+02
4.05706879710499834e+02
4.05991365880883791e+02
4.06328021210396287e+02
4.06623782278513886e+02
4.06816927516450335e+02
4.07313173316847440e+02
4.07859094215603079e+02
4.08865256592648848e+02
4.09004913334829212e+02
4.09641830573198604e+02
4.10134620432108363e+02
4.11131570965327285e+02
4.11583069901233841e+02
4.11696163622848076e+02
4.11812901083578083e+02
4.11938842176251399e+02
4.12302031443741953e+02
4.12760325754837140e+02
4.12945009793187069e+02
4.13192864781505705e+02
4.13520518262130736e+02
4.14683190850627966e+02
4.14930888678536121e+02
4.15566866169447053e+02
4.16209413392498845e+02
4.16451563681242078e+02
4.16776683622456289e+02
4.17426511102947529e+02
4.17840590270775692e+02
4.18258482417093660e+02
4.18865485456870829e+02
4.20358513853961654e+02
4.20845645963032325e+02
4.21627969943408857e+02
4.21922499868089972e+02
4.22295717674605271e+02
4.22413634392429458e+02
4.22826899581310045e+02
4.23669318278803189e+02
4.23788229095974884e+02
4.23993810408975833e+02
4.24469358479772154e+02
4.25115925402695893e+02
4.25516749125789602e+02
4.25687394983614013e+02
4.25926871216897780e+02
4.26703824542262282e+02
4.27301723683721320e+02
4.27495433568141607e+02
4.28001011117075791e+02
4.28524070797584614e+02
4.28751674692452411e+02
4.29106514555807053e+02
4.29489941513135932e+02
4.30181789201870629e+02
4.30720566807324303e+02
4.31570572458797415e+02
4.31956854500317604e+02
4.32304871693625500e+02
4.33536647950904921e+02
4.33918090932844052e+02
4.34491213334473855e+02
4.34646737492897273e+02
4.35277845181319890e+02
4.35449350074651989e+02
4.36199429511629205e+02
4.36644060135859490e+02
4.36778625455880160e+02
4.37246706172083805e+02
4.37668719943165684e+02
4.37859621509855060e+02
4.38297281711362757e+02
4.38461321766108426e+02
4.38954330717110452e+02
4.39099687036827049e+02
4.39333094294242414e+02
4.39583212227686545e+02
4.39867998972893247e+02
4.40006278473930934e+02
4.41090044206503649e+02
4.42126170646129253e+02
4.42572173453074925e+02
4.42779200264829569e+02
4.43348164407766376e+02
4.43595456210605903e+02
4.43965383850251555e+02
4.44334881985860648e+02
4.44493444023961047e+02
4.44785893862301577e+02
4.45313079783671924e+02
4.45778691711819533e+02
4.46729930601003502e+02
4.46894685859021024e+02
4.47215038903922277e+02
4.47337682280785089e+02
4.47524598268402769e+02
4.47773092319443663e+02
4.48055963875105704e+02
4.48409109871798250e+02
4.48608887694769919e+02
4.48837316166890332e+02
