0.00000000000000000e+00
1.40095328274483677e-01
1.52272719750996544e-01
1.52729150695066096e-01
1.53580398605441815e-01
1.54514799716338302e-01
1.60957416464299286e-01
1.76186129542827530e-01
1.86315158723388663e-01
5.27285018702210095e+00
7.85854694017379529e+00
1.00080336757312836e+01
1.11664309256902641e+01
1.33578684600058040e+01
1.43293023570598308e+01
1.52300438413860633e+01
1.66955250101479038e+01
1.73749456550192463e+01
1.81780394792347693e+01
2.00647428091218529e+01
2.09102643828273074e+01
2.09378998751172531e+01
2.20820568615890380e+01
2.26836932446043278e+01
2.53263121149949484e+01
2.54916787988860847e+01
2.56714100517290831e+01
2.57913742911520529e+01
2.74912706426159446e+01
2.78758769960415549e+01
2.85015131271030953e+01
2.92351565672072411e+01
3.04230246181155906e+01
3.06759466493029436e+01
3.13703062145089575e+01
3.20382063421000112e+01
3.36059784272145521e+01
3.37332979494057099e+01
3.37763057142654191e+01
3.45549691063898479e+01
3.58604475019424740e+01
3.61753833120077957e+01
3.65118151787141869e+01
3.73862433752094603e+01
3.74040095120708713e+01
3.76776030534919073e+01
3.91411993194632259e+01
3.92434306810869771e+01
3.96051349186141408e+01
4.03994943945828879e+01
4.04228769164052721e+01
4.04998569510491393e+01
4.18418652587724864e+01
4.26075886088829350e+01
4.30147754817698171e+01
4.33202383770606900e+01
4.47451951226845210e+01
4.53563049141253316e+01
4.61429603386189342e+01
4.69459111250219223e+01
4.70909070952068873e+01
4.76174446831390981e+01
4.77532607185923439e+01
4.79335728442689799e+01
4.79998866784198697e+01
4.82208303817874082e+01
4.84698287302453537e+01
4.90580877763184446e+01
4.97405038402375226e+01
4.98792298955031583e+01
5.01950493989377833e+01
5.09576283753170571e+01
5.20897340116618466e+01
5.26073018978865434e+01
5.33689117338831807e+01
5.42462036764213735e+01
5.43470011756933502e+01
5.46938662515144074e+01
5.50775015696823687e+01
5.54120335862192803e+01
5.57648020253184598e+01
5.58386246454759601e+01
5.61263202598550208e+01
5.70834228001561144e+01
5.75915135647211400e+01
5.78770167747471476e+01
5.80582568390062477e+01
5.87529961466621273e+01
5.93210684586603350e+01
5.94622600441783220e+01
6.04529910985140191e+01
6.12968944402508669e+01
6.15045113984233183e+01
6.20107705814175461e+01
6.22857117025216382e+01
6.25713884208457216e+01
6.29602207402584497e+01
6.37450015327496260e+01
6.43526716354000428e+01
6.45024966142760547e+01
6.46498061843093694e+01
6.49501036971911674e+01
6.49874955597866517e+01
6.54129898825928251e+01
6.60734886963370229e+01
6.61746063214886249e+01
6.66056670774217423e+01
6.74904870297380057e+01
6.79520379994395682e+01
6.83420679046039083e+01
6.94140673826986756e+01
6.99566012919139553e+01
7.00119551641140845e+01
7.07196364719228541e+01
7.08384450429850290e+01
7.09250464229449449e+01
7.15573331029529243e+01
7.16823466047868862e+01
7.20838089852938424e+01
7.24265434700062656e+01
7.34934968704721712e+01
7.35819973754687453e+01
7.40123668263821060e+01
7.41735226518583772e+01
7.41923025362721376e+01
7.45031503656177279e+01
7.48634458063578450e+01
7.54998580426200476e+01
7.58349693222436088e+01
7.60759206716644201e+01
7.61888416370591699e+01
7.79659087004125411e+01
7.79942339633572033e+01
7.83537990504143806e+01
7.85889043615608500e+01
7.93463330715490258e+01
7.93915828612130099e+01
7.95381058885492109e+01
7.96128017364070786e+01
7.97166600407790327e+01
8.02843286673802083e+01
8.04277463570907116e+01
8.12380220612356254e+01
8.18235544080540649e+01
8.23990759309344583e+01
8.25870092024592850e+01
8.27256468298582206e+01
8.32075715168937222e+01
8.43887986649221773e+01
8.44703323781841959e+01
8.46603503017438754e+01
8.48427162515206703e+01
8.50918929479055350e+01
8.55700759433123608e+01
8.57425540002815012e+01
8.59626232251852969e+01
8.60983759686875487e+01
8.65158266473579829e+01
8.72619043878364380e+01
8.73375417681356794e+01
8.78844133045334672e+01
8.79340585386271414e+01
8.82826611175138964e+01
8.83746416105236108e+01
8.90390103301847660e+01
8.93979074391026529e+01
8.94794651592450521e+01
9.03858797118387258e+01
9.13456471850957996e+01
9.18130356574646385e+01
9.18764313146925247e+01
9.19485925770616745e+01
9.21815630985915675e+01
9.24831529692445145e+01
9.26536181176003595e+01
9.38128519706383486e+01
9.42699141097033078e+01
9.49194771916524758e+01
9.51129649702302800e+01
9.52652007757285730e+01
9.53362594561223489e+01
9.54479217285457082e+01
9.56467437123390880e+01
9.56797983654652455e+01
9.60253272397290516e+01
9.63138596749172962e+01
9.63800819925333485e+01
9.69767287035472805e+01
9.70855731479207122e+01
9.72344493711425457e+01
9.75868944920893568e+01
9.76751688250061250e+01
9.78726161028116337e+01
9.90107365829350670e+01
9.92368878201873201e+01
1.00143257155541249e+02
1.00360208545166756e+02
1.00570113604476347e+02
1.00697160704578778e+02
1.01253796211988799e+02
1.01707049037409519e+02
1.01799541353088557e+02
1.02022983646491753e+02
1.02430738801286481e+02
1.02829558743168974e+02
1.03149984255269828e+02
1.03292324249117826e+02
1.04357720041757489e+02
1.04498646245366672e+02
1.04554036986376502e+02
1.05385874639133306e+02
1.05486328413831757e+02
1.06435370872272131e+02
1.06785127281516083e+02
1.06842173058269452e+02
1.06905117297917201e+02
1.07265313596243658e+02
1.07539237420095787e+02
1.07668442812072072e+02
1.07912493986413750e+02
1.07966319738309465e+02
1.08567898024392122e+02
1.09296015175467858e+02
1.09598163046952294e+02
1.09989638603129805e+02
1.10136634678322253e+02
1.10433742469227752e+02
1.11990255187280439e+02
1.12049028838619989e+02
1.12075679019357580e+02
1.12270552791641222e+02
1.12867393788665993e+02
1.12915332127109593e+02
1.13123182724768043e+02
1.13680475377864070e+02
1.14226743428390023e+02
1.14428613053297113e+02
1.14457376215320380e+02
1.14626203568917390e+02
1.15172612920532003e+02
1.15348245497749758e+02
1.15937177495055920e+02
1.16398440235720216e+02
1.16894546328239869e+02
1.17266914817295941e+02
1.17316233048922584e+02
1.17926277127527470e+02
1.18120372674281725e+02
1.18273863620291309e+02
1.18348097894166898e+02
1.18863752885555982e+02
1.19165205462396756e+02
1.19389989187778951e+02
1.19639159310574200e+02
1.19944087444399855e+02
1.20086736046148104e+02
1.20154058884668729e+02
1.20253207739007792e+02
1.20315827139303622e+02
1.20576472548476744e+02
1.20954801229511617e+02
1.21756121044103253e+02
1.22253525213359723e+02
1.23151184119534463e+02
1.23536032157613050e+02
1.23732218829210609e+02
1.23856622564057830e+02
1.24371360585190104e+02
1.25024158549803104e+02
1.25134655253411665e+02
1.25385272565868974e+02
1.25943382037839029e+02
1.26242794905384415e+02
1.26484102845743791e+02
1.26626244954716356e+02
1.26692603520576824e+02
1.26811683057873381e+02
1.27042518581337902e+02
1.27113483182782460e+02
1.28291993466893928e+02
1.29411121141558795e+02
1.29696145723099789e+02
1.29767415867614147e+02
1.30390795403169903e+02
1.30481441442480190e+02
1.30832798581558023e+02
1.30956600042773772e+02
1.31075319198117967e+02
1.31250907199350081e+02
1.31506996610859545e+02
1.31654829167370906e+02
1.31769636313437218e+02
1.31955664906459617e+02
1.32370508784379638e+02
1.32608850302966175e+02
1.33154707654230577e+02
1.33384525615846314e+02
1.33682090800231066e+02
1.33954697860284767e+02
1.34119609353387943e+02
1.34501689474165289e+02
1.34662855239635405e+02
1.35203630199957104e+02
1.35314589610043015e+02
1.35419807967960651e+02
1.36326388381773313e+02
1.36522564481219604e+02
1.36685808428468533e+02
1.37112645781411288e+02
1.37282405234250717e+02
1.37889892007537100e+02
1.38614319195587768e+02
1.38751152838593470e+02
1.38863796118543121e+02
1.39308660860105562e+02
1.39833046790316473e+02
1.40024476339389452e+02
1.40417106992757141e+02
1.40713524638456533e+02
1.41292655903537849e+02
1.41718109864321860e+02
1.41937434130591129e+02
1.42080823680872186e+02
1.42290792733989718e+02
1.42802078220193181e+02
1.43325840677973559e+02
1.43995097263424498e+02
1.44165188712251734e+02
1.44473426165055145e+02
1.44522284109272533e+02
1.44589212463619873e+02
1.44707516564322191e+02
1.44790439423936618e+02
1.45017666823144765e+02
1.45090009367137299e+02
1.45420618232757164e+02
1.45533977672633256e+02
1.46058734649463105e+02
1.46301872410595024e+02
1.46818033222457501e+02
1.46918564842203835e+02
1.46977201458080430e+02
1.47021064993669029e+02
1.47953438268137177e+02
1.48157677479856261e+02
1.48345666381059942e+02
1.48515933661704167e+02
1.48622345845994914e+02
1.49115697159095248e+02
1.49324120976594628e+02
1.49513018004116645e+02
1.51224779173405381e+02
1.51479430244246203e+02
1.51856328512693977e+02
1.52192550952038516e+02
1.52413176962756268e+02
1.52665618341348704e+02
1.52707682128500295e+02
1.52898791904056594e+02
1.53282984041257947e+02
1.53746195484793191e+02
1.53781821078011973e+02
1.53941410362404383e+02
1.54033344037130462e+02
1.54202481395748663e+02
1.54429330295562323e+02
1.54811953774362564e+02
1.55211031802209760e+02
1.55705281144886158e+02
1.56167234322469369e+02
1.56677002499700848e+02
1.56730659588316144e+02
1.56876621528739179e+02
1.57213722806670944e+02
1.57529975948406900e+02
1.57735503447339283e+02
1.57972611028628933e+02
1.58422415959417947e+02
1.58691524511965042e+02
1.58833384902849275e+02
1.59035692671509594e+02
1.59659495559454626e+02
1.60172859180679893e+02
1.60483431511259766e+02
1.60572290338919231e+02
1.60919046538136058e+02
1.61040186628703452e+02
1.61269869251228840e+02
1.61345042152196129e+02
1.61656863187009094e+02
1.61995472208104673e+02
1.62144630867313708e+02
1.62899639562169455e+02
1.63440412025135572e+02
1.63504511921393544e+02
1.63854739009653599e+02
1.64019797149101862e+02
1.64628210066190945e+02
1.64805802632033078e+02
1.65324895050113923e+02
1.65819225069373772e+02
1.66350848367357344e+02
1.66633822115872022e+02
1.67063918317747380e+02
1.67138580267152406e+02
1.67490320117956685e+02
1.67867747660474720e+02
1.68373627593465869e+02
1.68686255130400696e+02
1.69219992721341100e+02
1.69270319489894632e+02
1.69457949080481796e+02
1.69935583485342590e+02
1.70529820249484715e+02
1.70623487175575008e+02
1.71042790678811684e+02
1.72400048756089063e+02
1.72909651603670227e+02
1.73053755527188002e+02
1.73158114709719712e+02
1.73338660127807714e+02
1.73566278650786671e+02
1.73851735094225262e+02
1.73992998763291780e+02
1.74117086939597300e+02
1.74344572810580530e+02
1.74447693937005511e+02
1.74519971827547522e+02
1.75114640199692815e+02
1.75415732805605103e+02
1.75551223474820802e+02
1.76217418930429005e+02
1.76304955514642188e+02
1.76471563236578731e+02
1.76683683014635506e+02
1.77829103314941278e+02
1.77889353159953828e+02
1.77936349101839141e+02
1.78347965643928660e+02
1.79064992826306934e+02
1.79121651734290083e+02
1.79411528629920156e+02
1.79648754462032855e+02
1.79822941492758900e+02
1.80288664585855599e+02
1.80731321463148845e+02
1.81098894434950807e+02
1.81321535037731564e+02
1.81469923159363248e+02
1.81991157297596203e+02
1.82149495584322324e+02
1.82633891077354178e+02
1.83178744316498182e+02
1.83538953581870032e+02
1.83697853003090358e+02
1.84285574098575921e+02
1.84466556640379054e+02
1.84806692617789679e+02
1.84936548291546160e+02
1.86072266872000625e+02
1.86222662245122137e+02
1.86815608981835737e+02
1.86921943193452876e+02
1.87436647099947436e+02
1.87612964158883301e+02
1.87817012178244511e+02
1.88020125168881350e+02
1.88135240897268318e+02
1.88180889774057221e+02
1.88542849509797918e+02
1.88768910477065617e+02
1.88982520210336929e+02
1.89152176901329710e+02
1.90336906012302165e+02
1.90474485426415470e+02
1.90555718362232199e+02
1.90872526297663114e+02
1.90927278805273886e+02
1.91427707913802919e+02
1.92044818644294594e+02
1.92401909065588825e+02
1.92555493865481594e+02
1.92799633918520954e+02
1.93060211023178397e+02
1.93841310449226057e+02
1.94139295666380349e+02
1.94311020445399208e+02
1.94370218468649568e+02
1.94656969393253803e+02
1.95607925409811514e+02
1.95836969059626142e+02
1.96599989087515326e+02
1.96739756725883865e+02
1.96798161017255438e+02
1.97157339100495506e+02
1.97916698159809130e+02
1.98295634575802126e+02
1.98653008450513369e+02
1.99116141675317976e+02
1.99285338348324558e+02
1.99587797447960497e+02
1.99706233309009065e+02
2.00074135882361816e+02
2.00455374527800188e+02
2.00620404107907348e+02
2.01264532188053863e+02
2.01913720822981645e+02
2.02095400004039789e+02
2.02206160985647671e+02
2.02418194091652992e+02
2.02699419512904967e+02
2.02863542965439478e+02
2.03277550313947870e+02
2.03498695562101602e+02
2.03618297196575156e+02
2.03880051579939959e+02
2.04289502231775543e+02
2.04836823180003535e+02
2.05101595984525147e+02
2.05591504136328979e+02
2.05855405707174896e+02
2.06420056881449398e+02
2.06591612795873289e+02
2.06770432733643929e+02
2.06819022666327669e+02
2.07738530904920992e+02
2.08395774966049601e+02
2.08683092807245373e+02
2.08899541618006481e+02
2.09022429968627591e+02
2.09238803430640587e+02
2.09631195091256757e+02
2.10378384241183937e+02
2.11277936122978247e+02
2.11702876798719331e+02
2.12220188028535858e+02
2.12338201134064150e+02
2.12447847108492681e+02
2.12607935873839097e+02
2.12815301622024151e+02
2.12946658091367340e+02
2.13651714488086952e+02
2.15158096468472479e+02
2.15231963088697000e+02
2.15472149380778831e+02
2.15605127096798412e+02
2.16373790971689573e+02
2.16644225011767162e+02
2.16693709009310908e+02
2.16788954151588257e+02
2.17306931736598983e+02
2.17409652679401063e+02
2.17516765008551999e+02
2.17872209605794922e+02
2.18667715167335245e+02
2.19390987828583718e+02
2.19618086011062246e+02
2.19784761534063932e+02
2.19938809281717795e+02
2.20113144696766597e+02
2.20585550121921699e+02
2.21189260904860362e+02
2.22079034141358306e+02
2.22517224863298793e+02
2.22641664933094432e+02
2.23036004088403274e+02
2.23394265185305301e+02
2.23711119576130613e+02
2.24145011740807149e+02
2.24727770427893859e+02
2.25442418444274779e+02
2.26004706917789917e+02
2.26156437486983009e+02
2.27152657151491042e+02
2.27413438595731236e+02
2.27795733903261237e+02
2.28009721324851682e+02
2.28746244066081999e+02
2.29104437625923254e+02
2.29581866268064800e+02
2.29881850692672288e+02
2.30336016627656988e+02
2.30849936135790017e+02
2.31309624808942488e+02
2.31731334321180100e+02
2.31800175287095556e+02
2.32865808960801019e+02
2.33108961492032165e+02
2.33738561220822930e+02
2.34046381591294505e+02
2.34129879129542758e+02
2.34734025120875458e+02
2.35053851241585789e+02
2.35139897365936861e+02
2.35879515185861806e+02
2.36323965669551797e+02
2.36518560798237388e+02
2.36626023272403700e+02
2.36859983339222083e+02
2.36955700748602112e+02
2.38315724198825137e+02
2.38385020928020651e+02
2.38740370808760304e+02
2.38978768060025629e+02
2.39557215153789912e+02
2.39911388619101444e+02
2.40378469237635557e+02
2.40786731755348001e+02
2.41090576516536885e+02
2.41711487229337877e+02
2.41936770295353654e+02
2.42014555857715209e+02
2.42569480320388379e+02
2.42971876463702358e+02
2.43113214037475871e+02
2.43422130319745861e+02
2.43756980179057450e+02
2.44093947764188272e+02
2.44580476223779044e+02
2.45380517699766585e+02
2.46220276144125876e+02
2.46578463243300916e+02
2.46902468772625582e+02
2.47570421102303385e+02
2.48047495269624164e+02
2.48821995035145164e+02
2.49021894068550296e+02
2.49374591617866372e+02
2.49433453911635468e+02
2.49541155006634312e+02
2.49874703711289271e+02
2.49999390839187924e+02
2.51023219578381145e+02
2.51098957085913241e+02
2.51734805637019974e+02
2.52124219536453097e+02
2.52969506241682154e+02
2.53842117398907646e+02
2.54490980127190539e+02
2.54602103052826521e+02
2.54731012881623656e+02
2.55068964491815166e+02
2.55371925129193301e+02
2.55516364668653296e+02
2.55803652157924887e+02
2.55878277214894524e+02
2.56393455481527951e+02
2.56795082576204322e+02
2.57072594009309967e+02
2.57274636958076655e+02
2.58561153475352683e+02
2.59235118680190681e+02
2.59813274787392345e+02
2.60305905387663529e+02
2.60398328550693066e+02
2.60518442306398128e+02
2.60903356178840284e+02
2.61223147501376275e+02
2.61382879186565617e+02
2.61726472206483493e+02
2.61848995793746553e+02
2.62372013930254866e+02
2.62630454376467014e+02
2.62878974675497773e+02
2.63520472639731850e+02
2.63580917436326558e+02
2.63732599998320438e+02
2.64272678402962299e+02
2.64502925600125593e+02
2.64947713993189552e+02
2.65086495746371156e+02
2.65488326834340455e+02
2.66303778562145851e+02
2.66568843888769038e+02
2.67171546199189208e+02
2.67495473421178360e+02
2.68248892626209226e+02
2.68682537346930189e+02
2.69023600386289388e+02
2.69569382870177662e+02
2.69862303069965037e+02
2.70744966913121118e+02
2.71323619801130235e+02
2.71873506404792295e+02
2.72195452547599075e+02
2.72475201097783327e+02
2.72651100191383591e+02
2.72837713501620897e+02
2.73207639335576403e+02
2.73595420621599715e+02
2.73848175453322938e+02
2.73930220697263451e+02
2.74159360964378095e+02
2.74728627180766125e+02
2.75001623679229965e+02
2.75070174996789206e+02
2.75357258149157758e+02
2.75951597841926230e+02
2.76494819700753112e+02
2.76992454428415158e+02
2.77465180621180480e+02
2.78624645133040417e+02
2.79492609698322497e+02
2.79713825559240775e+02
2.80195711722172916e+02
2.80470594919184634e+02
2.80726261849428624e+02
2.81172220271873130e+02
2.81949090664814548e+02
2.82140277436499048e+02
2.82434733552329931e+02
2.82668870401607876e+02
2.84863681081949096e+02
2.85039714840449108e+02
2.85281351646293331e+02
2.85993069351774636e+02
2.86346297505159043e+02
2.86888199439819573e+02
2.87324770807274945e+02
2.87632155637066944e+02
2.88297110870985989e+02
2.88373508437752150e+02
2.88896447206204869e+02
2.89122817436771243e+02
2.89451132930513495e+02
2.89726500191958337e+02
2.90099005745854583e+02
2.90754489612454108e+02
2.90854724726816357e+02
2.91127783636341917e+02
2.92365168368761431e+02
2.92731181268008129e+02
2.93535858735643558e+02
2.93853172454845662e+02
2.94244899343054215e+02
2.94331691661435400e+02
2.94921326927149892e+02
2.95091764010369388e+02
2.95533811130812694e+02
2.95760123201200486e+02
2.96132433985115597e+02
2.96365942687620418e+02
2.97387414854377312e+02
2.97761741303798829e+02
2.98175223936133932e+02
2.98253798444554889e+02
2.98482510902253296e+02
2.99126309762041558e+02
2.99628937242507277e+02
2.99847603298393153e+02
3.00199324800283136e+02
3.00534126641189346e+02
3.00612892450975835e+02
3.01044798920641256e+02
3.01214234904083867e+02
3.01540795112678495e+02
3.01910677033962088e+02
3.02060326535910235e+02
3.02498566411594595e+02
3.02627383510389052e+02
3.04826750055048535e+02
3.04920274025039873e+02
3.05327908288212939e+02
3.05536244531727903e+02
3.05822803481605149e+02
3.05930165709637151e+02
3.06111922197256376e+02
3.06240682212074148e+02
3.06588300153761111e+02
3.06747343541741657e+02
3.06999402772247151e+02
3.07558522816577749e+02
3.07749159431375688e+02
3.09776761194383141e+02
3.09937165030165318e+02
3.10162975368764933e+02
3.10274809095409466e+02
3.11066193733868602e+02
3.11365785167410593e+02
3.11574531914074385e+02
3.11682583716082604e+02
3.11900465075352486e+02
3.12704969475091161e+02
3.12913625043906848e+02
3.13031801102845918e+02
3.13301115931307777e+02
3.13468432552891272e+02
3.13576745288332972e+02
3.13741342792686453e+02
3.14259673833488705e+02
3.14652217684411369e+02
3.14975434939161460e+02
3.15525353000783639e+02
3.16959438530901139e+02
3.17195614563962295e+02
3.17532066027393341e+02
3.17917278346791704e+02
3.18522528537182154e+02
3.18729176422584601e+02
3.19003416556722925e+02
3.19282810464465285e+02
3.19942777234648190e+02
3.20730846268940468e+02
3.20858710371951076e+02
3.21195941247667520e+02
3.21411765253233568e+02
3.21712240334678654e+02
3.22583446978765437e+02
3.22753851554334233e+02
3.23388218868272531e+02
3.23601582898937806e+02
3.23969369213176606e+02
3.24087679382390718e+02
3.24475215409867985e+02
3.24946356111142791e+02
3.25390057737064467e+02
3.25634256890619781e+02
3.25728104227560152e+02
3.25974696755942773e+02
3.26119385427607881e+02
3.26315176330488157e+02
3.26591452540572732e+02
3.26982777187564750e+02
3.27188538375391715e+02
3.29901454909551262e+02
3.30490475479675922e+02
3.30927897854755315e+02
3.31115910222214268e+02
3.31419073431988238e+02
3.31715708975471784e+02
3.31947677594258550e+02
3.32053986046782200e+02
3.32597057412199263e+02
3.33325443401718246e+02
3.33482857442920647e+02
3.34132718514630369e+02
3.34492337865501327e+02
3.35026387595150595e+02
3.35107711046669294e+02
3.35491500017919634e+02
3.35908338892994436e+02
3.36217716414012671e+02
3.36667465304000814e+02
3.36976424127823293e+02
3.37229500812885419e+02
3.37730370559639198e+02
3.37991974444753168e+02
3.38074898428031076e+02
3.38219088245116666e+02
3.38345131277096641e+02
3.38563078686051711e+02
3.38924597129981976e+02
3.39436563897064900e+02
3.39854549988579151e+02
3.42407755400682049e+02
3.43199223483878086e+02
3.43514417838870372e+02
3.43935841402336564e+02
3.44094418871341986e+02
3.44393223122577353e+02
3.44791809739312896e+02
3.45804046577047529e+02
3.45961537971298299e+02
3.46548810449953919e+02
3.47019594919913914e+02
3.47986843542362806e+02
3.48201816023738218e+02
3.48519410235791440e+02
3.49064543353070917e+02
3.49206094612246261e+02
3.49682279879011787e+02
3.50095673707618971e+02
3.50300383307437698e+02
3.50812401370893156e+02
3.51050767893508009e+02
3.51248295665592707e+02
3.51489612867292465e+02
3.51732482843170942e+02
3.52286894647997030e+02
3.53405231595950227e+02
3.54109367638608774e+02
3.54417121111760821e+02
3.54939841963369815e+02
3.55119489068968733e+02
3.55213769400599176e+02
3.55522056480074070e+02
3.55682752520872725e+02
3.55929097015556636e+02
3.56213384794492697e+02
3.56336520350706621e+02
3.56566398412580952e+02
3.56871717801209115e+02
3.57097162791351195e+02
3.59340710040759859e+02
3.59657399818016472e+02
3.59745253259100593e+02
3.60007092034749633e+02
3.60268469893326028e+02
3.60940145897626394e+02
3.61213869675909734e+02
3.61419253065157932e+02
3.61923563643082673e+02
3.62289219041927765e+02
3.62604048776718685e+02
3.63124281054452808e+02
3.63528358563827453e+02
3.64175022977721881e+02
3.64282613135546740e+02
3.64440831571889191e+02
3.64752761734364810e+02
3.64874781358973394e+02
3.65314543791636424e+02
3.65552249609342084e+02
3.65955599663674150e+02
3.66538748622422247e+02
3.67332800872972030e+02
3.67801446675658838e+02
3.67989400802700857e+02
3.68335445183822173e+02
3.68660452474457827e+02
3.69073955666681286e+02
3.69335763760584882e+02
3.70129533103474159e+02
3.70341657208824529e+02
3.71008907780299921e+02
3.71584425128731539e+02
3.71873679572582830e+02
3.72535743890651702e+02
3.72954078436468023e+02
3.73518116745715076e+02
3.73910450060461017e+02
3.74065721880304750e+02
3.74314996655750747e+02
3.74682423956836772e+02
3.74874282814905200e+02
3.75057406651829695e+02
3.75332479113167835e+02
3.75425509964366540e+02
3.75574411107017795e+02
3.75741595185719746e+02
3.76193232081787642e+02
3.76845864738850821e+02
3.76944189262505233e+02
3.79196297178895577e+02
3.79609145178735162e+02
3.79935457177846445e+02
3.80070591662945844e+02
3.80694741923625202e+02
3.81096701972486585e+02
3.81649603185011074e+02
3.81932507665810931e+02
3.82264404844896262e+02
3.82814399343972696e+02
3.83060437552781138e+02
3.84196438890295440e+02
3.85385079178148317e+02
3.85506179416071006e+02
3.85712184609097847e+02
3.85924879633435012e+02
3.86177644521001866e+02
3.86365295208091254e+02
3.86605032556127128e+02
3.87172108180091982e+02
3.87713686196517301e+02
3.88024731314453618e+02
3.88282375994707763e+02
3.88626251433114476e+02
3.88821336539158381e+02
3.89340798603166604e+02
3.89563834005199624e+02
3.90119907416563819e+02
3.90424399617197992e+02
3.90644318243634473e+02
3.91463071382662065e+02
3.92008287615164079e+02
3.92396972882549676e+02
3.92971623934652939e+02
3.93122314466609453e+02
3.93532106099172495e+02
3.93714030294846111e+02
3.94149482169458111e+02
3.94396879657321563e+02
3.95072277519290310e+02
3.95967593189672868e+02
3.96226109097755227e+02
3.96757976936458363e+02
3.97444500998454657e+02
3.97752172485799690e+02
3.98486879268327129e+02
3.98662357516994973e+02
3.98938828131211324e+02
3.99447869123750252e+02
3.99861915693428898e+02
4.00200130513587851e+02
4.00345875697293479e+02
4.00851107349427480e+02
4.01163980272823437e+02
4.01333070983565733e+02
4.01610474062954950e+02
4.01954163709755051e+02
4.02331324186205165e+02
4.03058862961664545e+02
4.03411054371037437e+02
4.03550764574081029e+02
4.03948419442544719e+02
4.05245069644192256e+02
4.05652771738054128e+02
4.05787436570503075e+02
4.06174909283170564e+02
4.06310922390681753e+02
4.06446520342839676e+02
4.07175905334710649e+02
4.08008019028564092e+02
4.08471588816582482e+02
4.09714133407185443e+02
4.10325994550618077e+02
4.10924025931079996e+02
4.11347896185096545e+02
4.11462439664385158e+02
4.11669111400720965e+02
4.11786725854373003e+02
4.11996428522428175e+02
4.12471912069701716e+02
4.12507838066958811e+02
4.12705327155805207e+02
4.13199812333342834e+02
4.13373841408155158e+02
4.13764705337668374e+02
4.14493604632361325e+02
4.14992689240705090e+02
4.15156629668263463e+02
4.15610616719860332e+02
4.16352448529852950e+02
4.16629247715404063e+02
4.16927744333815099e+02
4.17112989590168127e+02
4.17713855072209071e+02
4.18101284970630218e+02
4.18338182887159064e+02
4.19018810219611055e+02
4.20505516718179251e+02
4.20950698233421576e+02
4.21451979266701983e+02
4.21713059014609826e+02
4.22444367260684771e+02
4.23074306695269229e+02
4.23509363721649720e+02
4.23659827171585448e+02
4.23992966945275725e+02
4.24148213965078867e+02
4.24782373403273823e+02
4.25414427940464861e+02
4.25746983219749723e+02
4.26190670292417394e+02
4.26541580913415714e+02
4.27072940151562420e+02
4.27465100477739838e+02
4.28167104909357022e+02
4.28344283562880037e+02
4.28461721030505942e+02
4.28710081239952274e+02
4.29034890707677732e+02
4.30518518407365491e+02
4.30714040731681735e+02
4.31630037547967959e+02
4.31894311929204832e+02
4.33623149594251004e+02
4.34277183551572648e+02
4.34718930492758773e+02
4.35341436776433852e+02
4.36578320038111769e+02
4.36712004146397476e+02
4.36855323232985825e+02
4.37332120668952712e+02
4.37522372052466608e+02
4.38077324902976670e+02
4.38331174968467735e+02
4.38579282499318992e+02
4.38900699457549763e+02
4.39014264541055127e+02
4.39240685806013744e+02
4.39510988290321734e+02
4.39765288283601649e+02
4.40190785532730160e+02
4.40559101077058813e+02
4.42003390627197177e+02
4.42743591142993864e+02
4.42871414461883433e+02
4.43023520574092800e+02
4.43332802602908146e+02
4.43760494970501668e+02
4.43878934417967230e+02
4.44184928030771061e+02
4.44479816190717202e+02
4.44650576120530104e+02
4.45250293276494972e+02
4.45794219678278978e+02
4.46676905693309436e+02
4.46887420289386796e+02
4.47066690729995798e+02
4.47329650083320189e+02
4.47457707455078776e+02
4.47657004947402243e+02
4.47834076047463327e+02
4.48006473528444985e+02
4.48453916117889094e+02
4.48928974427653543e+02
