3.2482565221437545e+02
3.2550671921909145e+02
3.2603124855001892e+02
3.2682846429865970e+02
3.2760450161974427e+02
3.2809952716624656e+02
3.2872029249079071e+02
3.2908776405991279e+02
3.2993062053620093e+02
3.3160956329596399e+02
3.3201584198083674e+02
3.3231014012630612e+02
3.3264288711769001e+02
3.3343349027324541e+02
3.3358227172182336e+02
3.3417642888324991e+02
3.3501292226071644e+02
3.3569883814164172e+02
3.3610106704147228e+02
3.3672058325887281e+02
3.3720009199707243e+02
3.3859974955284434e+02
3.3981307676714761e+02
3.4204051517796921e+02
3.4234082627918502e+02
3.4272638617223521e+02
3.4367802906826137e+02
3.4417760926054046e+02
3.4446439895116026e+02
3.4514837722372266e+02
