2.4048570588890138e+02
2.4056966007047427e+02
2.4062386969598572e+02
2.4082258534353039e+02
2.4091888996375013e+02
2.4096790230360287e+02
2.4116521595525384e+02
2.4156475651719674e+02
2.4218211964182061e+02
2.4253138394582572e+02
2.4262322702555147e+02
2.4268175019868755e+02
2.4323502757294369e+02
2.4327382335157984e+02
2.4334061340514413e+02
2.4357351406782263e+02
2.4368327945625603e+02
2.4389207340008880e+02
2.4416978481177557e+02
2.4430279083960770e+02
2.4488284516492939e+02
2.4515248010360463e+02
2.4529451184064254e+02
2.4576094212865436e+02
2.4603926982234023e+02
2.4630726543888247e+02
2.4654354196264978e+02
2.4658895609491503e+02
2.4678732771714581e+02
2.4733303840999469e+02
2.4739264897670299e+02
2.4757270338564385e+02
2.4831966317536407e+02
2.4839827142528560e+02
2.4864583681298461e+02
2.4872336152283671e+02
2.4884062224007934e+02
2.4904427988235432e+02
2.4927887241501867e+02
2.4937850531308973e+02
2.4944427738561936e+02
2.4963740073257344e+02
2.4974321736764500e+02
2.4993760283234346e+02
2.5093006565042421e+02
2.5099608626156746e+02
2.5172497988949877e+02
2.5188690593526297e+02
2.5192413117849364e+02
2.5291273433026109e+02
2.5329753753096566e+02
2.5363265478373830e+02
2.5374647284116625e+02
2.5399637850580780e+02
2.5407727129632534e+02
2.5436131680559464e+02
2.5458261450893096e+02
2.5467640476876832e+02
2.5481994477138221e+02
2.5488845627423979e+02
2.5527624167410880e+02
2.5531976513870524e+02
2.5584210213531253e+02
2.5608234460394567e+02
2.5634704779154293e+02
2.5668644449038777e+02
2.5705165619753484e+02
2.5754496953549557e+02
2.5776060228221650e+02
2.5817900573399709e+02
2.5830096021467796e+02
2.5833700584652547e+02
2.5856606348049417e+02
2.5907606122351837e+02
2.5915846872857134e+02
