9.87829746874641046e+00
2.02086515622835350e+01
2.02086816852130511e+01
2.02087640354059346e+01
3.32475545517187214e+01
3.32475733957460591e+01
3.32476998675106472e+01
3.32477188368977750e+01
3.32479018628840493e+01
3.95150435073424120e+01
4.88771279612206655e+01
4.88771992312471468e+01
4.88772896016658223e+01
4.88773298230677398e+01
4.88775274932275039e+01
4.88776147977945072e+01
4.88777291852660483e+01
5.97384702726899519e+01
5.97384826854961801e+01
5.97388060531627474e+01
6.70210944923950365e+01
6.70211827102246218e+01
6.70213446584762806e+01
6.70214480756561670e+01
6.70216443577361360e+01
6.70217703767953736e+01
6.70217910576593141e+01
6.70219298715769440e+01
6.70221649054025193e+01
8.28087574176033456e+01
8.28088587569151855e+01
8.28091441879635681e+01
8.28092878601944449e+01
8.28097563537991448e+01
8.76261205940631669e+01
8.76262912384426187e+01
8.76265536625443247e+01
8.76266307311883281e+01
8.76267140474113546e+01
8.76268319097843857e+01
8.76269385022997653e+01
8.76271048277009186e+01
8.76271826607787290e+01
8.76274297101256252e+01
8.76278456053374413e+01
8.89263464078054255e+01
1.08649207028984350e+02
1.08649429663004014e+02
1.08649530570229643e+02
1.08649779948015095e+02
1.08650163320148081e+02
1.08650297628627925e+02
1.08650880686696283e+02
1.10653065780918382e+02
1.10653201720506587e+02
1.10653469666298832e+02
1.10653731358202265e+02
1.10653791989720901e+02
1.10654034695216879e+02
1.10654317576471826e+02
1.10654446399585879e+02
1.10654703398979080e+02
1.10654861606528897e+02
1.10655097869979244e+02
1.10655282372841356e+02
1.10655396396989119e+02
1.19055026129405192e+02
1.19056222157975981e+02
1.19056505815349368e+02
1.36072857654262691e+02
1.36073160986561021e+02
1.36073555821596187e+02
1.36073637865195508e+02
1.36073856968240193e+02
1.36074206745062213e+02
1.36074772117276183e+02
1.36074964183576128e+02
1.36075153552487677e+02
1.36075420099042958e+02
1.36075727862633642e+02
1.36076005968825200e+02
1.36076264068768182e+02
1.36076365406917404e+02
1.36076705104152438e+02
1.37199092322200443e+02
1.37199660045902078e+02
1.37199918269263890e+02
1.37200032661438854e+02
1.37200820814133408e+02
1.37201014723925255e+02
1.37201558653358802e+02
1.37201784119680184e+02
1.37202059566510883e+02
1.52091957170679166e+02
1.52092753389300469e+02
1.52093310242452503e+02
1.52093962324673925e+02
1.52095658227773612e+02
1.58171744756696427e+02
1.63864091994942157e+02
1.63864330102842473e+02
1.63864865949379521e+02
1.63865377374950668e+02
1.63865953881209975e+02
1.63866236387680601e+02
1.63866659395101891e+02
1.63866905559428972e+02
1.63867332056350790e+02
1.63867817460007274e+02
1.63868352664029061e+02
1.63868583431056493e+02
1.63868719554371836e+02
1.63869170415791388e+02
1.63869754798287715e+02
1.63870194626591399e+02
1.63870885477698863e+02
1.68412717729111989e+02
1.68413649713496852e+02
1.68414326209892778e+02
1.68414495590767814e+02
1.68415187172444263e+02
1.68415479593998271e+02
1.68415786688699910e+02
1.68416207389891468e+02
1.68417225237510138e+02
1.68417526188003137e+02
1.68417696755363778e+02
1.87991012549974016e+02
1.87992849979463216e+02
1.87993782010166711e+02
1.87994320045791994e+02
1.87994658418322160e+02
1.87996491708826085e+02
1.87998291107783473e+02
1.94010720115486976e+02
1.94012478147526934e+02
1.94013608883697827e+02
1.94013697514556583e+02
1.94014370505835075e+02
1.94015139183214558e+02
1.94015578608197814e+02
1.94015790910030205e+02
1.94016119737382553e+02
1.94016694076487170e+02
1.94016950897531501e+02
1.94017324795160363e+02
1.94017764932916123e+02
1.94018654810533462e+02
1.94018713961205663e+02
1.94019846301645885e+02
1.94021312486771734e+02
1.94021648080361359e+02
1.94022316759507220e+02
1.98257788775568940e+02
1.98259938733341073e+02
1.98263420445899129e+02
2.02254331061299183e+02
2.02256618201746420e+02
2.02257871898962946e+02
2.02258352682301734e+02
2.02258781261089240e+02
2.02259227899851510e+02
2.02259935484509640e+02
2.02260969529830845e+02
2.02261655415917915e+02
2.02262160139764802e+02
2.02263534507494342e+02
2.02264133443565186e+02
2.02265428986730967e+02
2.26503077661970195e+02
2.26506394997788561e+02
2.26507762153215822e+02
2.26508448094797359e+02
2.26508768851105657e+02
2.26509302599939332e+02
2.26510588068184120e+02
2.26511073820167638e+02
2.26511896464467782e+02
2.26512717415291036e+02
2.26513427687122459e+02
2.26513755964614177e+02
2.26514898146147175e+02
2.26515946751066593e+02
2.26516567230201986e+02
2.26516795395730668e+02
2.26517448383740430e+02
2.26518453409140534e+02
2.26520211909076238e+02
2.26520294642900495e+02
2.26521992843286625e+02
2.26717191724225501e+02
2.26717826966107538e+02
2.26721706669197545e+02
2.26722703082147632e+02
2.26723245294685512e+02
2.26724442708078897e+02
2.26726713830272701e+02
2.26727315258818692e+02
2.26729272758345871e+02
2.38702897952643156e+02
2.38704084938385847e+02
2.38705068042282193e+02
2.38706662519569335e+02
2.38707272010956729e+02
2.38708440564315765e+02
2.38710087133616497e+02
2.38710956924006865e+02
2.38711228159859814e+02
2.38711612495539953e+02
2.38714043126975128e+02
2.38714237524256390e+02
2.38715759292768382e+02
2.38716185765550733e+02
2.38717893964998837e+02
2.41313090459568770e+02
2.41317738614981465e+02
2.41320663053442360e+02
2.41322700024641819e+02
2.41325196782982061e+02
2.47393260811040960e+02
2.61333082998841803e+02
2.61340688972524276e+02
2.61343094782813012e+02
2.61344144911464753e+02
2.61345075965096612e+02
2.61346288972092850e+02
2.61348191903736733e+02
2.61349691952786600e+02
2.61350351085006309e+02
2.61350845226199965e+02
2.61351850778650430e+02
2.61352213661507847e+02
2.61352993188387018e+02
2.61353730959269626e+02
2.61354458059055332e+02
2.61356850262304590e+02
2.61357350744408450e+02
2.61358011608065794e+02
2.61358630181305500e+02
2.61360242925281568e+02
2.61361586357486885e+02
2.61362966279668683e+02
2.61365819804038324e+02
2.68236813196713570e+02
2.68244584579844172e+02
2.68246314013168558e+02
2.68248239566119764e+02
2.68250890613427316e+02
2.68253040119332297e+02
2.68254267811651061e+02
2.68256652664543935e+02
2.68259163115637534e+02
2.68261925897665890e+02
2.68264428110523909e+02
2.77735750544112477e+02
2.77739555829814606e+02
2.77740352062470663e+02
2.77742425181107478e+02
2.77743716476865643e+02
2.77745288302313952e+02
2.77746392926710087e+02
2.77747816179802896e+02
2.77748604884328586e+02
2.77750727842604647e+02
2.77753128530656909e+02
2.77754455456349774e+02
2.77754984380036660e+02
2.77756372387818260e+02
2.77760198877471680e+02
2.77760981652755902e+02
2.77766499273355748e+02
2.87316208247333975e+02
2.87323311132449646e+02
2.87328902284507421e+02
2.87334349435575405e+02
2.87335534513185053e+02
2.87339672394619640e+02
2.87340013932450233e+02
2.97551715669133614e+02
2.97564849720014081e+02
2.97569490884847369e+02
2.98512043909505735e+02
2.98516814938186883e+02
2.98517595582118986e+02
2.98519800352021321e+02
2.98520996220564712e+02
2.98521815560550863e+02
2.98524465652140861e+02
2.98525566504805340e+02
2.98526642440434728e+02
2.98528149666339459e+02
2.98531019546261177e+02
2.98532138965700028e+02
2.98532685776790231e+02
2.98533111630783424e+02
2.98535398783886137e+02
2.98535899506059536e+02
2.98536969320919297e+02
2.98538918453374663e+02
2.98540202674398472e+02
2.98541702111842994e+02
2.98542950084673635e+02
2.98544270850304031e+02
2.98548822944976791e+02
2.98550530457925049e+02
2.98554719867132576e+02
3.12543071745368366e+02
3.12548209354261246e+02
3.12552995716951102e+02
3.12554474486353570e+02
3.12556471459381271e+02
3.12558702758921299e+02
3.12560288996267047e+02
3.12567810359722387e+02
3.12568772146618358e+02
3.12570936834087149e+02
3.12571989288298766e+02
3.12573813155495372e+02
3.12584711624218528e+02
3.19345366211040641e+02
3.19347217232108846e+02
3.19350620077873202e+02
3.19355584881265486e+02
3.19356985842090694e+02
3.19360546403042463e+02
3.19363008871484453e+02
3.19365788272692555e+02
3.19366528970692855e+02
3.19369698272582809e+02
3.19373836544610469e+02
3.19374465146995362e+02
3.19377413477219136e+02
3.19381138254816562e+02
3.19382125197362711e+02
3.19383937455422824e+02
3.19387648903303955e+02
3.19389558300767533e+02
3.19391088939694441e+02
3.36257344715084116e+02
3.36263441844140743e+02
3.36267424908763360e+02
3.36272918610715976e+02
3.36278211108311780e+02
3.36280370183717139e+02
3.36288238955821328e+02
3.36295007259437625e+02
3.36297268498834399e+02
3.38027097231772245e+02
3.38033207950929693e+02
3.38035518189635354e+02
3.38036559641649774e+02
3.38041318564816606e+02
3.38042026239143354e+02
3.38042364082156382e+02
3.38044460859787421e+02
3.38047442024128486e+02
3.38049052752413729e+02
3.38053980969053327e+02
3.38054752241468918e+02
3.38056879880902443e+02
3.38058343275595348e+02
3.38060857996170057e+02
3.38062095458206841e+02
3.38063618911461447e+02
3.38066349255549937e+02
3.38068172828059232e+02
3.38069639398920231e+02
3.38071274396811532e+02
3.38075145038558503e+02
3.38078241700704268e+02
3.38079473606092677e+02
3.38082721624778287e+02
3.38084866738763026e+02
3.38090017488710600e+02
3.50746768679639274e+02
3.50763366096971026e+02
3.50776270070513306e+02
3.50780554378022259e+02
3.50794007570946633e+02
3.56855138618657293e+02
3.59614418409340090e+02
3.59623110570844858e+02
3.59624396778488631e+02
3.59628518062133082e+02
3.59632678687573332e+02
3.59636663991438354e+02
3.59639896873946554e+02
3.59642742547257114e+02
3.59644564158160108e+02
3.59649917115538585e+02
3.59654871455308410e+02
3.59658301486062044e+02
3.59665245262218718e+02
3.59670390115732289e+02
3.59676850565344694e+02
3.63525493543137145e+02
3.63532578471130876e+02
3.63541308381968975e+02
3.63548734915112163e+02
3.63552262083111032e+02
3.63555547278213282e+02
3.63556406880577242e+02
3.63558954736366900e+02
3.63562287111132207e+02
3.63565910309701735e+02
3.63568490007133391e+02
3.63570861066899965e+02
3.63574128562711508e+02
3.63576025409629608e+02
3.63578022665440926e+02
3.63580989877364118e+02
3.63584585939356714e+02
3.63591084173168952e+02
3.63596542839633685e+02
3.63598143794725615e+02
3.63606364149189062e+02
3.79889672749087651e+02
3.79899078259424925e+02
3.79902774170345253e+02
3.79904539007113385e+02
3.79906385213881322e+02
3.79908813773475117e+02
3.79915491086526572e+02
3.79918490577958778e+02
3.79922004645962545e+02
3.79924394715488063e+02
3.79925299133274848e+02
3.79930873626614300e+02
3.79933035258269911e+02
3.79934071614806840e+02
3.79936937041777924e+02
3.79940858520189238e+02
3.79943234610985655e+02
3.79946063300026822e+02
3.79946864176249392e+02
3.79951572791617195e+02
3.79955318594365053e+02
3.79956248113299239e+02
3.79960460807442132e+02
3.79963874524221865e+02
3.79966655748861967e+02
3.79966957923750670e+02
3.79974309328102891e+02
3.79977294160404824e+02
3.79983203106902920e+02
3.88112197889361141e+02
3.88135415730935392e+02
3.88136461256866653e+02
3.88145627491322500e+02
3.88149968541872397e+02
3.88156279823659247e+02
3.88166190577276893e+02
3.88172252576364031e+02
3.88176949680614257e+02
3.88183905068578724e+02
3.88196416923873812e+02
4.07008884683137182e+02
4.07028346806084699e+02
4.07037626613419548e+02
4.07048817577590683e+02
4.07060731514476004e+02
4.07073864601995581e+02
4.07095611436972547e+02
4.09457109898802514e+02
4.09459404605825455e+02
4.09463540212260966e+02
4.09469829780070313e+02
4.09480135561582244e+02
4.09486643462285031e+02
4.09491923993460887e+02
4.09495431662672047e+02
4.09498782051239971e+02
4.09500466370598190e+02
4.09503704238432306e+02
4.09508931168077595e+02
4.09514354892984841e+02
4.09517109087219524e+02
4.09527856189443526e+02
4.09536189907919493e+02
4.09538053643454646e+02
4.10296518625848762e+02
4.10309758209427343e+02
4.10314789353679487e+02
4.10319565697936355e+02
4.10322126591334211e+02
4.10325376536884676e+02
4.10327076141336818e+02
4.10329013621203160e+02
4.10332648444220467e+02
4.10339113067957953e+02
4.10347245682353730e+02
4.10351600283799087e+02
4.10354156818693639e+02
4.10356897185650894e+02
4.10362017808361884e+02
4.10366186813899958e+02
4.10371299735508842e+02
4.10377583250964165e+02
4.10382495166279568e+02
4.10383459190136819e+02
4.10387074182804952e+02
4.10388513490584558e+02
4.10396867046185491e+02
4.17268847927488196e+02
4.17281619123983432e+02
4.17324239123802499e+02
4.24100656848955850e+02
4.24125953168374849e+02
4.24130864063207412e+02
4.24142292742944790e+02
4.24143890894571598e+02
4.24147746257602023e+02
4.24151949027578155e+02
4.24152172439006222e+02
4.24157301554734090e+02
4.24159999559313064e+02
4.24161110922124521e+02
4.24164977177588753e+02
4.24167459410915285e+02
4.24169967530029339e+02
4.24172218650825641e+02
4.24176611722935888e+02
4.24181528500263994e+02
4.24183488656106022e+02
4.24192414663860689e+02
4.24195699008487281e+02
4.24202301302067895e+02
4.24205037150977660e+02
4.24206379402023572e+02
4.24211709282798893e+02
4.24214421113752621e+02
4.24218593931041426e+02
4.24226277412060597e+02
4.24235721089327456e+02
4.24238993306778525e+02
4.24245522783865852e+02
4.24248682775736313e+02
4.42922897486275474e+02
4.42927787507680250e+02
4.42936082609976324e+02
4.42943631113502420e+02
4.42963807105536603e+02
4.42970829025039109e+02
4.42979365976987424e+02
4.42986073250404047e+02
4.42994636988174250e+02
4.43002309981854523e+02
4.43010817078980438e+02
4.43027414872466181e+02
4.43042843781368219e+02
4.59647656860683014e+02
4.59665233755487350e+02
4.59670022785167419e+02
4.59671307164326322e+02
4.59676908766882264e+02
4.59687052109426190e+02
4.59688002112557967e+02
4.59692842447599617e+02
4.59695603162876466e+02
4.59699477141386353e+02
4.59707555954299380e+02
4.59710122640711745e+02
4.59719103403975794e+02
4.59725034168931188e+02
4.59732419654465730e+02
4.59741433696194576e+02
4.59743432157771963e+02
4.59759247460141864e+02
4.59761436001286540e+02
4.59766445817626561e+02
4.59770286964242814e+02
4.59780151362537936e+02
4.59782717637144515e+02
4.59794476017583861e+02
4.59802806818904230e+02
4.62052700743976061e+02
4.62067494769104826e+02
4.62087703238011272e+02
4.62092287316581292e+02
4.62103281456650450e+02
4.62105799361388847e+02
4.62114203798171047e+02
4.62122433458844569e+02
4.62128645681816010e+02
4.62140345549153494e+02
4.62144181180010321e+02
4.62149096624650326e+02
4.62153086961852466e+02
4.62154014828645472e+02
4.62162036996782376e+02
4.62168050708473288e+02
4.62178379469286767e+02
4.62187963892649975e+02
4.62201104432092791e+02
4.66344657200356721e+02
4.66362025136990837e+02
4.66381310553817571e+02
4.66402664017073164e+02
4.66423945527639717e+02
4.66433604482341480e+02
4.66450972456968657e+02
4.66455136232484165e+02
4.66494640749182508e+02
4.70677321949847283e+02
4.70731305938485946e+02
4.70739304956998410e+02
4.70743250031118691e+02
4.70749783251788983e+02
4.70758747616195649e+02
4.70760125056615664e+02
4.70769424043720392e+02
4.70772683436421971e+02
4.70774632256063228e+02
4.70778737929806312e+02
4.70783609625280860e+02
4.70789313373717505e+02
4.70792775845699964e+02
4.70795649596262081e+02
4.70801773592279687e+02
4.70804433058978020e+02
4.70810575343579217e+02
4.70812045249324228e+02
4.70813878479747189e+02
4.70821481883339857e+02
4.70825734501957925e+02
4.70829177604066160e+02
4.70838836342481443e+02
4.70848627584830979e+02
4.70856911519018468e+02
4.70862199638485833e+02
4.70867286120280994e+02
4.70875416769825847e+02
4.70877611235742222e+02
4.70881501086548042e+02
4.70894053789025634e+02
4.70897895660666791e+02
4.80860827983688182e+02
4.80871344388285195e+02
4.80933031657869321e+02
4.80946913107872433e+02
4.81002224575171510e+02
4.87061374617621254e+02
5.00672180211258194e+02
5.00686980026280708e+02
5.00692046575778079e+02
5.00715128795818430e+02
5.00719376839935023e+02
5.00728191603076766e+02
5.00735547878510658e+02
5.00748451158152250e+02
5.00757843049053690e+02
5.00778991736951696e+02
5.00788009091757033e+02
5.00801326539085210e+02
5.00805929715600939e+02
5.00807984611728045e+02
5.00832537045196318e+02
5.11582947503397065e+02
5.11588950704099375e+02
5.11623329405111178e+02
5.11633071530805523e+02
5.11640893338275021e+02
5.11660218364170362e+02
5.11668200294257019e+02
5.11677859878379707e+02
5.11686740148895467e+02
5.11688801444724277e+02
5.11693177922164125e+02
5.11695878227140270e+02
5.11709753038185340e+02
5.11714602594701319e+02
5.11720667264125723e+02
5.11723208941763232e+02
5.11735616876156769e+02
5.11741585783487949e+02
5.11748706537422663e+02
5.11751087777888586e+02
5.11759409786141987e+02
5.11771711484958416e+02
5.11775552558951802e+02
5.11780070150832330e+02
5.11787030462960388e+02
5.11793825755521880e+02
5.11804608466032732e+02
5.17453474347229871e+02
5.17468704735222786e+02
5.17485637463711100e+02
5.17487790731085283e+02
5.17506476481768573e+02
5.17522605956748635e+02
5.17525847327860902e+02
5.17542734293240301e+02
5.17552866262210614e+02
5.17561550047741662e+02
5.17565440678535992e+02
5.17572667986992769e+02
5.17579261206996875e+02
5.17591271411250091e+02
5.17595619879634569e+02
5.17603579543915544e+02
5.17613358179500551e+02
5.17625957303736527e+02
5.17640912636063376e+02
5.17648003203300505e+02
5.17658788804238270e+02
5.19701918091093376e+02
5.19716227949204836e+02
5.19727539219368396e+02
5.19735000480664894e+02
5.19749700735018678e+02
5.19756399011201893e+02
5.19762835781619060e+02
5.19772066852493026e+02
5.19778378437071524e+02
5.19782574917903389e+02
5.19787834355108771e+02
5.19796499801330469e+02
5.19804065234819973e+02
5.19813235125345614e+02
5.19815671754786990e+02
5.19817083204825622e+02
5.19823042184299879e+02
5.19830443801651199e+02
5.19834438034086133e+02
5.19837197903062702e+02
5.19839682964724716e+02
5.19852037180312436e+02
5.19860373668544639e+02
5.19868746657200518e+02
5.19877374433067189e+02
5.19883378515529444e+02
5.19894405585696404e+02
5.19902212518006763e+02
5.19909355943145329e+02
5.19919737905853367e+02
5.19930328346930651e+02
5.19933275376474739e+02
5.19941984110230464e+02
5.19947075872794699e+02
5.19994451499913225e+02
5.28753955956957384e+02
5.28814537028302311e+02
5.28834784782298243e+02
5.28841769848187710e+02
5.28862936280820691e+02
5.28888170209967143e+02
5.28900566341986746e+02
5.28929204034691111e+02
5.28943228264449544e+02
5.28969294993963217e+02
5.28986370888183956e+02
5.47700803050519880e+02
5.47712919717595810e+02
5.47731942166420026e+02
5.47809662327680826e+02
5.47824734306985420e+02
5.47837393225175560e+02
5.47860558328804927e+02
5.58057638221030743e+02
5.58099336980286580e+02
5.58132562151429624e+02
5.61369932832737618e+02
5.61404754027405602e+02
5.61418711217890632e+02
5.61425799737895886e+02
5.61448883553974383e+02
5.61456614388528919e+02
5.61468085881663455e+02
5.61482782849526643e+02
5.61496195676552588e+02
5.61499710917191692e+02
5.61510816448757282e+02
5.61526575575154197e+02
5.61546548648552630e+02
5.61555252992187775e+02
5.61576050523654317e+02
5.61612859073963136e+02
5.61629924689421614e+02
5.66145538494643006e+02
5.66165213230041218e+02
5.66209999240126194e+02
5.66214760995100846e+02
5.66235539019863381e+02
5.66245840210812389e+02
5.66252601085731499e+02
5.66258781484142219e+02
5.66273682818767952e+02
5.66281731567356474e+02
5.66291724842623239e+02
5.66297503158656355e+02
5.66308090764555573e+02
5.66332672902767740e+02
5.66339508858444219e+02
5.66343821919861284e+02
5.66353992961578456e+02
5.66367601070619230e+02
5.66375184992660706e+02
5.66378126827366941e+02
5.66388079315537539e+02
5.66392443076882955e+02
5.66409781522006938e+02
5.66415016084740273e+02
5.66426369148598496e+02
5.66431720763950466e+02
5.66435078808325216e+02
5.66456962597959659e+02
5.66498377961924348e+02
5.71092656477425408e+02
5.71122447864324954e+02
5.71126790839629052e+02
5.71147548950802275e+02
5.71150930891303119e+02
5.71157424606685822e+02
5.71178663529955770e+02
5.71180888798588285e+02
5.71197081126822809e+02
5.71208720542924425e+02
5.71214588479708141e+02
5.71217932341541768e+02
5.71227531485119471e+02
5.71235037744906663e+02
5.71241019778646887e+02
5.71249368755141063e+02
5.71253553180702056e+02
5.71258793661443292e+02
5.71279595982013689e+02
5.71287863906963139e+02
5.71302382788079058e+02
5.71311978842648841e+02
5.71315249804008317e+02
5.71335760905489451e+02
5.71343422159212082e+02
5.71349195005997217e+02
5.71352840353720808e+02
5.71369553416903500e+02
5.71383039591252782e+02
5.71384190769246857e+02
5.71396412113766019e+02
5.71409152479568320e+02
5.71418066487027886e+02
5.71439173311536706e+02
5.71475616619789548e+02
5.71483483927689804e+02
5.71495926940178606e+02
5.75673324216454034e+02
5.75693599934127747e+02
5.75709089932930510e+02
5.75715204302526786e+02
5.75730627430800723e+02
5.75747656976080293e+02
5.75750341622602150e+02
5.75760775431679690e+02
5.75781518836791406e+02
5.75784643904020299e+02
5.75794267182165981e+02
5.75799819022380234e+02
5.75808491201011861e+02
5.75835571421770055e+02
5.75845250696030575e+02
5.75858299753511233e+02
5.75869858459303714e+02
5.75874921603333178e+02
5.75888294278518970e+02
5.75910846472589355e+02
5.75932733174790314e+02
5.75950023871377653e+02
5.75961590872432907e+02
5.94344696348739149e+02
5.94373251904946187e+02
5.94387513957011038e+02
5.94406755735347019e+02
5.94426214013601907e+02
5.94433039829787617e+02
5.94460599663066091e+02
5.94493882631053111e+02
5.94495244719345237e+02
5.94528527408583614e+02
5.94563386145458480e+02
5.94584749667345022e+02
5.94662606874516428e+02
6.17718493131449918e+02
6.17788506448028329e+02
6.17793385143634509e+02
6.17837028440075073e+02
6.17927250001152061e+02
6.17945888651033670e+02
6.17954772455844136e+02
6.18018315883759215e+02
6.18055628662216577e+02
6.23328396950062142e+02
6.23391397098517473e+02
6.23441704063093766e+02
6.23461011734652516e+02
6.23473306017206255e+02
6.23485868459185099e+02
6.23500499267283772e+02
6.23509649579803749e+02
6.23530937608063823e+02
6.23536824917941544e+02
6.23556184042625887e+02
6.23575451246401713e+02
6.23579193489088880e+02
6.23588770914343854e+02
6.23602435944716035e+02
6.23609797767306873e+02
6.23611109726843210e+02
6.23621114747221895e+02
6.23629633202791297e+02
6.23640880099262290e+02
6.23653895335192828e+02
6.23667068540020864e+02
6.23672943103194939e+02
6.23679634180920516e+02
6.23707723609107347e+02
6.23728713617612925e+02
6.23730926861073499e+02
6.23743769712452035e+02
6.23779566314442945e+02
6.23785432930444017e+02
6.23852986240997438e+02
6.24942492100970753e+02
6.24958229526859782e+02
6.24989290567239323e+02
6.25004070518357139e+02
6.25007559892884728e+02
6.25025368605423296e+02
6.25029538066027158e+02
6.25046097429894871e+02
6.25048822587935888e+02
6.25061143963009158e+02
6.25070817380662220e+02
6.25083064934005847e+02
6.25093372779276820e+02
6.25101853464787382e+02
6.25104273363329071e+02
6.25105723702959267e+02
6.25112707889788908e+02
6.25129478284047536e+02
6.25133366771631700e+02
6.25141226948062013e+02
6.25148736192548313e+02
6.25158522225890351e+02
6.25169683661422368e+02
6.25174661111094906e+02
6.25181093289500495e+02
6.25187902870020707e+02
6.25195647399167569e+02
6.25204259938047699e+02
6.25212267626478251e+02
6.25219008929592405e+02
6.25222209324448613e+02
6.25228827695232781e+02
6.25233388935043308e+02
6.25244724296456297e+02
6.25247262513152691e+02
6.25254778711369113e+02
6.25264398900752440e+02
6.25270833342730612e+02
6.25274379735170328e+02
6.25278947970168588e+02
6.25296242934288784e+02
6.25308619951478931e+02
6.25313137703760162e+02
6.25317332405224306e+02
6.25322865317479796e+02
6.25327350989806405e+02
6.25336867487256768e+02
6.25348635642985073e+02
6.25357295045430305e+02
6.25361920286374016e+02
6.25381037891253413e+02
6.25388588105983331e+02
6.25407159987090154e+02
6.25411750424010620e+02
6.25424066764115537e+02
6.25438161749311121e+02
6.25454868312084841e+02
6.25459712717121874e+02
6.32318133590017851e+02
6.32407816467562270e+02
6.32438131064866639e+02
6.32594852324536532e+02
6.32614253299339225e+02
6.36736091211620192e+02
6.36739224256309512e+02
6.36766052999550539e+02
6.36789996360415557e+02
6.36799012292854627e+02
6.36806433914648323e+02
6.36819610615313536e+02
6.36831234434364319e+02
6.36855110985792294e+02
6.36864379294279274e+02
6.36870031658662242e+02
6.36885010452459824e+02
6.36905972291175885e+02
6.36912119899608342e+02
6.36917345265689050e+02
6.36949400490168046e+02
6.36951262649579576e+02
6.36974445134563098e+02
6.36977863060647223e+02
6.37004888780754868e+02
6.37038797238598590e+02
6.37045609246638378e+02
6.37055660767220161e+02
6.37089879958917891e+02
6.37117004278737681e+02
6.38672524129299518e+02
6.63003027818108649e+02
6.63026754532270161e+02
6.63076439942245202e+02
6.63129250634634786e+02
6.63157941126820901e+02
6.63188291485057675e+02
6.63200909416931609e+02
6.63213269096412887e+02
6.63236913289489848e+02
6.63253302810282435e+02
6.63305519838601185e+02
6.63320443028679847e+02
6.63378285668003286e+02
6.63400551429770189e+02
6.63497149422987604e+02
6.81219035080676122e+02
6.81242764492242600e+02
6.81277078555207595e+02
6.81310089940350736e+02
6.81361590987405066e+02
6.81363567407655751e+02
6.81374837046956145e+02
6.81398929859651048e+02
6.81413862909991735e+02
6.81437766700652901e+02
6.81462418505514506e+02
6.81480636581653926e+02
6.81489847154622112e+02
6.81499426144763675e+02
6.81510097320825707e+02
6.81520566684798609e+02
6.81529184914929715e+02
6.81534050623360713e+02
6.81555542857575347e+02
6.81564316795334776e+02
6.81578671684511846e+02
6.81588303210586560e+02
6.81596377250575188e+02
6.81609879433537571e+02
6.81620563087705136e+02
6.81645731356220836e+02
6.81661296443151741e+02
6.81667497495877910e+02
6.81669850494665980e+02
6.81684134689863299e+02
6.81693690089913389e+02
6.81707882841477840e+02
6.81728593487041280e+02
6.81737452549042018e+02
6.81756695846385583e+02
6.81779640564829720e+02
6.81796080009530328e+02
6.81851546714519714e+02
6.81858339927537031e+02
6.81914085702507805e+02
6.81948749194413494e+02
6.83288414956964971e+02
6.83339744094191246e+02
6.83368154666383816e+02
6.83375816260729607e+02
6.83395256705012685e+02
6.83437526923688665e+02
6.83446172615451474e+02
6.83464948521800466e+02
6.83469044813205414e+02
6.83479332116021396e+02
6.83507252532295865e+02
6.83521135971462627e+02
6.83539899025478121e+02
6.83545536259575897e+02
6.83566469380697868e+02
6.83571053235482509e+02
6.83588578047192755e+02
6.83594330973153546e+02
6.83610351331248694e+02
6.83637970010663480e+02
6.83648702562355197e+02
6.83679197398976271e+02
6.83683549319144618e+02
6.83699149870647602e+02
6.83716594771829477e+02
6.83730668040361479e+02
6.83751228818233244e+02
6.83772078063796812e+02
6.83792015357237688e+02
6.83809766447949642e+02
6.83834401003762537e+02
6.83864792707624588e+02
6.83872381900198548e+02
6.91045164694104074e+02
6.91120278818746897e+02
6.91173519457364364e+02
6.91236921408545072e+02
6.91267911673209937e+02
6.91335161167443857e+02
6.91356033974622733e+02
6.91399572201304636e+02
6.91418063734034718e+02
6.91465540018180491e+02
6.91563469984877315e+02
6.91784420675785668e+02
6.91793209584198848e+02
6.91812822154213791e+02
6.91876801921345987e+02
6.91884804894555941e+02
6.91908708088303570e+02
6.91945397511669853e+02
6.91971767984452413e+02
6.91978948262159520e+02
6.91985183916925962e+02
6.92032567454166042e+02
6.92047485099757296e+02
6.92059996332071137e+02
6.92067625534290073e+02
6.92103969394045293e+02
6.92132176745569950e+02
6.92153153264751154e+02
6.92171650779159108e+02
6.92191600563519614e+02
6.92232854148954402e+02
6.92265101159375035e+02
7.00612610990732719e+02
7.00663243973795602e+02
7.00685018314694275e+02
7.00705826903883803e+02
7.00734960045096045e+02
7.00766099813977689e+02
7.00788420952529691e+02
7.00791864980788318e+02
7.00812490141929061e+02
7.00821213641473150e+02
7.00838521805318351e+02
7.00860358398857329e+02
7.00862529725787908e+02
7.00893321991432117e+02
7.00916479900312538e+02
7.00924869217139531e+02
7.00941058174754403e+02
7.00953245864652217e+02
7.00970015793134507e+02
7.00982875119338132e+02
7.01003131727026926e+02
7.01016787981879133e+02
7.01038013068172518e+02
7.01044918960287532e+02
7.01071336332850819e+02
7.01117585352097649e+02
7.01131660458270858e+02
7.10123644816688966e+02
7.10158504645433027e+02
7.10272106081980155e+02
7.10334238298475952e+02
7.10385865445010836e+02
7.10442400441836639e+02
7.10621403793874720e+02
7.20645597894422167e+02
7.20814770012370559e+02
7.20890815375091847e+02
7.34927906394928868e+02
7.34974778207144254e+02
7.35031051592053814e+02
7.35038979167917091e+02
7.35064998183284956e+02
7.35082246572552435e+02
7.35107172994843495e+02
7.35125723923849478e+02
7.35136287376361452e+02
7.35212605077171020e+02
7.35245792469417779e+02
7.35283638824354966e+02
7.35329528245430311e+02
7.35345990343958761e+02
7.35368864839692719e+02
7.35419865115476568e+02
7.35479841602597389e+02
7.40035451811601888e+02
7.40088830469009281e+02
7.40130944223553684e+02
7.40169889105681023e+02
7.40199100381584913e+02
7.40212253520240210e+02
7.40224412363303031e+02
7.40248300732884218e+02
7.40266101997391161e+02
7.40282758758433943e+02
7.40304232834258869e+02
7.40326402359496115e+02
7.40336717257105306e+02
7.40344790159830495e+02
7.40349434028588007e+02
7.40369430444397722e+02
7.40400795512081686e+02
7.40412391849414803e+02
7.40425363022304623e+02
7.40442944063877462e+02
7.40447257843711554e+02
7.40479587129747983e+02
7.40497473615190415e+02
7.40511039254303455e+02
7.40519384920778407e+02
7.40541081548362627e+02
7.40570071993408192e+02
7.40605752709360104e+02
7.40610981174273434e+02
7.40643540565983926e+02
7.40671988385868190e+02
7.40692035426737561e+02
7.40698148152470367e+02
7.40721557202098552e+02
7.40750205106270641e+02
7.40750871207357477e+02
7.40792044823609217e+02
7.40805520304173342e+02
7.40837420586936446e+02
7.40841344169957324e+02
7.40858057739406263e+02
7.40897855703141772e+02
7.40916904160211743e+02
7.45810356824251812e+02
7.45977910939000026e+02
7.45981942541947092e+02
7.46014835752500062e+02
7.46057494428756172e+02
7.46093022055613005e+02
7.46098789636832294e+02
7.46129461082684657e+02
7.46139136444207793e+02
7.46163724117447828e+02
7.46176840974399170e+02
7.46195063487040443e+02
7.46214161488976060e+02
7.46241262985211847e+02
7.46265451545757287e+02
7.46268933073803169e+02
7.46296521260721875e+02
7.46309278335666704e+02
7.46327618297729487e+02
7.46346984215406110e+02
7.46364025168555600e+02
7.46382674307037973e+02
7.46400220510425356e+02
7.46416976185411727e+02
7.46454054641965627e+02
7.46459505634162156e+02
7.46478822675888409e+02
7.46488420460399425e+02
7.46502303366036699e+02
7.46531054614308459e+02
7.46563998579851614e+02
7.46572397671864906e+02
7.46594873973852600e+02
7.46613368389587208e+02
7.46665169246067990e+02
7.61488049363003711e+02
7.61578651699238890e+02
7.61598288922823599e+02
7.61630116339259644e+02
7.61657088067071527e+02
7.61701534377518897e+02
7.61718287628021358e+02
7.61761540669614988e+02
7.61790302042619260e+02
7.61822522227974332e+02
7.61837711566077360e+02
7.61854482480783986e+02
7.61887489105789882e+02
7.61902427068670022e+02
7.61942509013029394e+02
7.61954864627328220e+02
7.61972077119564915e+02
7.61987694919114347e+02
7.62040077436340539e+02
7.62049875911471418e+02
7.62114522630694296e+02
7.62167040078898481e+02
7.62188546785386961e+02
7.67441366641186846e+02
7.67455088435251582e+02
7.67478300160748063e+02
7.67540845961511650e+02
7.67560756736101780e+02
7.67567753989509129e+02
7.67595535376557564e+02
7.67616109617715097e+02
7.67623870859520935e+02
7.67637728346403833e+02
7.67680815659485120e+02
7.67710001767490553e+02
7.67718513634913279e+02
7.67746029876758371e+02
7.67761827509937802e+02
7.67775514355103383e+02
7.67791118851977785e+02
7.67816242273781882e+02
7.67831884600302601e+02
7.67841662044750251e+02
7.67853357542387357e+02
7.67871663646156890e+02
7.67881238468364359e+02
7.67894941947637108e+02
7.67919306494770012e+02
7.67952633610651560e+02
7.67961744599012604e+02
7.67995483906082427e+02
7.67997698955962392e+02
7.68015542700616038e+02
7.68072135592328209e+02
7.68080234029050416e+02
7.68123814907831616e+02
7.68137043391108932e+02
7.68162821022238973e+02
7.68197089057205403e+02
7.68244024111201270e+02
7.68259476137248384e+02
7.68327640008327421e+02
7.68374899049707096e+02
7.68453505063666285e+02
7.68504801484483664e+02
7.91326951085676114e+02
7.91445679134216675e+02
7.91506868691057434e+02
7.91576486027000442e+02
7.91650507049301268e+02
7.91736653476300717e+02
7.91774646270290873e+02
7.91878723807496044e+02
7.91980837635031662e+02
8.01387091914813368e+02
8.01475266444504541e+02
8.01517297614877407e+02
8.01540863803144816e+02
8.01560288787787385e+02
8.01613986574689534e+02
8.01623251666231226e+02
8.01645916639518077e+02
8.01666300042716898e+02
8.01698171402389107e+02
8.01725717006227910e+02
8.01745684905242342e+02
8.01791362026251022e+02
8.01802977377792558e+02
8.01831387293565285e+02
8.01843868311265851e+02
8.01862918637144048e+02
8.01875691197338483e+02
8.01890109789731696e+02
8.01907451123164037e+02
8.01913618218732722e+02
8.01956724660691748e+02
8.01980277545618264e+02
8.01991957791729419e+02
8.02014357211025640e+02
8.02035863340381411e+02
8.02056623384926638e+02
8.02078875808444309e+02
8.02092041267757168e+02
8.02108393396991005e+02
8.02131958863829368e+02
8.02142304679163999e+02
8.02157887422959334e+02
8.02198491092612585e+02
8.02206996438293345e+02
8.02240019470734978e+02
8.02252488966964506e+02
8.02266208323609135e+02
8.02315913361440494e+02
8.02329244131688256e+02
8.02341575771349653e+02
8.02395982440339253e+02
8.02483258858307863e+02
8.02514024437145963e+02
8.02545942281930934e+02
8.06145731409990958e+02
8.06234298796351823e+02
8.06340232804631114e+02
8.06500505007722722e+02
8.06625969858181747e+02
8.09995831224439030e+02
8.10049379501882981e+02
8.10076237156549382e+02
8.10153538112326032e+02
8.10224185585885266e+02
8.10255255256532223e+02
8.10316962403246180e+02
8.10349569042724966e+02
8.10376742733813785e+02
8.10409582591958269e+02
8.10422579809501826e+02
8.10492123911306180e+02
8.10503044295955533e+02
8.10574614176171849e+02
8.10609605516747706e+02
8.10623278633595419e+02
8.10682163505891140e+02
8.10727767273414884e+02
8.10734690572042268e+02
8.11148508800903073e+02
8.11370369456298135e+02
8.11416972972703775e+02
8.11443548142097029e+02
8.11447587936891864e+02
8.11459834354876193e+02
8.11514411638528713e+02
8.11538618990384634e+02
8.11561015402868065e+02
8.11583490653481022e+02
8.11632068234711141e+02
8.11650336411653370e+02
8.11669183035506194e+02
8.11701912609875762e+02
8.11720092677796629e+02
8.11749910487595685e+02
8.11784016282233438e+02
8.11789117130140539e+02
8.11800801972533918e+02
8.11834880888855196e+02
8.11855526537692640e+02
8.11887012654216164e+02
8.11901275602041437e+02
8.11917902808075382e+02
8.11938113910911852e+02
8.11949484139398010e+02
8.11982206281723393e+02
8.11990583188433902e+02
8.12025115092554756e+02
8.12064848367715285e+02
8.12082416830915577e+02
8.12090969292225395e+02
8.12113998370833542e+02
8.12150557230085838e+02
8.12167220273942576e+02
8.12201502799966875e+02
8.12380179192102673e+02
8.12632902771611839e+02
8.34407180332435587e+02
8.34450269875933600e+02
8.34498283400765445e+02
8.34519571043854626e+02
8.34559843848828791e+02
8.34601588506967914e+02
8.34626586162855460e+02
8.34640530478654796e+02
8.34692304148771882e+02
8.34735755336678039e+02
8.34781059329757454e+02
8.34797152350654869e+02
8.34833455257420837e+02
8.34843314296302196e+02
8.34865616530583793e+02
8.34911380512494588e+02
8.34929116177523838e+02
8.34971182583926748e+02
8.35023479764729586e+02
8.35067742657318149e+02
8.35084236250971458e+02
8.35095419156734124e+02
8.35131265464150147e+02
8.35186055575678552e+02
8.35245096290474180e+02
8.37092920731465483e+02
8.37234242710498052e+02
8.37309608713442458e+02
8.37356971258259591e+02
8.37388258184696269e+02
8.37405597950585275e+02
8.37437275387388354e+02
8.37476209938932584e+02
8.37492889742349575e+02
8.37501420592447516e+02
8.37539164942913203e+02
8.37572856668568647e+02
8.37578299677925543e+02
8.37628383716319831e+02
8.37646963786398260e+02
8.37692681708257055e+02
8.37696440467620391e+02
8.37726002532870098e+02
8.37758765095410354e+02
8.37779810961244266e+02
8.37790443434352824e+02
8.37836311879503000e+02
8.37889968419125694e+02
8.37920541548988012e+02
8.37955654016826088e+02
8.37997943391009017e+02
8.38021378201585549e+02
8.38043360449090642e+02
8.38061998916222706e+02
8.38118038356218108e+02
8.38171230705477797e+02
8.47829673176619963e+02
8.47916220537294976e+02
8.48009728975179428e+02
8.48064430413354330e+02
8.48134554771691114e+02
8.48224526656143212e+02
8.48240431892196852e+02
8.48335163378170478e+02
8.48362409374756453e+02
8.48452877619093101e+02
8.48496482656698049e+02
8.48578129284247439e+02
8.48600913925699388e+02
8.48635778501341406e+02
8.48792298286301047e+02
8.65338990293568713e+02
8.65483122044649349e+02
8.65514209959133950e+02
8.65553967717282603e+02
8.65598197151069826e+02
8.65630920655888758e+02
8.65638287748354060e+02
8.65649833206734343e+02
8.65691062809258142e+02
8.65698508266234285e+02
8.65735867949575322e+02
8.65767951694268618e+02
8.65794063436061151e+02
8.65818167275822361e+02
8.65838663082293806e+02
8.65858118503543665e+02
8.65902951117306543e+02
8.65912758910182220e+02
8.65922727111843187e+02
8.65930653023218269e+02
8.65963935487050662e+02
8.66013962501754008e+02
8.66026371042815185e+02
8.66060328795298915e+02
8.66080435102232286e+02
8.66093978537120961e+02
8.66119884168177805e+02
8.66155187249715937e+02
8.66158272920278478e+02
8.66179301566745607e+02
8.66214616242953525e+02
8.66231352103034169e+02
8.66246383900361366e+02
8.66264918820640901e+02
8.66310602051376918e+02
8.66326383073372426e+02
8.66374277560016822e+02
8.66385607163609279e+02
8.66419427975133885e+02
8.66489129175894846e+02
8.66504473175360772e+02
8.66541880311114255e+02
8.66558079418889747e+02
8.66664131542089535e+02
8.66673702525465387e+02
8.66699758118547607e+02
8.66789937973640008e+02
8.75970817473359944e+02
8.76177393173690007e+02
8.76256040685356083e+02
8.76365082583436219e+02
8.76419692524583070e+02
8.76538496089521118e+02
8.76576741208124531e+02
8.76660955389713763e+02
8.76820030435759008e+02
8.76889641976698272e+02
8.77049046242094391e+02
8.79313178328141248e+02
8.79557396451364070e+02
8.79584310012851574e+02
8.79622692139217520e+02
8.79672906179342931e+02
8.79687030463632595e+02
8.79734501614360852e+02
8.79774175396299256e+02
8.79799680986703379e+02
8.79853842670168206e+02
8.79866313641649526e+02
8.79891039924532265e+02
8.79909307143088199e+02
8.79916445797818824e+02
8.79962903868214653e+02
8.80002017533599201e+02
8.80015471061824314e+02
8.80044815947319421e+02
8.80069431479900686e+02
8.80102293806199100e+02
8.80130787591212425e+02
8.80173980950185864e+02
8.80203075021453287e+02
8.80212268904248276e+02
8.80252067869434882e+02
8.80286398159238843e+02
8.80301986336355185e+02
8.80319126503212260e+02
8.80373438900821043e+02
8.80413306865997811e+02
8.80445750183041241e+02
8.80477793270510347e+02
8.80509506201683962e+02
8.80543705213126145e+02
8.80594035826580239e+02
8.80625182986490927e+02
8.80658682439732161e+02
8.80724246354876414e+02
8.80788066174326786e+02
8.88421565125968073e+02
8.88510990785128342e+02
8.88566521409973689e+02
8.88633054619904328e+02
8.88636358588376311e+02
8.88733035629255141e+02
8.88771707640657610e+02
8.88807836442606799e+02
8.88863995824310223e+02
8.88912805355697856e+02
8.88946716583090165e+02
8.88994540634949658e+02
8.89048473397328621e+02
8.89068500264902468e+02
8.89123727789228155e+02
8.89158023982102804e+02
8.89206475511778422e+02
8.89241762487016899e+02
8.89281664476843389e+02
8.89368071693690808e+02
8.89472508826625585e+02
8.95334471125659888e+02
8.95509971281176490e+02
8.95599132869503592e+02
8.95657294476418315e+02
8.95775191979343845e+02
8.95984241875080670e+02
8.96271240755174517e+02
9.06028618826100228e+02
9.06249928120040181e+02
9.06644860765902536e+02
9.09743319442757638e+02
9.09882039274964654e+02
9.09954365559956386e+02
9.10056143825593267e+02
9.10069215147054706e+02
9.10084863810379034e+02
9.10135490956681338e+02
9.10164028162044929e+02
9.10189380007262230e+02
9.10235214863608917e+02
9.10252934332742143e+02
9.10276563007597815e+02
9.10318675497306458e+02
9.10360751093369458e+02
9.10377381102930030e+02
9.10390895382957865e+02
9.10413929599021230e+02
9.10437344109191372e+02
9.10469524206863071e+02
9.10510965470847282e+02
9.10535643973703259e+02
9.10572463635331133e+02
9.10582703979342682e+02
9.10600078649048783e+02
9.10623634562286611e+02
9.10646151416646603e+02
9.10649423076211747e+02
9.10682701609558649e+02
9.10719927087596943e+02
9.10720751002877023e+02
9.10748960600039482e+02
9.10772768315231247e+02
9.10803309418324716e+02
9.10814150621501426e+02
9.10818056854412362e+02
9.10879206732865214e+02
9.10914976086223760e+02
9.10935118541863176e+02
9.10954855111545157e+02
9.10976808482370075e+02
9.11014533712174739e+02
9.11050846710910946e+02
9.11062436952728831e+02
9.11077416650702617e+02
9.11141653339171512e+02
9.11183126312181798e+02
9.11196296128440167e+02
9.11243535805836586e+02
9.11269065326656460e+02
9.11309301513936703e+02
9.11337714858937943e+02
9.11367737160404658e+02
9.11375129453227373e+02
9.11465081678966499e+02
9.11557147704119984e+02
9.11586214458406062e+02
9.11653446739718220e+02
9.11710660038178275e+02
9.11727379260173166e+02
9.11838351028888269e+02
9.31281277602787213e+02
9.31440014265107948e+02
9.31530363196384542e+02
9.31643859746698240e+02
9.31699563868143969e+02
9.31793362923352902e+02
9.31831448975171043e+02
9.31870311671396166e+02
9.31922521900206561e+02
9.31966846965903414e+02
9.31985535392945280e+02
9.32029290181224155e+02
9.32060012581922820e+02
9.32064940208304620e+02
9.32125458636891949e+02
9.32144603764401381e+02
9.32155134016169882e+02
9.32190479985320394e+02
9.32209528465661720e+02
9.32221054695699308e+02
9.32248227835053285e+02
9.32274877032281211e+02
9.32288495113395015e+02
9.32322840002542421e+02
9.32331751813384699e+02
9.32360879752891265e+02
9.32384491519759194e+02
9.32413563459980878e+02
9.32449211887266415e+02
9.32484796088843950e+02
9.32516662882603214e+02
9.32523196949717772e+02
9.32549990714663750e+02
9.32593089103808438e+02
9.32628498602961486e+02
9.32634033505089860e+02
9.32658032581984003e+02
9.32676374908736534e+02
9.32694564254620332e+02
9.32741987089294071e+02
9.32763826669171863e+02
9.32808750535037575e+02
9.32877585857851273e+02
9.32887843523382912e+02
9.32898425983829043e+02
9.32922954284114780e+02
9.32965913293599215e+02
9.33021735917598107e+02
9.33036816887972236e+02
9.33057639031345502e+02
9.33110886391985787e+02
9.33128932035745493e+02
9.33167798617784797e+02
9.33205408662992681e+02
9.33245246565605839e+02
9.33255232301169144e+02
9.33350076647483888e+02
9.33395869662680525e+02
9.33417829314757682e+02
9.33461063798252781e+02
9.33465790388828623e+02
9.33482125831154463e+02
9.33522142276669342e+02
9.33557479164080632e+02
9.33666909308546110e+02
9.33738316072173347e+02
9.50399520705864575e+02
9.50526189695508947e+02
9.50641996931634253e+02
9.50677765306346487e+02
9.50710513629499587e+02
9.50798322000284202e+02
9.50817257066715342e+02
9.50883133482226981e+02
9.50890914257884560e+02
9.50971003542139670e+02
9.50990905650559625e+02
9.51021215969395939e+02
9.51052189533052456e+02
9.51068053400343160e+02
9.51096847662597838e+02
9.51113987901240762e+02
9.51180240755740783e+02
9.51208584350243768e+02
9.51249666049264079e+02
9.51254981073363410e+02
9.51292967359222416e+02
9.51361764457624417e+02
9.51385215517908023e+02
9.51411739568812663e+02
9.51417221247822908e+02
9.51427500484459870e+02
9.51475967447789344e+02
9.51511496267714620e+02
9.51571773496288301e+02
9.51620982778730536e+02
9.51684917658771269e+02
9.51708032954248324e+02
9.51796960113534738e+02
9.51847559516563592e+02
9.51868752718562973e+02
9.51926456290790270e+02
9.51937728133890460e+02
9.52016299738482303e+02
9.52059441006871225e+02
9.52087120919586710e+02
9.52150529329583378e+02
9.64322153383277850e+02
9.64483652045250551e+02
9.64610886441102934e+02
9.64755555223129704e+02
9.64846398991348110e+02
9.64946403903043802e+02
9.65060746005993792e+02
9.65125082529714859e+02
9.65194019431943957e+02
9.65321826006796073e+02
9.65419806821836573e+02
9.65582791156305916e+02
9.65753019746067139e+02
9.70161995380085045e+02
9.70179797917359792e+02
9.70268595710424506e+02
9.70329294118787288e+02
9.70493556043796843e+02
9.70543029009028601e+02
9.70588372845712115e+02
9.70624059116462377e+02
9.70676304374732467e+02
9.70789749396204570e+02
9.70826770378289893e+02
9.70892780499277478e+02
9.70947271507458822e+02
9.70979294059129643e+02
9.71037475239179116e+02
9.71084805518500730e+02
9.71154917603828267e+02
9.71174896180954534e+02
9.71240655171211415e+02
9.71320627493462894e+02
9.71364223350072734e+02
9.71491134077323068e+02
9.71593161370504276e+02
9.85622026585991762e+02
9.85676281502452071e+02
9.85807524441236637e+02
9.85934629463265424e+02
9.85968971517400405e+02
9.86021628337854963e+02
9.86071232695425692e+02
9.86128532214363986e+02
9.86211059161496451e+02
9.86225917885089302e+02
9.86245782758329824e+02
9.86278953251166854e+02
9.86324957741605999e+02
9.86344114353439522e+02
9.86414774098853627e+02
9.86434984363574245e+02
9.86469993929698489e+02
9.86513779918361138e+02
9.86574375035366074e+02
9.86584682743108942e+02
9.86600801472063267e+02
9.86734873529998936e+02
9.86742557371811358e+02
9.86781466491683773e+02
9.86818076898146046e+02
9.86850958753028522e+02
9.86895740076750030e+02
9.86936076259784386e+02
9.86953977766606613e+02
9.87053952445553932e+02
9.87090407026199046e+02
9.87118523490886673e+02
9.87221493754548305e+02
9.87319209337296911e+02
9.87338591694520233e+02
9.88223808086843746e+02
9.88369935956125914e+02
9.88397117692071220e+02
9.88640025222574764e+02
9.88746629755095455e+02
9.88994649583762680e+02
9.89140078139814591e+02
9.89302368927430393e+02
9.89457127915089359e+02
9.89750021077081556e+02
9.89780864446814803e+02
9.89880490356673022e+02
9.90058224617279848e+02
9.90079913543622979e+02
9.90157788231019936e+02
9.90172610841444452e+02
9.90188947592290106e+02
9.90243148679257160e+02
9.90275462081975547e+02
9.90311449479920043e+02
9.90326287134315635e+02
9.90362477035493043e+02
9.90458718907211846e+02
9.90485150329700332e+02
9.90565881701407989e+02
9.90635891426467992e+02
9.90652221622111142e+02
9.90694759066668894e+02
9.90729495066005825e+02
9.90803625379268055e+02
9.90852148226846566e+02
9.90940938057986955e+02
9.90984684537597900e+02
9.91041318049612869e+02
9.91074169961569282e+02
9.91139628478256782e+02
9.91234864952850216e+02
9.91351423644737565e+02
1.00111780048314802e+03
1.00123123306127070e+03
1.00130255897021732e+03
1.00138381559435970e+03
1.00145721638327416e+03
1.00147243901163370e+03
1.00153824357049905e+03
1.00156715593753881e+03
1.00163287031881271e+03
1.00166228960202181e+03
1.00169402370735702e+03
1.00174445892267136e+03
1.00181272904442449e+03
1.00181884899600334e+03
1.00189079846630568e+03
1.00192944409918141e+03
1.00195309052029688e+03
1.00199918457464696e+03
1.00203084741501107e+03
1.00203693229967564e+03
1.00206944880363164e+03
1.00212413592780172e+03
1.00215627568616389e+03
1.00218713538196084e+03
1.00223417693861461e+03
1.00226268321450141e+03
1.00229215983023221e+03
1.00232311321885777e+03
1.00233301536564863e+03
1.00237840705898259e+03
1.00245089411986464e+03
1.00250496567986283e+03
1.00252348502172276e+03
1.00254885558167405e+03
1.00255831653327607e+03
1.00264546241384676e+03
1.00267605197981675e+03
1.00270707127951084e+03
1.00271695364376524e+03
1.00278373598350106e+03
1.00285762259034107e+03
1.00286911919525210e+03
1.00294879002943060e+03
1.00297293349169729e+03
1.00302711301751560e+03
1.00308099247154246e+03
1.00310681625183656e+03
1.00311593075799669e+03
1.00317365629119331e+03
1.00322487943957844e+03
1.00334699646449405e+03
1.00340068003124031e+03
1.00348511826808317e+03
1.00375227351312469e+03
1.00399364061017957e+03
1.00425398908605155e+03
1.00998429817089550e+03
