1.0008263167976830e+02
1.0029194145857797e+02
1.0049712238941026e+02
1.0063786514784198e+02
1.0117955818706983e+02
1.0163888446438546e+02
1.0172652499046808e+02
1.0195396731787508e+02
1.0236610521400695e+02
1.0273360584990358e+02
1.0308379548711665e+02
1.0321429745765647e+02
1.0429830148126619e+02
1.0440094177402810e+02
1.0445267626700564e+02
1.0530358754770452e+02
1.0540036738924525e+02
1.0634687638109862e+02
1.0670105749071378e+02
1.0676465898796327e+02
1.0677803797404529e+02
1.0719660520159174e+02
1.0745688236405469e+02
1.0756391139548789e+02
1.0784532258159096e+02
1.0786700355196081e+02
1.0848958337723055e+02
1.0919036417016679e+02
1.0951389662779378e+02
1.0989537745592003e+02
1.1004511221534396e+02
1.1007177667720981e+02
1.1034015349574169e+02
1.1190523132901792e+02
1.1197122033573508e+02
1.1199310310976286e+02
1.1219214028728000e+02
