9.0325107547482446e+01
9.1284957785653035e+01
9.1759679331309741e+01
9.1815173873999825e+01
9.1880058554812891e+01
9.2119865993488304e+01
9.2408502036139822e+01
9.2595676059078016e+01
9.3759012919596572e+01
9.4208036702859246e+01
9.4863803373212093e+01
9.5046553991392017e+01
9.5200017617665566e+01
9.5259994723207640e+01
9.5371783592366043e+01
9.5580250233652507e+01
9.5613889981151900e+01
9.5964397454538272e+01
9.6247082884947432e+01
9.6317990699014771e+01
9.6903866152358901e+01
9.7017524579843638e+01
9.7172917901440400e+01
9.7523115644565195e+01
9.7617289571367181e+01
9.7807045172942608e+01
9.8939661772910725e+01
9.9158637223916813e+01
1.0008263238165902e+02
1.0029194197984438e+02
1.0049712108557542e+02
1.0063786567931997e+02
1.0117956105827230e+02
1.0163888531179711e+02
1.0172652303830290e+02
1.0195396712244828e+02
