9.87179695685527925e+00
2.01952186229056458e+01
2.01952225541909947e+01
2.01952356827591863e+01
3.32248901079519641e+01
3.32248921412554452e+01
3.32248982084278381e+01
3.32249048189042995e+01
3.32249254028134189e+01
3.94873029568752543e+01
4.88422108704818569e+01
4.88422202444559304e+01
4.88422364674938336e+01
4.88422475008818537e+01
4.88422491832544026e+01
4.88422547107691472e+01
4.88422859322189353e+01
5.96931567256147346e+01
5.96931679333127647e+01
5.96932070532969448e+01
6.69696586726017671e+01
6.69696780107927339e+01
6.69696823266737624e+01
6.69697000858985376e+01
6.69697182936770048e+01
6.69697333117233597e+01
6.69697402317950292e+01
6.69697521124327579e+01
6.69697722527256047e+01
8.27386462705475623e+01
8.27386533089980105e+01
8.27386658194294284e+01
8.27386830427569322e+01
8.27387350300263194e+01
8.75517737504961104e+01
8.75517829288637870e+01
8.75517943192135988e+01
8.75518191336435478e+01
8.75518451141125240e+01
8.75518648179933763e+01
8.75518715411404713e+01
8.75518881518009380e+01
8.75519031290330076e+01
8.75519198453891931e+01
8.75519629316733727e+01
8.88475213503964625e+01
1.08542796227282935e+02
1.08542812200012207e+02
1.08542851794053192e+02
1.08542871784814650e+02
1.08542872673419396e+02
1.08542897880378788e+02
1.08542961162986259e+02
1.10546516715827579e+02
1.10546546253085936e+02
1.10546573261543699e+02
1.10546621276234390e+02
1.10546638428497559e+02
1.10546660442794732e+02
1.10546673556625237e+02
1.10546700142496306e+02
1.10546705967275230e+02
1.10546734138821037e+02
1.10546745181027816e+02
1.10546770572754852e+02
1.10546808917991555e+02
1.18929470621964470e+02
1.18929477007928767e+02
1.18929556255061613e+02
1.35920902616557413e+02
1.35920934156698706e+02
1.35920954303452817e+02
1.35920987317615499e+02
1.35921005547247660e+02
1.35921017584989471e+02
1.35921027920204608e+02
1.35921079323194533e+02
1.35921092338115358e+02
1.35921113241369824e+02
1.35921143918848401e+02
1.35921167765216239e+02
1.35921192184747838e+02
1.35921204483250619e+02
1.35921276371151521e+02
1.37039982055870013e+02
1.37039999587087550e+02
1.37040027555573630e+02
1.37040053460596937e+02
1.37040096272901991e+02
1.37040115738475180e+02
1.37040142849791351e+02
1.37040172342390321e+02
1.37040216066326991e+02
1.51895186841603589e+02
1.51895244430638883e+02
1.51895247764478484e+02
1.51895296876114429e+02
1.51895379787549928e+02
1.57956296238498226e+02
1.63648041019958328e+02
1.63648060061389742e+02
1.63648105709126668e+02
1.63648159425010306e+02
1.63648166317856720e+02
1.63648217986826523e+02
1.63648231777857887e+02
1.63648244790148283e+02
1.63648287431625079e+02
1.63648311978284170e+02
1.63648321599246458e+02
1.63648337875931446e+02
1.63648360397403536e+02
1.63648388134112253e+02
1.63648408361183499e+02
1.63648536033160269e+02
1.63648556657046953e+02
1.68176899996926949e+02
1.68176921756137006e+02
1.68176958079472996e+02
1.68177008608332471e+02
1.68177057160182670e+02
1.68177091716122675e+02
1.68177113632450727e+02
1.68177129250815341e+02
1.68177172351394859e+02
1.68177225060326293e+02
1.68177297515041715e+02
1.87689803957731755e+02
1.87689898663749887e+02
1.87689948660046412e+02
1.87690001886697416e+02
1.87690023183361518e+02
1.87690096133696585e+02
1.87690184841280285e+02
1.93705777273223021e+02
1.93705873119488643e+02
1.93705943925040486e+02
1.93705966950114885e+02
1.93706001890821824e+02
1.93706028089570367e+02
1.93706040825329950e+02
1.93706071132233717e+02
1.93706098708150023e+02
1.93706127939074662e+02
1.93706163359682023e+02
1.93706205286163481e+02
1.93706214013570474e+02
1.93706223982670252e+02
1.93706263444858592e+02
1.93706311969925764e+02
1.93706367593335642e+02
1.93706401951183040e+02
1.93706477712995650e+02
1.97916438366255278e+02
1.97916486925867105e+02
1.97916605572525640e+02
2.01909704206910931e+02
2.01909797206915869e+02
2.01909863903835287e+02
2.01909912357479925e+02
2.01909974634479795e+02
2.01910015956925747e+02
2.01910030326180845e+02
2.01910080557911328e+02
2.01910110141888708e+02
2.01910149404609598e+02
2.01910193954780368e+02
2.01910261884353702e+02
2.01910298069211962e+02
2.26075669056930508e+02
2.26075684265554059e+02
2.26075751559809135e+02
2.26075807728810446e+02
2.26075827717589334e+02
2.26075905824268773e+02
2.26075921500376836e+02
2.26075945392950132e+02
2.26075970640015015e+02
2.26076006311896663e+02
2.26076039886134936e+02
2.26076069324529385e+02
2.26076123612752326e+02
2.26076147945131538e+02
2.26076193647759311e+02
2.26076199000116048e+02
2.26076234437842373e+02
2.26076309395374750e+02
2.26076370961437391e+02
2.26076415695963249e+02
2.26076503587828142e+02
2.26263203110652000e+02
2.26263264654775583e+02
2.26263312238757209e+02
2.26263397109549373e+02
2.26263455337070809e+02
2.26263489851493404e+02
2.26263597907113081e+02
2.26263627982546183e+02
2.26263686349729625e+02
2.38202025896179350e+02
2.38202110622349153e+02
2.38202156619254993e+02
2.38202178762039097e+02
2.38202227134657960e+02
2.38202271278820689e+02
2.38202316067018899e+02
2.38202428533632087e+02
2.38202466536003499e+02
2.38202486711610959e+02
2.38202541137203355e+02
2.38202594992187073e+02
2.38202688079024199e+02
2.38202704216064490e+02
2.38202845471794774e+02
2.40782541952337709e+02
2.40782630182547024e+02
2.40782710234082231e+02
2.40782762034127956e+02
2.40783023407684709e+02
2.46823408674462343e+02
2.60741675523324602e+02
2.60741811377833642e+02
2.60741852098441200e+02
2.60741945836823959e+02
2.60742008430977592e+02
2.60742017493030460e+02
2.60742054339791878e+02
2.60742142354495172e+02
2.60742147785582517e+02
2.60742171246027226e+02
2.60742182086794969e+02
2.60742243978852457e+02
2.60742303293737280e+02
2.60742317179943029e+02
2.60742342593154319e+02
2.60742444255338853e+02
2.60742458431452349e+02
2.60742486496509571e+02
2.60742526838984134e+02
2.60742601415117861e+02
2.60742679169334110e+02
2.60742768967718234e+02
2.60742871745505283e+02
2.67571180232489837e+02
2.67571236305177536e+02
2.67571342185851790e+02
2.67571422841906383e+02
2.67571498704126270e+02
2.67571533596136589e+02
2.67571613966178688e+02
2.67571657381833859e+02
2.67571755682958042e+02
2.67571822626402138e+02
2.67572108525714270e+02
2.77022804849772626e+02
2.77022911759205726e+02
2.77022953151964884e+02
2.77023014364405981e+02
2.77023097297598326e+02
2.77023150517466945e+02
2.77023288852524843e+02
2.77023320612350460e+02
2.77023330427555379e+02
2.77023396434924052e+02
2.77023430406898456e+02
2.77023504830976833e+02
2.77023613754122835e+02
2.77023666330193464e+02
2.77023685324612359e+02
2.77023867054269033e+02
2.77023941938246878e+02
2.86516334559419704e+02
2.86516473290904685e+02
2.86516531144841053e+02
2.86516662002457338e+02
2.86516809890891864e+02
2.86516923054739777e+02
2.86517062566329059e+02
2.96669294466753058e+02
2.96669544609078457e+02
2.96669649769409546e+02
2.97690477416600800e+02
2.97690662177319666e+02
2.97690792248100081e+02
2.97690880036978911e+02
2.97690922082200984e+02
2.97690958918989850e+02
2.97690979679505006e+02
2.97691071321522486e+02
2.97691107633833838e+02
2.97691145556554943e+02
2.97691158882020545e+02
2.97691216826660252e+02
2.97691322880867915e+02
2.97691358711988698e+02
2.97691395088881450e+02
2.97691430264835333e+02
2.97691478389456563e+02
2.97691524501730555e+02
2.97691583232268215e+02
2.97691620867911070e+02
2.97691699249108240e+02
2.97691765543940676e+02
2.97691876176116921e+02
2.97691887343775306e+02
2.97692104372112169e+02
3.11575397210178437e+02
3.11575610212794743e+02
3.11575672563463286e+02
3.11575796181600595e+02
3.11575937938369520e+02
3.11576021015385493e+02
3.11576126848754654e+02
3.11576183192380824e+02
3.11576348605924522e+02
3.11576355203162677e+02
3.11576385588177970e+02
3.11576532129168413e+02
3.11576665374504728e+02
3.18345674323084381e+02
3.18345935385256098e+02
3.18346078303181230e+02
3.18346180048253302e+02
3.18346323173776511e+02
3.18346361618068556e+02
3.18346388792355526e+02
3.18346533009638051e+02
3.18346582565478798e+02
3.18346616787794687e+02
3.18346685363244035e+02
3.18346765863930841e+02
3.18346790357254690e+02
3.18346869613001331e+02
3.18346878583182558e+02
3.18346977751431609e+02
3.18347055269952762e+02
3.18347147700176720e+02
3.18347363757401240e+02
3.35079866008216129e+02
3.35079975206538336e+02
3.35080145519030737e+02
3.35080238110509072e+02
3.35080389871744330e+02
3.35080477179449474e+02
3.35080755482929476e+02
3.35080938479340489e+02
3.35081128770183113e+02
3.36910511415136170e+02
3.36910650820693945e+02
3.36910919078043150e+02
3.36910950747844709e+02
3.36911088450301008e+02
3.36911166714022727e+02
3.36911202488345793e+02
3.36911242006473003e+02
3.36911295047539966e+02
3.36911369126322427e+02
3.36911412262057411e+02
3.36911475486067729e+02
3.36911522637525991e+02
3.36911538641901529e+02
3.36911617670384373e+02
3.36911738798627141e+02
3.36911759507768579e+02
3.36911831707612578e+02
3.36911860506358266e+02
3.36911973307000778e+02
3.36911993361666703e+02
3.36912098971735986e+02
3.36912117206044684e+02
3.36912272889933661e+02
3.36912438990305361e+02
3.36912461589447844e+02
3.36912759122397006e+02
3.49437205066745435e+02
3.49437303425092125e+02
3.49437565357275616e+02
3.49437711689536570e+02
3.49438016079006502e+02
3.55469035385114751e+02
3.58242979352610632e+02
3.58243322208631980e+02
3.58243355520446300e+02
3.58243410895061345e+02
3.58243454250302307e+02
3.58243614110588965e+02
3.58243664613990916e+02
3.58243769038886512e+02
3.58243937874724850e+02
3.58244053750576711e+02
3.58244197900661504e+02
3.58244213890739445e+02
3.58244391846277779e+02
3.58244465206715802e+02
3.58244887368878949e+02
3.62148497710622053e+02
3.62148647137145531e+02
3.62148779378063011e+02
3.62148873806074789e+02
3.62149063341488215e+02
3.62149147183658101e+02
3.62149169588325719e+02
3.62149259780930549e+02
3.62149320057187083e+02
3.62149440858276705e+02
3.62149533986289043e+02
3.62149655935123747e+02
3.62149791343701168e+02
3.62149827783338196e+02
3.62149931820583902e+02
3.62149991124718838e+02
3.62150103447157562e+02
3.62150191426884021e+02
3.62150393811870913e+02
3.62150501111078768e+02
3.62150701424864906e+02
3.78391675474808665e+02
3.78391881128051466e+02
3.78392010563865711e+02
3.78392151497009479e+02
3.78392252463187219e+02
3.78392481462371734e+02
3.78392591879863517e+02
3.78392647750459560e+02
3.78392735376849714e+02
3.78392836969652990e+02
3.78392988694499991e+02
3.78393016448016795e+02
3.78393137015099342e+02
3.78393177808137807e+02
3.78393244768682109e+02
3.78393442678530732e+02
3.78393451265268141e+02
3.78393508544749295e+02
3.78393685568099386e+02
3.78393811925343584e+02
3.78393887751703289e+02
3.78393946059889913e+02
3.78394012665771470e+02
3.78394141748063362e+02
3.78394214330374268e+02
3.78394274098113044e+02
3.78394362019731432e+02
3.78394476469459164e+02
3.78394787480058085e+02
3.86437895492231064e+02
3.86438236760017332e+02
3.86438308001653922e+02
3.86438459747478021e+02
3.86438524837705074e+02
3.86438670374473986e+02
3.86438949251750557e+02
3.86439232598843830e+02
3.86439544627846203e+02
3.86439582723744195e+02
3.86439810917139198e+02
4.05099606009730564e+02
4.05099800379866565e+02
4.05100012668100760e+02
4.05100087445126519e+02
4.05100583941303171e+02
4.05101042715908250e+02
4.05101657013532758e+02
4.07545106872841302e+02
4.07545228742638528e+02
4.07545243610903242e+02
4.07545473192410441e+02
4.07545575479950060e+02
4.07545789758190324e+02
4.07545888005058657e+02
4.07545946936466123e+02
4.07546093807940565e+02
4.07546154403831849e+02
4.07546333268031560e+02
4.07546392543083073e+02
4.07546510013007719e+02
4.07546650916898272e+02
4.07546975780607283e+02
4.07547223100206907e+02
4.07547453915809513e+02
4.08411474905610191e+02
4.08411626043145702e+02
4.08411759433383168e+02
4.08411846808285532e+02
4.08412076973963110e+02
4.08412145280341520e+02
4.08412206984900138e+02
4.08412280760316435e+02
4.08412476806186419e+02
4.08412575260745825e+02
4.08412765862576180e+02
4.08412914532235789e+02
4.08412955100487295e+02
4.08413001630218503e+02
4.08413164990245832e+02
4.08413295420512441e+02
4.08413333558351383e+02
4.08413508016840524e+02
4.08413595161326214e+02
4.08413764488764855e+02
4.08413846606715424e+02
4.08414057628137982e+02
4.08414575571527280e+02
4.15214182140802222e+02
4.15215681496918478e+02
4.15215971994666972e+02
4.22125727946010556e+02
4.22125987775780231e+02
4.22126348389005159e+02
4.22126564247446709e+02
4.22126603294139159e+02
4.22126650659963161e+02
4.22126869383964845e+02
4.22127065001790811e+02
4.22127132507877775e+02
4.22127148590519653e+02
4.22127228842118654e+02
4.22127357069268726e+02
4.22127496355998403e+02
4.22127729809885125e+02
4.22127763483892750e+02
4.22127809829296041e+02
4.22127858913377111e+02
4.22128063914948143e+02
4.22128187199855006e+02
4.22128266757124720e+02
4.22128313570096964e+02
4.22128376311994771e+02
4.22128490805753358e+02
4.22128623657096171e+02
4.22128666186078249e+02
4.22129066307068456e+02
4.22129153955120273e+02
4.22129196254265480e+02
4.22129348530060554e+02
4.22129398285828131e+02
4.22129926418290495e+02
4.40559137648041542e+02
4.40559172383889972e+02
4.40559433801829414e+02
4.40559542060318392e+02
4.40560021885161404e+02
4.40560212923579115e+02
4.40560312983157132e+02
4.40560697326593697e+02
4.40560747144242498e+02
4.40560887746040294e+02
4.40561168947577926e+02
4.40561384706002514e+02
4.40561928888647344e+02
4.57117288768217350e+02
4.57117757539064144e+02
4.57117914257675295e+02
4.57118303316905497e+02
4.57118408966931611e+02
4.57118817657104728e+02
4.57118892984573165e+02
4.57118986012253401e+02
4.57119070259160083e+02
4.57119251689310033e+02
4.57119434740626332e+02
4.57119528657526189e+02
4.57119603712455387e+02
4.57119859183506492e+02
4.57119921777966397e+02
4.57119988420428569e+02
4.57120139248609803e+02
4.57120390932319481e+02
4.57120542704940249e+02
4.57120773395663718e+02
4.57120869448027861e+02
4.57120988210510575e+02
4.57121202004304337e+02
4.57121321720194715e+02
4.57121667572587171e+02
4.59456309057024612e+02
4.59456542056172111e+02
4.59457015529527894e+02
4.59457155356167050e+02
4.59457342289033932e+02
4.59457438720949483e+02
4.59457495062518603e+02
4.59457554353329897e+02
4.59457585126413790e+02
4.59457753320984580e+02
4.59457891510086995e+02
4.59458158517774109e+02
4.59458307050690735e+02
4.59458519909200049e+02
4.59458704895486846e+02
4.59458970310712971e+02
4.59459216408998145e+02
4.59459484553174718e+02
4.59459877209443107e+02
4.63628458599528585e+02
4.63628651865835081e+02
4.63629139573843588e+02
4.63629524658184096e+02
4.63629926049047640e+02
4.63630708430632751e+02
4.63630999467467689e+02
4.63631199861707387e+02
4.63631316290071595e+02
4.68105090785203856e+02
4.68105648986539620e+02
4.68105893802039191e+02
4.68105997973677518e+02
4.68106230811663522e+02
4.68106343858427863e+02
4.68106676066303748e+02
4.68106834576114807e+02
4.68106936374365716e+02
4.68107202095835873e+02
4.68107283506857243e+02
4.68107422741269659e+02
4.68107538843706550e+02
4.68107705662094418e+02
4.68107784524266208e+02
4.68107931696810624e+02
4.68108085040417109e+02
4.68108243515221318e+02
4.68108370954680709e+02
4.68108439092909236e+02
4.68108535245447626e+02
4.68108748712707438e+02
4.68108926173019711e+02
4.68109016133508362e+02
4.68109184477877363e+02
4.68109374668522719e+02
4.68109529809422554e+02
4.68109594250412385e+02
4.68109735315723583e+02
4.68109889698157247e+02
4.68110127681003632e+02
4.68110497477622005e+02
4.68110676144921513e+02
4.77897493279283481e+02
4.77898610146825945e+02
4.77899843495719438e+02
4.77899987568003553e+02
4.77900904717915637e+02
4.83927697733549508e+02
4.97414289180538162e+02
4.97415029691080179e+02
4.97415297378440357e+02
4.97416005278041212e+02
4.97416264772588420e+02
4.97416623590978986e+02
4.97416901696114337e+02
4.97417170398627150e+02
4.97417443853795135e+02
4.97417545283918628e+02
4.97417906204856138e+02
4.97418089838838512e+02
4.97418406516911375e+02
4.97418790234669473e+02
4.97419370303743506e+02
5.08252723312592252e+02
5.08253379950508304e+02
5.08253404800138242e+02
5.08253633717739206e+02
5.08253879176001305e+02
5.08254010618367317e+02
5.08254261879614148e+02
5.08254359602258205e+02
5.08254543549590096e+02
5.08254842264060642e+02
5.08254878875997292e+02
5.08255092205151016e+02
5.08255241598825251e+02
5.08255422873998839e+02
5.08255575192817787e+02
5.08255726886210766e+02
5.08255973978915563e+02
5.08256092720142703e+02
5.08256308852600114e+02
5.08256353002459775e+02
5.08256663336647193e+02
5.08256920635973074e+02
5.08257293908322140e+02
5.08257749500788350e+02
5.08257846822303065e+02
5.08258018361479060e+02
5.08258439359833289e+02
5.13955394489312994e+02
5.13955562940242316e+02
5.13955804318208834e+02
5.13956064974442370e+02
5.13956153490688052e+02
5.13956846509970319e+02
5.13956990709711590e+02
5.13957339176587766e+02
5.13957345401492262e+02
5.13957419114407230e+02
5.13957626067986666e+02
5.13957812072832326e+02
5.13958029105533001e+02
5.13958136920457378e+02
5.13958540566307420e+02
5.13958835239306154e+02
5.13959039688267808e+02
5.13959268550846105e+02
5.13959709264008666e+02
5.13960180385710942e+02
5.13960974265483287e+02
5.16323651980438854e+02
5.16324396016617129e+02
5.16324701105077679e+02
5.16324767884110997e+02
5.16325376459066661e+02
5.16325641074333475e+02
5.16325802319573882e+02
5.16326069883472428e+02
5.16326484367265152e+02
5.16326533365793921e+02
5.16326802416039641e+02
5.16326887434464652e+02
5.16327149397188236e+02
5.16327214446276344e+02
5.16327507542700118e+02
5.16327560440150933e+02
5.16327648627613257e+02
5.16327931444183719e+02
5.16328301360682758e+02
5.16328339131495568e+02
5.16328484482449085e+02
5.16328530681266329e+02
5.16328673113382251e+02
5.16328748114089876e+02
5.16329031144178089e+02
5.16329252329180918e+02
5.16329595216193866e+02
5.16329787889586328e+02
5.16329886762800243e+02
5.16330154349209579e+02
5.16330237145230399e+02
5.16330701513689746e+02
5.16331129645581882e+02
5.16331466967790675e+02
5.16331730648293501e+02
5.24997034303407872e+02
5.24997437680965959e+02
5.24997768626503557e+02
5.24998206602617415e+02
5.24998399222145167e+02
5.24999184256119861e+02
5.24999272892474437e+02
5.24999958347468464e+02
5.25000214990989889e+02
5.25001144727160749e+02
5.25001744801971881e+02
5.43499656878283531e+02
5.43500189992550304e+02
5.43501949283630097e+02
5.43502205875625577e+02
5.43503153253910000e+02
5.43503723593274231e+02
5.43503929071651555e+02
5.53596771056610578e+02
5.53598641456600603e+02
5.53599053600394996e+02
5.56981196814967575e+02
5.56981429189734172e+02
5.56981956987181434e+02
5.56982303311583905e+02
5.56983119806305353e+02
5.56983394045698674e+02
5.56983701248618104e+02
5.56983952523951075e+02
5.56984469964110872e+02
5.56984629316390851e+02
5.56984913051111221e+02
5.56985259596098558e+02
5.56985329836673145e+02
5.56985608280808833e+02
5.56986074302829252e+02
5.56986739962494767e+02
5.56987198829218642e+02
5.61804068293043656e+02
5.61804366889350490e+02
5.61804908955331825e+02
5.61804951391239570e+02
5.61805817577954826e+02
5.61805854616228089e+02
5.61806306785500169e+02
5.61806592901300405e+02
5.61806741655756014e+02
5.61806916365569577e+02
5.61807187138287418e+02
5.61807547669124574e+02
5.61807650179091866e+02
5.61807795278634558e+02
5.61807857753461576e+02
5.61807978498488524e+02
5.61808370397830004e+02
5.61808740303747754e+02
5.61808842540917794e+02
5.61809212202051867e+02
5.61809455038583110e+02
5.61809722856976464e+02
5.61809925943720032e+02
5.61810092453078255e+02
5.61810144393271571e+02
5.61810686450230492e+02
5.61811374571632996e+02
5.61811543856396156e+02
5.61812040553172096e+02
5.66777200464980979e+02
5.66777649311521827e+02
5.66778008697118025e+02
5.66778380708511577e+02
5.66778414587051088e+02
5.66779016433301990e+02
5.66779680732848647e+02
5.66779976314274450e+02
5.66780235953922215e+02
5.66780293953968908e+02
5.66780548958763575e+02
5.66780663495131307e+02
5.66780916357993647e+02
5.66781094250873366e+02
5.66781544328910286e+02
5.66781746842356142e+02
5.66781861578887515e+02
5.66782179235355784e+02
5.66782454634754913e+02
5.66782705239019947e+02
5.66782937676800998e+02
5.66783087868067355e+02
5.66783429241721592e+02
5.66783729804373820e+02
5.66783821796880829e+02
5.66784139920126677e+02
5.66784289407165261e+02
5.66784493020904392e+02
5.66784778282003344e+02
5.66785066295829438e+02
5.66785164078660387e+02
5.66785376787481709e+02
5.66785706764122892e+02
5.66786200710980097e+02
5.66786512990566621e+02
5.66786840203459974e+02
5.66787134088905418e+02
5.71023106484692903e+02
5.71023940061694475e+02
5.71024200616893836e+02
5.71024394019546548e+02
5.71024892911397274e+02
5.71025223689521454e+02
5.71025358221309943e+02
5.71025529086507618e+02
5.71025871053776768e+02
5.71026032839535333e+02
5.71026614957383686e+02
5.71026852059632347e+02
5.71027014648448699e+02
5.71027314845644469e+02
5.71027578160076246e+02
5.71027928385470091e+02
5.71028267431838117e+02
5.71028672743172820e+02
5.71028842155780808e+02
5.71028995506458159e+02
5.71029454567067319e+02
5.71029559692797307e+02
5.71031590263902672e+02
5.89179896924608670e+02
5.89180035298397797e+02
5.89180596423289444e+02
5.89181584865649597e+02
5.89181918630718997e+02
5.89182806690368466e+02
5.89183346689509563e+02
5.89183862869344580e+02
5.89184072680062059e+02
5.89184906514982004e+02
5.89184999237352372e+02
5.89185589631756784e+02
5.89186978476777540e+02
6.12000298035140077e+02
6.12001405608332334e+02
6.12002812323244939e+02
6.12003523150144360e+02
6.12004047763049130e+02
6.12005349327884346e+02
6.12006637825323082e+02
6.12007455724968963e+02
6.12009431930961796e+02
6.17760426825425725e+02
6.17761639632770652e+02
6.17762125661822665e+02
6.17762537753574179e+02
6.17763297611804660e+02
6.17763335152772356e+02
6.17763907343845744e+02
6.17764043687818685e+02
6.17764572361356613e+02
6.17764818713566910e+02
6.17765057576575373e+02
6.17765334810762397e+02
6.17765569683034528e+02
6.17766001576762733e+02
6.17766154216801169e+02
6.17766546941137449e+02
6.17766870654364311e+02
6.17766988920060044e+02
6.17767605236403824e+02
6.17767880950584413e+02
6.17768191248721564e+02
6.17768504126251742e+02
6.17768610750669950e+02
6.17768839747660422e+02
6.17769247468650292e+02
6.17769841473142378e+02
6.17770180900667015e+02
6.17771066696602929e+02
6.17771376604478064e+02
6.17771682527331564e+02
6.17772634030496079e+02
6.19235666882492296e+02
6.19237017157187893e+02
6.19237646838167393e+02
6.19238256565012421e+02
6.19238743041532302e+02
6.19239263886128924e+02
6.19239346318384491e+02
6.19239662716894713e+02
6.19240002955760360e+02
6.19240143409633447e+02
6.19241124954884299e+02
6.19241177891902453e+02
6.19241404503706576e+02
6.19241710491172739e+02
6.19242418104560102e+02
6.19243008212144332e+02
6.19243351130490964e+02
6.19243617977857298e+02
6.19244635137301316e+02
6.19460001233054186e+02
6.19461518762485184e+02
6.19462323183612170e+02
6.19462537100671057e+02
6.19462886825716055e+02
6.19463090321055574e+02
6.19463722761195072e+02
6.19463891277856078e+02
6.19464256116396996e+02
6.19464581921520562e+02
6.19464685863751811e+02
6.19465117457277188e+02
6.19465233436051108e+02
6.19465792504074102e+02
6.19466222975161486e+02
6.19466339606635188e+02
6.19466578940934482e+02
6.19467029530337186e+02
6.19467577642058245e+02
6.19467668331092000e+02
6.19468041758955678e+02
6.19468115578092352e+02
6.19468303459918275e+02
6.19468682914816895e+02
6.19468984716291402e+02
6.19469193643014478e+02
6.19469539083011796e+02
6.19469607011529092e+02
6.19469843023089652e+02
6.19470162401144080e+02
6.19470733916048516e+02
6.19470951779582492e+02
6.19471198544911431e+02
6.19471578365619166e+02
6.19472162406158645e+02
6.19472704179847369e+02
6.19473012755070044e+02
6.19473149830525131e+02
6.19473496973894044e+02
6.26223174146629731e+02
6.26224837060802543e+02
6.26226646478395992e+02
6.26228923964679439e+02
6.26230674271920861e+02
6.30644735328874390e+02
6.30645670426624520e+02
6.30645733061593774e+02
6.30646001077310302e+02
6.30646337327711763e+02
6.30646607047006341e+02
6.30647090951145742e+02
6.30647333648169365e+02
6.30647557880505133e+02
6.30647988441288476e+02
6.30648371494172693e+02
6.30648798332900014e+02
6.30648992461062448e+02
6.30649427582446606e+02
6.30649555084314670e+02
6.30649770949781669e+02
6.30649934666453532e+02
6.30650529115576660e+02
6.30650953365743590e+02
6.30651156039587363e+02
6.30651636614344170e+02
6.30652242430367096e+02
6.30652445401146565e+02
6.30653327712571240e+02
6.30654825446179984e+02
6.32256781322512438e+02
6.56154368037713084e+02
6.56155472555294182e+02
6.56156713544192485e+02
6.56157400684977802e+02
6.56157633364655794e+02
6.56158390451510172e+02
6.56158859212884977e+02
6.56159171527534113e+02
6.56160759154488005e+02
6.56161176811043561e+02
6.56161626682194651e+02
6.56162314810515795e+02
6.56163142968278180e+02
6.56163667495059144e+02
6.56165366570914898e+02
6.74370705937272533e+02
6.74372508490770542e+02
6.74373306346095660e+02
6.74373693442093440e+02
6.74373860009270743e+02
6.74374470317716828e+02
6.74374835609257957e+02
6.74375115773475613e+02
6.74375558485445026e+02
6.74375886090902554e+02
6.74376175219060201e+02
6.74376421931692562e+02
6.74377222082002504e+02
6.74377602027753596e+02
6.74377681566021010e+02
6.74378076623342622e+02
6.74378662868369702e+02
6.74379218799401656e+02
6.74379484613640670e+02
6.74380048718303783e+02
6.74380253219785118e+02
6.74380437167212904e+02
6.74380568747185862e+02
6.74381008136346054e+02
6.74381401171717357e+02
6.74381810025248797e+02
6.74382004340584899e+02
6.74382424746556353e+02
6.74382452989710828e+02
6.74383338375392100e+02
6.74383469781928056e+02
6.74383683110996571e+02
6.74384597191420085e+02
6.74384765987876335e+02
6.74385732135667467e+02
6.74386102072600238e+02
6.74386416300486303e+02
6.74386809545993515e+02
6.74387896230301862e+02
6.74388046300244127e+02
6.74388606817994855e+02
6.76114291608278222e+02
6.76115731826486467e+02
6.76116185775720169e+02
6.76117270498861444e+02
6.76117548992481602e+02
6.76117834793501061e+02
6.76118409567469712e+02
6.76119087636999780e+02
6.76119208501748631e+02
6.76119691250201072e+02
6.76119953491103843e+02
6.76120263705922525e+02
6.76120554149325699e+02
6.76121043449480908e+02
6.76121547850703791e+02
6.76122133492930175e+02
6.76122548303989220e+02
6.76122656775934047e+02
6.76123454831306276e+02
6.76123765097786304e+02
6.76124153540702537e+02
6.76124338762568755e+02
6.76124716861627576e+02
6.76124911670344886e+02
6.76125681777689010e+02
6.76125899011691786e+02
6.76126115947971698e+02
6.76127035774238152e+02
6.76127276207650198e+02
6.76127679638080167e+02
6.76128171846620830e+02
6.76129305646292892e+02
6.76129910980907425e+02
6.83379439600125579e+02
6.83381422647058912e+02
6.83382797599746141e+02
6.83383751930227731e+02
6.83385121596924250e+02
6.83386290042854625e+02
6.83387347026460134e+02
6.83388389755675917e+02
6.83389244652618572e+02
6.83389709105514157e+02
6.83392201836888148e+02
6.84161129386939933e+02
6.84161339323325706e+02
6.84162862903684641e+02
6.84162968227386614e+02
6.84164226516527265e+02
6.84164435882833004e+02
6.84164741302569269e+02
6.84165320252250581e+02
6.84165671838127764e+02
6.84166808852902932e+02
6.84166951095675927e+02
6.84167473756997197e+02
6.84168160746987837e+02
6.84168501741471800e+02
6.84169301014093207e+02
6.84169759473550926e+02
6.84170146494736400e+02
6.84170393943507861e+02
6.84171606329851443e+02
6.84173549592507811e+02
6.84174633948969017e+02
6.92803362545162145e+02
6.92804133009688485e+02
6.92804991199675555e+02
6.92805430706886341e+02
6.92806066411893539e+02
6.92806575321405830e+02
6.92806988829254351e+02
6.92807364946169173e+02
6.92807998335942330e+02
6.92808593937522232e+02
6.92809466562615171e+02
6.92809659797253289e+02
6.92810339475113778e+02
6.92810636384819645e+02
6.92811360707266431e+02
6.92811611024171043e+02
6.92812377536635040e+02
6.92812568636627816e+02
6.92813295988114305e+02
6.92813682408799991e+02
6.92814057132838116e+02
6.92814616893761354e+02
6.92815139453041411e+02
6.92815832026650241e+02
6.92817144056020311e+02
6.92817372280190625e+02
6.92819317668152848e+02
7.01792002278750601e+02
7.01795579964463627e+02
7.01795918190030307e+02
7.01797628522856257e+02
7.01800787075856761e+02
7.01801468531055889e+02
7.01803781322209943e+02
7.11885261321471489e+02
7.11885745997937420e+02
7.11889098796609460e+02
7.25901065773815844e+02
7.25902589866703806e+02
7.25903597543420574e+02
7.25903916629250375e+02
7.25905541014605092e+02
7.25906231089497169e+02
7.25907001697405690e+02
7.25907800564099830e+02
7.25909228475931513e+02
7.25910865040634008e+02
7.25911537301979138e+02
7.25912565636633190e+02
7.25912842865656785e+02
7.25914208226093137e+02
7.25915043053472118e+02
7.25915445741555345e+02
7.25917344758287072e+02
7.31505986933804024e+02
7.31507973077150382e+02
7.31508460390805681e+02
7.31508754388447187e+02
7.31509176780109669e+02
7.31509865683643511e+02
7.31510759251862169e+02
7.31511580000095250e+02
7.31511971345173720e+02
7.31512751922977486e+02
7.31513418500465377e+02
7.31513571531894058e+02
7.31513948557649201e+02
7.31514582272003395e+02
7.31515008943077760e+02
7.31515569694988017e+02
7.31515795142985326e+02
7.31515986980573985e+02
7.31516224265402570e+02
7.31516867151214910e+02
7.31517451782823514e+02
7.31517678855181998e+02
7.31518002235960580e+02
7.31518560976528192e+02
7.31518956234638495e+02
7.31519686992897164e+02
7.31520388532550214e+02
7.31520575043461463e+02
7.31520894461518878e+02
7.31521899702152268e+02
7.31522241444509973e+02
7.31522346526935280e+02
7.31522570804274324e+02
7.31523561583304627e+02
7.31524237369160687e+02
7.31524478592584046e+02
7.31524982011404063e+02
7.31525434778896624e+02
7.31526270645895465e+02
7.31527455513058271e+02
7.31529163456934270e+02
7.31530048132999809e+02
7.31530667099470293e+02
7.36857008798202969e+02
7.36857962718427530e+02
7.36858891651847102e+02
7.36859961235837204e+02
7.36860939491312820e+02
7.36861871706729403e+02
7.36862415926356334e+02
7.36862654622249465e+02
7.36863572476295985e+02
7.36864097730110075e+02
7.36864548009188979e+02
7.36864828049980474e+02
7.36865588986409421e+02
7.36865816124048138e+02
7.36866125658575015e+02
7.36866535171823443e+02
7.36867423114442317e+02
7.36867781675058836e+02
7.36868140161899305e+02
7.36868641436985854e+02
7.36868814815819519e+02
7.36869881848248724e+02
7.36870024676087041e+02
7.36870644837386408e+02
7.36871501545518527e+02
7.36871681625540646e+02
7.36872058803859318e+02
7.36872883452928136e+02
7.36873407312127711e+02
7.36874717115602948e+02
7.36875777516745643e+02
7.36876595724707272e+02
7.36877350627863166e+02
7.36877991985861740e+02
7.36879191056689706e+02
7.51739272161339727e+02
7.51740889877861946e+02
7.51742108166879916e+02
7.51742586103351641e+02
7.51743218233886978e+02
7.51743741192847324e+02
7.51744231330686830e+02
7.51744488148370465e+02
7.51745785564072889e+02
7.51747312941068685e+02
7.51747896182883096e+02
7.51748738047697088e+02
7.51748945180722444e+02
7.51749038073498355e+02
7.51750085004679249e+02
7.51751078685487414e+02
7.51751579740365173e+02
7.51752495606632465e+02
7.51752835300726701e+02
7.51754520601482454e+02
7.51755099620456804e+02
7.51756519061266545e+02
7.51757985683154061e+02
7.57490486255414226e+02
7.57491687803357195e+02
7.57491970969590625e+02
7.57492693489991098e+02
7.57494200814659848e+02
7.57494283324516232e+02
7.57495129502259715e+02
7.57495641184926853e+02
7.57496000257042510e+02
7.57496861240955127e+02
7.57497789072261298e+02
7.57498165726618367e+02
7.57498625968707643e+02
7.57498711459044330e+02
7.57499689152588871e+02
7.57500329382882569e+02
7.57500862593242346e+02
7.57501476115177184e+02
7.57502703776792146e+02
7.57503183270205454e+02
7.57504055647205064e+02
7.57504156409533039e+02
7.57505275055427205e+02
7.57506324548145585e+02
7.57506645806498454e+02
7.57507635598005891e+02
7.57508630969594833e+02
7.57509632189205604e+02
7.57510748173661455e+02
7.57618780088771700e+02
7.57620194592145367e+02
7.57621483290846299e+02
7.57625465500821406e+02
7.57625776474369104e+02
7.57627676194961623e+02
7.57627874333097566e+02
7.57629284616229370e+02
7.57630709938680070e+02
7.57633100307604536e+02
7.57633454791613644e+02
7.57634347312186833e+02
7.57636296290768541e+02
7.80292125457675638e+02
7.80296359968741399e+02
7.80298325720940625e+02
7.80300300761984545e+02
7.80301313163876671e+02
7.80303207232859904e+02
7.80306075719237128e+02
7.80307483378686243e+02
7.80311734406472056e+02
7.90863277046021494e+02
7.90867000055810308e+02
7.90867983092312670e+02
7.90868592910493589e+02
7.90869430818481646e+02
7.90870082152652117e+02
7.90870447665656002e+02
7.90871704370809084e+02
7.90871906541406133e+02
7.90872356619801167e+02
7.90873055338900144e+02
7.90873400549974917e+02
7.90874468383132808e+02
7.90875094639820759e+02
7.90875488057694952e+02
7.90876038044018628e+02
7.90876366749395629e+02
7.90876888305112629e+02
7.90877550467122774e+02
7.90877705605216761e+02
7.90879272763976132e+02
7.90879803996127976e+02
7.90880328488931355e+02
7.90880968942276013e+02
7.90881109389070275e+02
7.90881890893952004e+02
7.90882256843752998e+02
7.90883179688545511e+02
7.90883310330527252e+02
7.90883928957478133e+02
7.90884039490266787e+02
7.90884402254866359e+02
7.90885128051375204e+02
7.90885429675141722e+02
7.90886792646603794e+02
7.90887050598870246e+02
7.90887917039043941e+02
7.90889300988038144e+02
7.90889372299419051e+02
7.90890498101904541e+02
7.90891488502342781e+02
7.90892479236943018e+02
7.90894042277646008e+02
7.90894263143223384e+02
7.90895672907866128e+02
7.94495873335997203e+02
7.94497093731994710e+02
7.94500485242868990e+02
7.94505963543472149e+02
7.94506867320287029e+02
7.98404301576440844e+02
7.98404812540836133e+02
7.98406472862066835e+02
7.98407897433537187e+02
7.98409849736053729e+02
7.98410326399847577e+02
7.98411465772928295e+02
7.98413036920183799e+02
7.98413955911369044e+02
7.98415049284023894e+02
7.98415777067916906e+02
7.98416522249757918e+02
7.98416947588263497e+02
7.98418360043772964e+02
7.98419224557115399e+02
7.98420616366742252e+02
7.98421572429670618e+02
7.98423106235405271e+02
7.98425168691080785e+02
7.99981713757212560e+02
7.99983422103755856e+02
7.99985531744324589e+02
7.99987827979700796e+02
7.99988253850018054e+02
7.99989924578230216e+02
7.99990670055967485e+02
7.99991389720541747e+02
7.99992015794306440e+02
7.99992430225530825e+02
7.99992806056057361e+02
7.99993776966412725e+02
7.99994078407660140e+02
7.99994755173886347e+02
7.99995349758379348e+02
7.99995692524676315e+02
7.99996656537081094e+02
7.99997160885102744e+02
7.99997576483868215e+02
7.99998088007016577e+02
7.99998888995139282e+02
7.99999117955499514e+02
7.99999637755325466e+02
8.00000307004174033e+02
8.00001085991700052e+02
8.00001205609844192e+02
8.00002212096150288e+02
8.00002317751184933e+02
8.00003112691292358e+02
8.00003245799585443e+02
8.00004120576714172e+02
8.00005329900853098e+02
8.00006124883007601e+02
8.00007400511445553e+02
8.00008321151128143e+02
8.00009759500848418e+02
8.00010807432913339e+02
8.00536554302723403e+02
8.21958412122183290e+02
8.21960292093850512e+02
8.21961763659687904e+02
8.21962650705942679e+02
8.21963388381267578e+02
8.21964823841005455e+02
8.21965655187207517e+02
8.21966503546633476e+02
8.21967154179167096e+02
8.21968202251907883e+02
8.21968592993997163e+02
8.21969473604207792e+02
8.21970236015408773e+02
8.21970868376070939e+02
8.21971123501733132e+02
8.21972947744893077e+02
8.21973468538076418e+02
8.21974761606725565e+02
8.21975150298525023e+02
8.21976361925273295e+02
8.21977239070591622e+02
8.21977624650423422e+02
8.21978150694584087e+02
8.21979716454420327e+02
8.21983094478297403e+02
8.24695047856969040e+02
8.24696952234610535e+02
8.24697513669842465e+02
8.24698604266409575e+02
8.24699296512559613e+02
8.24699836005285761e+02
8.24700606784038200e+02
8.24701735810938999e+02
8.24702379506530178e+02
8.24703033150640636e+02
8.24703204129651454e+02
8.24704356374570580e+02
8.24705090595300021e+02
8.24706371897835879e+02
8.24707287881289403e+02
8.24708246559228769e+02
8.24708911012428871e+02
8.24709576197412616e+02
8.24710001150180119e+02
8.24710737243119524e+02
8.24711113635458332e+02
8.24712536770269935e+02
8.24713060394915146e+02
8.24713796408867665e+02
8.24714288887952762e+02
8.24714978809584295e+02
8.24716055136741716e+02
8.24716080716361603e+02
8.24718001686326375e+02
8.24718792835751628e+02
8.24720781627339761e+02
8.34703324342142423e+02
8.34705863222894095e+02
8.34707623959173588e+02
8.34709539614695586e+02
8.34710177713908365e+02
8.34711067852669544e+02
8.34711866280670961e+02
8.34712687088495272e+02
8.34715384940301988e+02
8.34716831033992889e+02
8.34718308791429649e+02
8.34719633419864977e+02
8.34721239451834663e+02
8.34724277526269589e+02
8.34725998828343791e+02
8.52445974102049149e+02
8.52448390979821625e+02
8.52449583495103298e+02
8.52449891233204085e+02
8.52450669520862562e+02
8.52451932182733799e+02
8.52453146128408889e+02
8.52454238483207632e+02
8.52455009640277694e+02
8.52455489131964441e+02
8.52456431429111035e+02
8.52457742387841108e+02
8.52458412122404070e+02
8.52458977338967998e+02
8.52459668000646957e+02
8.52459944823319233e+02
8.52460662504783954e+02
8.52460862261716215e+02
8.52462267269342760e+02
8.52463127879521494e+02
8.52463694014989187e+02
8.52464126133082573e+02
8.52464608712782933e+02
8.52464959669032851e+02
8.52465583028388437e+02
8.52466648707227023e+02
8.52467115973020213e+02
8.52467900414612473e+02
8.52469250339565406e+02
8.52469565136816300e+02
8.52469816187313654e+02
8.52472066396824061e+02
8.52472359227668449e+02
8.52472928868579970e+02
8.52473777702833218e+02
8.52474117587234787e+02
8.52474713664633327e+02
8.52475251325572344e+02
8.52476704361501220e+02
8.52476956039929291e+02
8.52477957586304910e+02
8.52478792872435974e+02
8.52479608868749096e+02
8.52481448459318699e+02
8.52482178923986339e+02
8.52485008492686688e+02
8.52485605634811350e+02
8.61711802218595722e+02
8.61715448213526543e+02
8.61720447728751310e+02
8.61721570344937618e+02
8.61723878594457346e+02
8.61725786681913405e+02
8.61727611660235652e+02
8.61728277599571243e+02
8.61731048726027666e+02
8.61733066512397272e+02
8.61735846124145041e+02
8.65485276127278098e+02
8.65487633520498775e+02
8.65490493931660012e+02
8.65492013728119218e+02
8.65493703329408504e+02
8.65494869888151129e+02
8.65495580490290536e+02
8.65496776879367758e+02
8.65498049639915962e+02
8.65498608980955964e+02
8.65499194717941918e+02
8.65500687763390943e+02
8.65501623523498552e+02
8.65502015476447582e+02
8.65502791450521499e+02
8.65503559060605312e+02
8.65504286073968956e+02
8.65505053637049741e+02
8.65505972134343779e+02
8.65506563928130277e+02
8.65507660242644533e+02
8.65508027608511270e+02
8.65509168085543934e+02
8.65509471458877101e+02
8.65510197031016446e+02
8.65510878244046580e+02
8.65511625713779836e+02
8.65511987420867399e+02
8.65513532695590357e+02
8.65514070213192895e+02
8.65514557460842298e+02
8.65515284619110844e+02
8.65515765523215919e+02
8.65517482123683521e+02
8.65518458044085151e+02
8.65519087423428573e+02
8.65519545220959458e+02
8.65520383392686995e+02
8.65525284893196726e+02
8.73646090384153240e+02
8.73650647641924706e+02
8.73651594178635150e+02
8.73652716377329625e+02
8.73653872019540245e+02
8.73654773181567634e+02
8.73655368132429089e+02
8.73656072989068662e+02
8.73656793344202583e+02
8.73660177635422883e+02
8.73661283203362359e+02
8.73662642201119752e+02
8.73663340120813473e+02
8.73663750486646450e+02
8.73665799000794323e+02
8.73666408679572555e+02
8.73668368528609562e+02
8.73668711189148098e+02
8.73670070870811401e+02
8.73673067477862674e+02
8.73675325219596971e+02
8.80074234410980125e+02
8.80084277481393542e+02
8.80088714305335429e+02
8.80089486491159505e+02
8.80091922011894781e+02
8.80096683587908842e+02
8.80102726475216741e+02
8.90173851066405405e+02
8.90181861535210260e+02
8.90189512492841232e+02
8.94406984327553118e+02
8.94409492816244665e+02
8.94411286591285602e+02
8.94412969881360368e+02
8.94414283231722152e+02
8.94415257106909621e+02
8.94416684052743221e+02
8.94417634764514446e+02
8.94418645112349850e+02
8.94419560182010969e+02
8.94419754758533372e+02
8.94420480488715612e+02
8.94421210600978156e+02
8.94422286240554740e+02
8.94422802356769353e+02
8.94424180625991426e+02
8.94424857509909657e+02
8.94426178538495037e+02
8.94426229375198659e+02
8.94427504358718352e+02
8.94428516215715263e+02
8.94429932995721629e+02
8.94430488221835049e+02
8.94431578052844998e+02
8.94432543602360511e+02
8.94433364513503761e+02
8.94434298751772985e+02
8.94435044345490610e+02
8.94436047879409216e+02
8.94438148234211894e+02
8.94439278081201223e+02
8.94440868908866946e+02
8.94442692986175075e+02
8.94805658555184209e+02
8.94807988891990135e+02
8.94810969163485424e+02
8.94811307946409329e+02
8.94812806525835867e+02
8.94813578881149851e+02
8.94814181430652184e+02
8.94814794960728591e+02
8.94816954852630033e+02
8.94818052163531775e+02
8.94819517923000831e+02
8.94819708268549107e+02
8.94820620439811250e+02
8.94821369880007978e+02
8.94821939091074569e+02
8.94823680268111161e+02
8.94825498668741147e+02
8.94826446641794178e+02
8.94826946580355184e+02
8.94827822615749824e+02
8.94828131122684908e+02
8.94829488146378822e+02
8.94830624346753098e+02
8.94835239524806752e+02
8.94836247249865210e+02
8.94838129915302261e+02
8.94840467935295464e+02
9.14615407125861793e+02
9.14616993944074807e+02
9.14619979798695113e+02
9.14621825707143444e+02
9.14622682122477045e+02
9.14625275556545489e+02
9.14626157744442821e+02
9.14630534683591918e+02
9.14631699208547730e+02
9.14632062381213473e+02
9.14633515515043086e+02
9.14635892713723933e+02
9.14637096161053478e+02
9.14639165885109264e+02
9.14641625627319399e+02
9.14642200113954232e+02
9.14647740030518094e+02
9.16245727105142691e+02
9.16250492810276228e+02
9.16253029862938661e+02
9.16253734017592251e+02
9.16255683187020622e+02
9.16256696611600319e+02
9.16258122960658625e+02
9.16259365166466182e+02
9.16260682512090511e+02
9.16261991550354765e+02
9.16262237518136317e+02
9.16262942915472991e+02
9.16263470895627506e+02
9.16265167893622220e+02
9.16265347288427279e+02
9.16266762496773367e+02
9.16267804553251153e+02
9.16268577430586561e+02
9.16269183286991279e+02
9.16269671585807941e+02
9.16271684381210662e+02
9.16272826671056919e+02
9.16273513945009881e+02
9.16273664148028615e+02
9.16274057539175487e+02
9.16274578353094284e+02
9.16275711698243981e+02
9.16277907665700241e+02
9.16278231457217430e+02
9.16278848943591129e+02
9.16279903621030257e+02
9.16281574716559817e+02
9.16282896400743994e+02
9.16283525500702240e+02
9.16284191003391243e+02
9.16284830062212109e+02
9.16286234050109101e+02
9.16287269281975455e+02
9.16288006375193959e+02
9.16288502774439053e+02
9.16289477473676925e+02
9.16290474540957803e+02
9.16292863911624750e+02
9.16294249384532691e+02
9.16297802923183895e+02
9.16297985319907866e+02
9.16299249986962764e+02
9.16301595558108374e+02
9.16303106663052176e+02
9.33367745810801239e+02
9.33370087403017465e+02
9.33371150789861417e+02
9.33373710418040332e+02
9.33376628129733831e+02
9.33376861494444711e+02
9.33378276225852346e+02
9.33378513573174018e+02
9.33379428519017438e+02
9.33380166078233174e+02
9.33380704237794248e+02
9.33381322471365479e+02
9.33382686233282129e+02
9.33383501029376703e+02
9.33384189401921049e+02
9.33386147993065265e+02
9.33387437536611287e+02
9.33387653690996672e+02
9.33389042629093296e+02
9.33389922378052802e+02
9.33390428418360898e+02
9.33391958998153655e+02
9.33393516314535873e+02
9.33394049892744988e+02
9.33394373526401523e+02
9.33395595818872039e+02
9.33396446347264259e+02
9.33398039245536665e+02
9.33398303433701358e+02
9.33398828475539858e+02
9.33399999904487004e+02
9.33401291190527104e+02
9.33402467000321849e+02
9.33403832153567123e+02
9.33404582711651528e+02
9.33405743683632181e+02
9.33407437935576354e+02
9.33407820689574237e+02
9.33410515156892075e+02
9.33411223276485202e+02
9.33413309343934657e+02
9.46031584285037638e+02
9.46041407084783714e+02
9.46045021218514421e+02
9.46045874361170263e+02
9.46048164190287366e+02
9.46049354438100181e+02
9.46054986413302686e+02
9.46055591005979750e+02
9.46058191704009573e+02
9.46062805001300489e+02
9.46066759010303940e+02
9.46069544308477589e+02
9.46073371837543391e+02
9.51614513409546021e+02
9.51618562622329023e+02
9.51619962362134629e+02
9.51622826219847070e+02
9.51626153861722059e+02
9.51628319397193991e+02
9.51628949851312200e+02
9.51631380446777712e+02
9.51632381104715023e+02
9.51633440530304938e+02
9.51634266903375419e+02
9.51635304812653885e+02
9.51638396684186660e+02
9.51640005610797857e+02
9.51642319831497616e+02
9.51643073090804705e+02
9.51643760731632597e+02
9.51646165724114098e+02
9.51646407704900753e+02
9.51648573205752427e+02
9.51650114560796396e+02
9.51650629985769797e+02
9.51652768821335030e+02
9.66623783685876219e+02
9.66627238295204506e+02
9.66629976638302992e+02
9.66631515109522297e+02
9.66632658371316666e+02
9.66633419617978916e+02
9.66635197418870348e+02
9.66636737043855305e+02
9.66637202606674236e+02
9.66639051718961355e+02
9.66639775942560050e+02
9.66641244413405502e+02
9.66641644874426788e+02
9.66643281359332036e+02
9.66643495781134106e+02
9.66644378757304253e+02
9.66645628936992011e+02
9.66647136864268532e+02
9.66647342852086012e+02
9.66648474756986957e+02
9.66650507775741630e+02
9.66650985286667151e+02
9.66651228437576037e+02
9.66653309976428773e+02
9.66654028566889792e+02
9.66655452883348971e+02
9.66656841369703443e+02
9.66658135624993974e+02
9.66659668036057724e+02
9.66660276770776932e+02
9.66662757984234872e+02
9.66663993558760012e+02
9.66664903341321974e+02
9.66665971672181172e+02
9.66668194853025625e+02
9.68625350559149183e+02
9.68631772936573270e+02
9.68635882738817259e+02
9.68642381022953714e+02
9.68646381244485042e+02
9.68648248299801025e+02
9.68652690163627881e+02
9.68656577702057689e+02
9.68668532610302691e+02
9.70272389450193032e+02
9.70277289044911413e+02
9.70278164801193270e+02
9.70279190477718089e+02
9.70282033820646689e+02
9.70282762606218625e+02
9.70284048883196419e+02
9.70285370902432305e+02
9.70286268379467970e+02
9.70286531881087512e+02
9.70288388500705651e+02
9.70289089237848088e+02
9.70290202274994613e+02
9.70291921805439188e+02
9.70292334371336096e+02
9.70293582338546116e+02
9.70294280192355927e+02
9.70296131653979728e+02
9.70298716692076937e+02
9.70300315689142280e+02
9.70301297603056582e+02
9.70302219387690343e+02
9.70304714597826433e+02
9.70306275720032659e+02
9.70307916247203821e+02
9.70310248675122921e+02
9.70312202793716438e+02
9.70313800706657048e+02
9.70317433783673664e+02
9.82277215671350518e+02
9.82278342043657290e+02
9.82280014104763154e+02
9.82281292523293700e+02
9.82283343523873668e+02
9.82286996359897671e+02
9.82287697070033687e+02
9.82291071259887758e+02
9.82291322383065676e+02
9.82293301475825388e+02
9.82293736514598777e+02
9.82295753690992569e+02
9.82296155985680684e+02
9.82296831131417434e+02
9.82299280378339176e+02
9.82300034826947240e+02
9.82300691332267320e+02
9.82301756219638150e+02
9.82303048211659188e+02
9.82303818439198835e+02
9.82304945373847886e+02
9.82305012738747564e+02
9.82305920845958667e+02
9.82307258543439275e+02
9.82307719986072925e+02
9.82309214000998736e+02
9.82311156314695268e+02
9.82312088612181128e+02
9.82312844496248204e+02
9.82313902001122983e+02
9.82315320030880116e+02
9.82315546444776942e+02
9.82316653519726174e+02
9.82317335423508098e+02
9.82318927897454273e+02
9.82320514295793828e+02
9.82320974096942564e+02
9.82322137376202022e+02
9.82322469023565191e+02
9.82324483378991545e+02
9.82325470421913224e+02
9.82326706506254936e+02
9.82327771887843369e+02
9.82329992257391154e+02
9.82331704644367164e+02
9.82332608140028356e+02
9.82334936731602056e+02
9.82335860683865690e+02
9.82338918887852856e+02
9.82340882594563368e+02
9.82342929371902187e+02
9.82823213324546828e+02
9.82829803355454942e+02
9.82843495189169062e+02
9.82847374563270250e+02
9.82853856959907716e+02
9.88882115215119711e+02
9.97342846417454098e+02
9.97344313801866633e+02
9.97349011167847493e+02
9.97351253152659865e+02
9.97352977690550460e+02
9.97353409845298188e+02
9.97357346343642575e+02
9.97362128869548883e+02
9.97362635944261228e+02
9.97363719539567001e+02
9.97367544040291705e+02
9.97368744840142426e+02
9.97371677576883712e+02
9.97372723103712929e+02
9.97375220903981699e+02
9.97378425154998581e+02
9.97379359202916589e+02
9.97385481191440135e+02
9.97386567610293810e+02
1.00362231641945709e+03
1.00362306336292863e+03
1.00362746073243045e+03
1.00362762229161137e+03
1.00362907576795078e+03
1.00363145376259490e+03
1.00363204129550763e+03
1.00363334978541855e+03
1.00363571496938414e+03
1.00363695444070868e+03
1.00363724960299851e+03
1.00363850682461884e+03
1.00363937747676175e+03
1.00363976292061568e+03
1.00364028375404848e+03
1.00364275391475371e+03
1.00364374667979723e+03
1.00364494301130753e+03
1.00364655212446257e+03
1.00364777473637764e+03
1.00364859392732740e+03
1.00364949132329707e+03
1.00365023212073618e+03
1.00365123758735785e+03
1.00365164025023273e+03
1.00365364773865520e+03
1.00365429558018855e+03
1.00365558673567625e+03
1.00365653511655137e+03
1.00365900951073672e+03
1.00365984816275534e+03
1.00366080215901786e+03
1.00366145878982093e+03
1.00366218224688930e+03
1.00366434180289707e+03
1.00366530953159202e+03
1.00366673724423788e+03
1.00366899836639595e+03
1.00367033633858739e+03
1.00367394332785352e+03
1.00367492786650826e+03
1.00367659623522547e+03
1.00367805213181850e+03
