1.8280927830020562e+02
1.8290471192006069e+02
1.8297861640929258e+02
1.8338939119060038e+02
1.8347736676314673e+02
1.8372070790969212e+02
1.8415168729846852e+02
1.8426901656208122e+02
1.8429642258222660e+02
1.8488366275133953e+02
1.8556325559280182e+02
1.8567457982910295e+02
1.8593154409065659e+02
1.8613566624394255e+02
1.8639656579286265e+02
1.8661520392881306e+02
1.8717507592563678e+02
1.8725505370693446e+02
1.8746926607455964e+02
1.8781460762924081e+02
1.8790289879880388e+02
1.8795021699759346e+02
1.8814004986089603e+02
1.8826048934401499e+02
1.8851440558852502e+02
1.8860865533333765e+02
1.8890863381568838e+02
1.8906562739811855e+02
1.8922302472041437e+02
1.9002341579578939e+02
1.9004597103139756e+02
1.9010992562827133e+02
1.9032869012859462e+02
1.9048360725266920e+02
1.9131671228070223e+02
1.9134166734484484e+02
1.9141243930948417e+02
1.9178658383735129e+02
1.9194142042633834e+02
1.9229442010099143e+02
1.9232654534306130e+02
1.9244830950650788e+02
1.9257640840641486e+02
1.9268346611263254e+02
1.9328368107064006e+02
1.9366123822684494e+02
1.9390000342297478e+02
1.9420611299326362e+02
1.9428082874973666e+02
1.9448060126493621e+02
1.9453159690601879e+02
1.9500226206386142e+02
1.9504976161352587e+02
1.9569424819462284e+02
1.9602360671292024e+02
1.9626177782608812e+02
1.9648950576163273e+02
1.9667270896001401e+02
1.9705262708338515e+02
1.9712191322531740e+02
1.9714197743349882e+02
1.9762025960141563e+02
1.9802526745023630e+02
1.9813740584789321e+02
1.9848226951421884e+02
1.9853771031312840e+02
