1.1034015399354334e+02
1.1190523200343404e+02
1.1197122083267404e+02
1.1199310301087526e+02
1.1219214244324331e+02
1.1277462848836520e+02
1.1282192295281524e+02
1.1303656984965477e+02
1.1358537975616396e+02
1.1413748290231685e+02
1.1434231059963560e+02
1.1436339161228230e+02
1.1453703445974678e+02
1.1507758992537266e+02
1.1524544933852776e+02
1.1582732131326561e+02
1.1631137592414868e+02
1.1681717276395625e+02
1.1717021421459128e+02
1.1727097141688121e+02
1.1782323895679130e+02
1.1804708430108255e+02
1.1816414321882964e+02
1.1818246523372805e+02
1.1873387545848486e+02
1.1876912476942911e+02
1.1879057187172269e+02
1.1924125804277867e+02
1.1932624447040997e+02
1.1955414887727974e+02
1.1989565427710785e+02
1.2000884057251434e+02
1.2010219784192674e+02
1.2012322575030937e+02
1.2014728750065530e+02
1.2051371258314391e+02
1.2082985787666681e+02
1.2164265076619347e+02
1.2218855734489645e+02
1.2293477194506058e+02
