5.27143932651303526e+00
7.85627582116475587e+00
1.00049437540184822e+01
1.11629471052900353e+01
1.33535528726698320e+01
1.43258950541078995e+01
1.52249389108887669e+01
1.66898551824037931e+01
1.73690630975850375e+01
1.81734903414603508e+01
2.00575559506798129e+01
2.09028859450129154e+01
2.09323059043063289e+01
2.20742169327634556e+01
2.26776724834503334e+01
2.53170617294877403e+01
2.54845407487242248e+01
2.56616273161324813e+01
2.57818861869132085e+01
2.74809917989479366e+01
2.78679678334884962e+01
2.84944335794125365e+01
2.92264219355946153e+01
3.04114692425967981e+01
3.06668665536552716e+01
3.13582403576631137e+01
3.20252400319051915e+01
3.35927312825968656e+01
3.37244177652337527e+01
3.37660304716190964e+01
3.45441219433948703e+01
3.58464128854986370e+01
3.61610397040808422e+01
3.65003313484025469e+01
3.73757141406254476e+01
3.76623075629705966e+01
3.91244005602373193e+01
3.92303363001854635e+01
3.95940095462523516e+01
4.03862636607259446e+01
4.04060200475571918e+01
4.04863633858078202e+01
4.18247337909908623e+01
4.25898996662622338e+01
4.30002838320264544e+01
4.33072550020088372e+01
4.47259014630595146e+01
4.53403150034303337e+01
4.61289183883575262e+01
4.69245123783056357e+01
4.70741684660705104e+01
4.76037613381417586e+01
4.77362615721407195e+01
4.79123585958999456e+01
4.79842888341140394e+01
4.82004416101001496e+01
4.84489423228676444e+01
4.97186532106168357e+01
4.98631625617485525e+01
5.01768443381239848e+01
5.09385211368686157e+01
5.20701456598203691e+01
5.25830157446629229e+01
5.33511854999277304e+01
5.42293769646183961e+01
5.43262204875585937e+01
5.46748270007524155e+01
5.50529231280483202e+01
5.53851793948780085e+01
5.57394439023347132e+01
5.58169297632550752e+01
5.60998022028710466e+01
5.70634986146805048e+01
5.75645366173315267e+01
5.78538949371760864e+01
5.80353972667877258e+01
5.87334758850403915e+01
5.94382945110734582e+01
6.04299954350204374e+01
6.12664649453215091e+01
6.12793528232204636e+01
6.14838304726659857e+01
6.19873972722363433e+01
6.22599792230709710e+01
6.22690638059268053e+01
6.25416833882162493e+01
6.37141376498165926e+01
6.43253087480820795e+01
6.44691491693810406e+01
6.46222278108451604e+01
6.49252780314052842e+01
6.49545204784756152e+01
6.53848848245114596e+01
6.60496656048163686e+01
6.61413247037879728e+01
6.65770677459010187e+01
6.74610231450226934e+01
6.79240878089743774e+01
6.93884056092616390e+01
6.99285822037908815e+01
6.99410719377732022e+01
6.99774307247887464e+01
7.06838969176157264e+01
7.07999717432389701e+01
7.08930289095908392e+01
7.15292943520203011e+01
7.16558451972241102e+01
7.20507804380105625e+01
7.23887489911302282e+01
7.34625668738322446e+01
7.35478466231207761e+01
7.39831151449781714e+01
7.41386154490920006e+01
7.41510696068843060e+01
7.44623427830089923e+01
7.48295642667107757e+01
7.54588227642786933e+01
7.57992413804150829e+01
7.60418071652194385e+01
7.61527103078805823e+01
7.79256647014468911e+01
7.79621697937060389e+01
7.83121213748162148e+01
7.85533275971219069e+01
7.93107116429911656e+01
7.93525576083152941e+01
7.94946772413699705e+01
7.95786573874214724e+01
7.96844703850542544e+01
8.02445244416300625e+01
8.03876375530762601e+01
8.11898265342463930e+01
8.17774170674405809e+01
8.23573732655801791e+01
8.25510634110284229e+01
8.26866089401212463e+01
8.31665335034204531e+01
8.43447032141750128e+01
8.44198787455235333e+01
8.46100145153849184e+01
8.48011575253566292e+01
8.50547351507883178e+01
8.55223680795881052e+01
8.55260848896510737e+01
8.56961024062230905e+01
8.60586241985553215e+01
8.64678340451068976e+01
8.72220251723882996e+01
8.72877269914078937e+01
8.78404811848668317e+01
8.78875513935783204e+01
8.82413868903419143e+01
8.83353134528836534e+01
8.89871321503679980e+01
8.93504204576915271e+01
8.94341445321421133e+01
9.03363356648059437e+01
9.12959184175531249e+01
9.17687635907989687e+01
9.18265189298226403e+01
9.18931525271724041e+01
9.21306727031335697e+01
9.24226208817320014e+01
9.26059103488360620e+01
9.37677850855841371e+01
9.42189323247281152e+01
9.48737079168329984e+01
9.50589446534220599e+01
9.52121712402332321e+01
9.52744648184762610e+01
9.53860679323535265e+01
9.55922992021889115e+01
9.56266832316117927e+01
9.59763055035974588e+01
9.62592669725044203e+01
9.63322550261490704e+01
9.69172215437513955e+01
9.70296678625981883e+01
9.71827233119703351e+01
9.75332214705041451e+01
9.76264777315091123e+01
9.78183023129407161e+01
9.89522045777157189e+01
9.91727436106829856e+01
1.00092461850584598e+02
1.00303500109658970e+02
1.00509655922162821e+02
1.00647067099783911e+02
1.01192758943201767e+02
1.01649470170370265e+02
1.01738962425614176e+02
1.01967083359964491e+02
1.02377376385845949e+02
1.02748766191419961e+02
1.03093907629561684e+02
1.03226334170565437e+02
1.04301088892853841e+02
1.04310932494553313e+02
1.04414967111868393e+02
1.04469248529651082e+02
1.05317102638064426e+02
1.05414885974936013e+02
1.06360891351024520e+02
1.06709282612135780e+02
1.06717792175597339e+02
1.06781194629038296e+02
1.06791898793015307e+02
1.07211843949513337e+02
1.07468571954456920e+02
1.07478565204743958e+02
1.07574593503386311e+02
1.07856858687580711e+02
1.07883580479176160e+02
1.08502753866326984e+02
1.09204751326348628e+02
1.09525164711071085e+02
1.09909926835365695e+02
1.10061315070385604e+02
1.10082373476678001e+02
1.10354478936364814e+02
1.11918939597241618e+02
1.11984112539625485e+02
1.12007444695516881e+02
1.12204471878925972e+02
1.12789784859701072e+02
1.12837409580292004e+02
1.13048246143624525e+02
1.13600779438597570e+02
1.14152523484721215e+02
1.14355388394648259e+02
1.14357811978825112e+02
1.14379269740548338e+02
1.14551173191953040e+02
1.15092245769770841e+02
1.15260806490267015e+02
1.15843866744779319e+02
1.16323075175694598e+02
1.16829877120279207e+02
1.17186054215524621e+02
1.17290295874617925e+02
1.17839532499533888e+02
1.18060606900138126e+02
1.18181559926275042e+02
1.18194882981170352e+02
1.18753170522384323e+02
1.18788191796156170e+02
1.18807205709972152e+02
1.19254808274046013e+02
1.19342870443272560e+02
1.19567108737794825e+02
1.19911058997726272e+02
1.20025380833226265e+02
1.20118712775183837e+02
1.20135424243572146e+02
1.20166485934718168e+02
1.20528356756969998e+02
1.20846257024243215e+02
1.21661253657062943e+02
1.22203291500824946e+02
1.22951297362584285e+02
1.23443095218871761e+02
1.23644601476987248e+02
1.23756520141981042e+02
1.24275174893907604e+02
1.24293823280220153e+02
1.24304579638701128e+02
1.24963172351009703e+02
1.25050162857653234e+02
1.25287247714458275e+02
1.25819114427219532e+02
1.26438561523357237e+02
1.26577379243481147e+02
1.26581182078285025e+02
1.26735772396187159e+02
1.26923579120741479e+02
1.27011110172307667e+02
1.28222788275058406e+02
1.29321500395953251e+02
1.29501141412840241e+02
1.29834949554855541e+02
1.30033573254675588e+02
1.30232026275785557e+02
1.30694216074196532e+02
1.30774858127846073e+02
1.30821930041968329e+02
1.30839632453858172e+02
1.30947303784501059e+02
1.31382818057664025e+02
1.31384668265212269e+02
1.31401687186566789e+02
1.31486166141833024e+02
1.31703689958175431e+02
1.31841014639747073e+02
1.32000018541437669e+02
1.32062995959252959e+02
1.33048548519705804e+02
1.33166905289871607e+02
1.33527130799208237e+02
1.33618092516556487e+02
1.33841464503995127e+02
1.33979524408041556e+02
1.34513786235653754e+02
1.34576738149301889e+02
1.34585080607231788e+02
1.34895389519334088e+02
1.35034001656482161e+02
1.35323113894072037e+02
1.35372660767898481e+02
1.36177056657081664e+02
1.36397998556528137e+02
1.36521037219968719e+02
1.37002778046651798e+02
1.37164243621363681e+02
1.37360293380216063e+02
1.37800252113087680e+02
1.38546404120835945e+02
1.38663020312435435e+02
1.38780423866826766e+02
1.39314711922457178e+02
1.39900759171175139e+02
1.39911818131764420e+02
1.40539215862148950e+02
1.41262707053857923e+02
1.41505768042863139e+02
1.41532712801688660e+02
1.41725089186579851e+02
1.41979259562504694e+02
1.42156589152159540e+02
1.42172922492976483e+02
1.42179562132649437e+02
1.42945590673584320e+02
1.43829980458830448e+02
1.43968374858805134e+02
1.44251936630637488e+02
1.44443653191790588e+02
1.44473857826993765e+02
1.44532659845636999e+02
1.44607752154619732e+02
1.44617696118753940e+02
1.44737461328164500e+02
1.44777546892833357e+02
1.44962578476465552e+02
1.44982211454393507e+02
1.45067003561934456e+02
1.45420976194697687e+02
1.45882959918290396e+02
1.46277680966759021e+02
1.46383635114516778e+02
1.46811677594362180e+02
1.46867653895200959e+02
1.46922798330099454e+02
1.47021681137891619e+02
1.47998534873292471e+02
1.48030043934506097e+02
1.48410659250522201e+02
1.48513588979935918e+02
1.48821512434245278e+02
1.49210148001966104e+02
1.49448807103539338e+02
1.51070045641934200e+02
1.51154949752944646e+02
1.51715146967725218e+02
1.51786083178661642e+02
1.52261943792078000e+02
1.52534942205380474e+02
1.52585047869417878e+02
1.52604034390066261e+02
1.52747824570821535e+02
1.53391218746541455e+02
1.53480920663941163e+02
1.53612052574367908e+02
1.53636968145778013e+02
1.53872902659364286e+02
1.53895207021074384e+02
1.54153074156095300e+02
1.54219672231245482e+02
1.54233476817642185e+02
1.54838685678460592e+02
1.55010221856677731e+02
1.55221947395431556e+02
1.55626005454339463e+02
1.55875719222595905e+02
1.56016874915024545e+02
1.56308710887338265e+02
1.56349746933913792e+02
1.56574909961253013e+02
1.56667548030774640e+02
1.56879776988101241e+02
1.56920733536197787e+02
1.57840272946553426e+02
1.57859181165340857e+02
1.57873639542248640e+02
1.58352632141808925e+02
1.58428100583712080e+02
1.58433206325738581e+02
1.58560737064051438e+02
1.58697098194808802e+02
1.58698410359984166e+02
1.59403177264862563e+02
1.59922184832013073e+02
1.59978046845179023e+02
1.60499120455098989e+02
1.60530550148006569e+02
1.60791637901654127e+02
1.61099219153577337e+02
1.61249674023644928e+02
1.61252809031206112e+02
1.61284258398388062e+02
1.61324035593436605e+02
1.62420828506313086e+02
1.63098253249813183e+02
1.63646485828748382e+02
1.64056342203475907e+02
1.64145998528577110e+02
1.64151656906074294e+02
1.65281167442057694e+02
1.65394851190068891e+02
1.65561753365669034e+02
1.65633077278568436e+02
1.65705853841600913e+02
1.65932401827725869e+02
1.66087543672013851e+02
1.66570939654282768e+02
1.66735600670197357e+02
1.66824067243638751e+02
1.66874612818303490e+02
1.66969507385656357e+02
1.67230181156433929e+02
1.67376057431937085e+02
1.67436728734173954e+02
1.67652363810664241e+02
1.67926514672415834e+02
1.68165767470198261e+02
1.68444647478980244e+02
1.68670830545969181e+02
1.68967010936790388e+02
1.68968089331110718e+02
1.69464477031409047e+02
1.69572327241178328e+02
1.70022945863781985e+02
1.70494369059373724e+02
1.70567975392343357e+02
1.70917416599329471e+02
1.70949904408815030e+02
1.72097846641665058e+02
1.72205433929862266e+02
1.72678143850827411e+02
1.72843400040885996e+02
1.72845893587481385e+02
1.72959377392845795e+02
1.73041102361862784e+02
1.73132321776714832e+02
1.73239877649189168e+02
1.73272487750328651e+02
1.73445219301259073e+02
1.73686065135586261e+02
1.73764199301126325e+02
1.73939515525135903e+02
1.74399134763171077e+02
1.74474081708689283e+02
1.74506782754002387e+02
1.75291398127717258e+02
1.75350453861356613e+02
1.75361786402932466e+02
1.76132319413702362e+02
1.76185910380730093e+02
1.76293441164362548e+02
1.76311847441841081e+02
1.77481322089971258e+02
1.77542863463174541e+02
1.77633363253862768e+02
1.77793376437054661e+02
1.77914039044456558e+02
1.78146252019607914e+02
1.78584362992183770e+02
1.78681708470069537e+02
1.78876821891467785e+02
1.78895314050902556e+02
1.78976782599330420e+02
1.79052619069749511e+02
1.79362715030378439e+02
1.79735091552681382e+02
1.79832152519928030e+02
1.80181301321670105e+02
1.80393503928303915e+02
1.80607580091339514e+02
1.80765401872188448e+02
1.80929507607138589e+02
1.81194565312475362e+02
1.81279508957011558e+02
1.81687562943434642e+02
1.81695830040221580e+02
1.81811762398064985e+02
1.82837187484693970e+02
1.82934096097405046e+02
1.83012228433705900e+02
1.83423437685775127e+02
1.83510126101523838e+02
1.83753104776619978e+02
1.84183771011342344e+02
1.84305229192995455e+02
1.84322408910058016e+02
1.84916787443668511e+02
1.85590901427673373e+02
1.85700032710867845e+02
1.85965586333424994e+02
1.86166952406973564e+02
1.86423708984570993e+02
1.86643522496885566e+02
1.87206492599994903e+02
1.87280823800730332e+02
1.87285376162630399e+02
1.87503351789573401e+02
1.87852839353921922e+02
1.87853907435723812e+02
1.87937474374165106e+02
1.87984804074270670e+02
1.88173613461870616e+02
1.88294533176059559e+02
1.88545283417872383e+02
1.88642676245446296e+02
1.88935763151272681e+02
1.89094007958542278e+02
1.89254816289300862e+02
1.90056727789457341e+02
1.90076977873893782e+02
1.90143122747660811e+02
1.90359516124402944e+02
1.90520742744155115e+02
1.91356188151183176e+02
1.91377483586156586e+02
1.91448337195246012e+02
1.91820744127705950e+02
1.91970188856653209e+02
1.91980101130275216e+02
1.92330538961829632e+02
1.92362780228172340e+02
1.92480866436422417e+02
1.92612390692797021e+02
1.92714660947697610e+02
1.93312531274411100e+02
1.93315873963303119e+02
1.93355513421441344e+02
1.93689195675229399e+02
1.93929593448611087e+02
1.94235469718019004e+02
1.94316160960561035e+02
1.94517265333677756e+02
1.94566701299344260e+02
1.95038428896124287e+02
1.95078601499361071e+02
1.95725245993407214e+02
1.96056747989172266e+02
1.96293796733335824e+02
1.96525648943479581e+02
1.96704116461350196e+02
1.97086453945022697e+02
1.97151698137690062e+02
1.97178176872518890e+02
1.97657109490485595e+02
1.98061762884137863e+02
1.98175100957384302e+02
1.98513846386833535e+02
1.98567167637388650e+02
1.98593479631758129e+02
1.99098861329803071e+02
1.99292495959073392e+02
1.99973120311159846e+02
2.00382834705770534e+02
2.00531041443482820e+02
2.00771874740993496e+02
2.01286716600319437e+02
2.01304770256696827e+02
2.01645624672998878e+02
2.01691938379323119e+02
2.01708852378737646e+02
2.01885438102157650e+02
2.01988543228304621e+02
2.02317324467952574e+02
2.02503325183011754e+02
2.02614451086973446e+02
2.03024525857707317e+02
2.03088398169021474e+02
2.03159314669846822e+02
2.03241421896993131e+02
2.03322406466112056e+02
2.03455407247598771e+02
2.03455742235003299e+02
2.03498290860849750e+02
2.03525123266329757e+02
2.03536393698879181e+02
2.03582520661066724e+02
2.04930777405719681e+02
2.04945127445848044e+02
2.05267060225206251e+02
2.05355683436577152e+02
2.05496918437460948e+02
2.05500808670121529e+02
2.05504415180636386e+02
2.06262828316982308e+02
2.06325712429351142e+02
2.06476725644708836e+02
2.06618997264082964e+02
2.06663652949616818e+02
2.06754725233373421e+02
2.07502889886102082e+02
2.07891840181315530e+02
2.07902517518212875e+02
2.07956063686489813e+02
2.08292755361222191e+02
2.08333293444956155e+02
2.08423638867260564e+02
2.08508975744601798e+02
2.08568834464739126e+02
2.08820692239165083e+02
2.08996172809730353e+02
2.09126934184580790e+02
2.09352011004653434e+02
2.10403069948569794e+02
2.10596696174692596e+02
2.11023177189666853e+02
2.11578108421665291e+02
2.11755545157613454e+02
2.11931285328437099e+02
2.12052064451061852e+02
2.12058856052387256e+02
2.12212951308205362e+02
2.12333815252297825e+02
2.12590926815778658e+02
2.12644323808483762e+02
2.12896353112071864e+02
2.13337577558089322e+02
2.13578840334146406e+02
2.14484165340302638e+02
2.14490945888844124e+02
2.14937817246783510e+02
2.14981884811554522e+02
2.15018226569640575e+02
2.15288053096281430e+02
2.15527192694052189e+02
2.15742201989232058e+02
2.15966629683274675e+02
2.16222675668048225e+02
2.16235837593873612e+02
2.16341203999363358e+02
2.16549950647590862e+02
2.16665868538225993e+02
2.16858924408290704e+02
2.16936561691330326e+02
2.17147269736238002e+02
2.17253835213197220e+02
2.17334992792921526e+02
2.17451441728143237e+02
2.17727859111790167e+02
2.18049200201831695e+02
2.18134209498014059e+02
2.18814742403438800e+02
2.19085413585071478e+02
2.19271754402050647e+02
2.19507710290341976e+02
2.19597867258469250e+02
2.19640533412649546e+02
2.19642098935622982e+02
2.19643931002001835e+02
2.19650024289337125e+02
2.19650113743217418e+02
2.19658849807340715e+02
2.19816096414082921e+02
2.19825548198911179e+02
2.19984815708635978e+02
2.20155567617489766e+02
2.20578697358663675e+02
2.21617053299303024e+02
2.21691702385600820e+02
2.21707899007598712e+02
2.22115703464594958e+02
2.22521066799132683e+02
2.22535626845052519e+02
2.22987892290055100e+02
2.23153465903164658e+02
2.23208043784594054e+02
2.23292169486608174e+02
2.23338995228471703e+02
2.23851825022061064e+02
2.24187016872792810e+02
2.24472091165594577e+02
2.24667953317096874e+02
2.24908404682110131e+02
2.24968123495979683e+02
2.25174746070367718e+02
2.25191240640255330e+02
2.25216700589617801e+02
2.25536488413294649e+02
2.26187040327909671e+02
2.26215906816481123e+02
2.26813631472147591e+02
2.27149224499908428e+02
2.27172475864686675e+02
2.27426681112794853e+02
2.27477852208438122e+02
2.27777658220392766e+02
2.27793130626508514e+02
2.27863205264831777e+02
2.27972901558196583e+02
2.28702979526379437e+02
2.28815845128100079e+02
2.28857647939017255e+02
2.29096069240031113e+02
2.29154973271267039e+02
2.29303759507867682e+02
2.29732452495540372e+02
2.29870599799025285e+02
2.29918759377714252e+02
2.30157310824601808e+02
2.30337354105586172e+02
2.30920627197229209e+02
2.31017304964164111e+02
2.31102505995927430e+02
2.31163557443951277e+02
2.31236649448915017e+02
2.31243404940715578e+02
2.31329570090788053e+02
2.31765970183928232e+02
2.32228353771072108e+02
2.32545204551073738e+02
2.32729327811394455e+02
2.32984620888811520e+02
2.33519691237349889e+02
2.33668540787121060e+02
2.33799874244155802e+02
2.33874897686046495e+02
2.33879862057228280e+02
2.33982662691116531e+02
2.34244682016879267e+02
2.34283979198004801e+02
2.34309760405658153e+02
2.34408392174325201e+02
2.35031133953487313e+02
2.35063249699059043e+02
2.35227387158196791e+02
2.35483540002935939e+02
2.36101540235421567e+02
2.36375493729540352e+02
2.36383679075928626e+02
2.36435661896495986e+02
2.36435839562854227e+02
2.36488242747172421e+02
2.36790718292930194e+02
2.36836583985983964e+02
2.37349583330099449e+02
2.37424771825237769e+02
2.37837576456790345e+02
2.38286338231215666e+02
2.38419207736491671e+02
2.38490992429717664e+02
2.39001616005543468e+02
2.39151178601548708e+02
2.39263382188841376e+02
2.39333172354152367e+02
2.39375284089944557e+02
2.39786535925174007e+02
2.39875310567140417e+02
2.39930332334594283e+02
2.40192551503964324e+02
2.40542042407630191e+02
2.40618209340080995e+02
2.40651445237522978e+02
2.40670795110963525e+02
2.40868919843412499e+02
2.40963148093741410e+02
2.41015118495662705e+02
2.41196563578003236e+02
2.41217003538207848e+02
2.41238872795669806e+02
2.41616595164914060e+02
2.42233091531061376e+02
2.42590594694438892e+02
2.42678975144642465e+02
2.42740278491368002e+02
2.43287584456576809e+02
2.43303904841570017e+02
2.43326848320914678e+02
2.43386272539775746e+02
2.43627824416903877e+02
2.43735257510593783e+02
2.43943193823646254e+02
2.44217252016458815e+02
2.44355726882187298e+02
2.44935171532691413e+02
2.45198012491028720e+02
2.45351528965903157e+02
2.45811146606071446e+02
2.46080469116277840e+02
2.46089648427887738e+02
2.46148851804953381e+02
2.46346664858121841e+02
2.46354853429360503e+02
2.46592822835802394e+02
2.46646746830422813e+02
2.46839395306103313e+02
2.47384302880003702e+02
2.47449511200088182e+02
2.47629686496293886e+02
2.48314718000751157e+02
2.48370770518382869e+02
2.48457460647177868e+02
2.48704293879653278e+02
2.48772445927776261e+02
2.48898955135933051e+02
2.49092165437306647e+02
2.49337933415115458e+02
2.49434766231015885e+02
2.49495964624737923e+02
2.49505402924313444e+02
2.49691305382929471e+02
2.49807083076834374e+02
2.49995258903835889e+02
2.50989571628436607e+02
2.51049921994542956e+02
2.51777151578498064e+02
2.51947298197179634e+02
2.51980001875137930e+02
2.52973274520807394e+02
2.53347745934192176e+02
2.53688510987166808e+02
2.53693436640726816e+02
2.53697865525209096e+02
2.53781105128078337e+02
2.53811447790163072e+02
2.53811731901918989e+02
2.53816463681048077e+02
2.53872292439626449e+02
2.54053479463760624e+02
2.54064898697607589e+02
2.54126737570082980e+02
2.54137733484141364e+02
2.54234562456227565e+02
2.54423803701222226e+02
2.54639336260727873e+02
2.54727942421986683e+02
2.54884682972630543e+02
2.54946542864699040e+02
2.55328867095583945e+02
2.55371073735802497e+02
2.55868072451074994e+02
2.55888747741605783e+02
2.55899106954742848e+02
2.56088967718864581e+02
2.56140243717859562e+02
2.56397669807416150e+02
2.56458886059049689e+02
2.56742397449568898e+02
2.57062473229009470e+02
2.57109417370780875e+02
2.57115798248172268e+02
2.57598557717341350e+02
2.57822564460078695e+02
2.58226315066229802e+02
2.58231082718865423e+02
2.58360501970580742e+02
2.58397315416383549e+02
2.58630898358519346e+02
2.59127781971155855e+02
2.59140756917908561e+02
2.59216726078338297e+02
2.59849754085830739e+02
2.60097100353229621e+02
2.60146967731473978e+02
2.60278996344746190e+02
2.60712621370999898e+02
2.60766510965678890e+02
2.60790196253379918e+02
2.60854317752462748e+02
2.60986658949585774e+02
2.61616380416457673e+02
2.61680223108407972e+02
2.62362210973776655e+02
2.62564940886318482e+02
2.62606713283177498e+02
2.62819090146896713e+02
2.63051481328751777e+02
2.63482222365350879e+02
2.63654302111727645e+02
2.63697501913546262e+02
2.63905036371479468e+02
2.64139105149999182e+02
2.64152003708957295e+02
2.64178242009318240e+02
2.64194727347413618e+02
2.64332163950432346e+02
2.64388761910373034e+02
2.64512671716868056e+02
2.64663412811602768e+02
2.64768702595531522e+02
2.65468750481039422e+02
2.65638100545614066e+02
2.65735856850846233e+02
2.65748064191187666e+02
2.65842933873593608e+02
2.66004610149257360e+02
2.66560793175339938e+02
2.66714191262125212e+02
2.66965165817832769e+02
2.67159576277872361e+02
2.67287009532402749e+02
2.67289753839033096e+02
2.67352161824901373e+02
2.67362670832856224e+02
2.67613627161422016e+02
2.68295754338966674e+02
2.68309514911151496e+02
2.68894101009786368e+02
2.68904822017246545e+02
2.69022795800263566e+02
2.69072564051471659e+02
2.69668857808270786e+02
2.70391337471171823e+02
2.70479982906574435e+02
2.70594357178093276e+02
2.70651251807483391e+02
2.70733144021166368e+02
2.70734613164961502e+02
2.70838104490807268e+02
2.71012056694480520e+02
2.71043252606646035e+02
2.71109803113053601e+02
2.71129236467005853e+02
2.71280174945731574e+02
2.71357307917875630e+02
2.71597756610636679e+02
2.71600093611363832e+02
2.71776430296120509e+02
2.71776831127285732e+02
2.72183610890849479e+02
2.72500856981708012e+02
2.72555992471623483e+02
2.72609894176630576e+02
2.72612278720293602e+02
2.73115157140383076e+02
2.73159903112318943e+02
2.73556136293942700e+02
2.73570594537966429e+02
2.73699175638020165e+02
2.74041485613698114e+02
2.74047750634445720e+02
2.74074707249793448e+02
2.74075793384231019e+02
2.74351074750168607e+02
2.74659930981848163e+02
2.75064150782898594e+02
2.75134219840360515e+02
2.75260545746911760e+02
2.75628787087977059e+02
2.75706519258123194e+02
2.76006947219293977e+02
2.76097841964148301e+02
2.76874309195601711e+02
2.77069040933909491e+02
2.77340157276872276e+02
2.77405982027195421e+02
2.77777834107916476e+02
2.77837018890165780e+02
2.78418823316387829e+02
2.78927351333593322e+02
2.78939336443835259e+02
2.78952070953367524e+02
2.79047051275369085e+02
2.79218793860984647e+02
2.79234828146319728e+02
2.79293150856241994e+02
2.79501946132045305e+02
2.79552190092740432e+02
2.80090937694797844e+02
2.80116533701446315e+02
2.80184850639906472e+02
2.80258297060108077e+02
2.80456185804129916e+02
2.80580533315477282e+02
2.80730415710439900e+02
2.81084712519530626e+02
2.81537700560783776e+02
2.81602504727528185e+02
2.81915347717549764e+02
2.82224528970285121e+02
2.82280833171171764e+02
2.82356399083979795e+02
2.82361772820091858e+02
2.82423250585207882e+02
2.82522003864791884e+02
2.82530032972289575e+02
2.82798547880123692e+02
2.82825632288910924e+02
2.83570381390791113e+02
2.83785822179027321e+02
2.83854793942408946e+02
2.84203648422033382e+02
2.84315946053060031e+02
2.84326016159819801e+02
2.84441779083036863e+02
2.84507243332886446e+02
2.84615342316621252e+02
2.84634162211464684e+02
2.84884926942420577e+02
2.84943926212917688e+02
2.85017307981896579e+02
2.85134555844585918e+02
2.85427767667055718e+02
2.86011360024658984e+02
2.86065522705186936e+02
2.86480339995104714e+02
2.86882331395262725e+02
2.86949545910843312e+02
2.86967591698126341e+02
2.87040085637345896e+02
2.87403541393637113e+02
2.87835390709263038e+02
2.88102038912628416e+02
2.88104294028639174e+02
2.88261091855230575e+02
2.88491644116134466e+02
2.88751777932257824e+02
2.88946183699800088e+02
2.89282495376235659e+02
2.89314971479426163e+02
2.89600166083958470e+02
2.89648069949183082e+02
2.89708873612013804e+02
2.89799714679251849e+02
2.89898814545412790e+02
2.89917427031473380e+02
2.90088222074561372e+02
2.90089289782156300e+02
2.90329822244832940e+02
2.90330150725123303e+02
2.90336979595342882e+02
2.90365871547716836e+02
2.90368962539198264e+02
2.90822451485861507e+02
2.90828820798779532e+02
2.91015644686130145e+02
2.91067869464212947e+02
2.91705006324484827e+02
2.91791543638243297e+02
2.91803465111410958e+02
2.91928145640406910e+02
2.92021715964463681e+02
2.92194689579099929e+02
2.92855427714000996e+02
2.93660397523305392e+02
2.93723429856479527e+02
2.94149646839673096e+02
2.94310063897576754e+02
2.94452246275593325e+02
2.94547237373127643e+02
2.94570776540551719e+02
2.94576321985572406e+02
2.94625251984769477e+02
2.94918836563274965e+02
2.94966396135816467e+02
2.95212124418606606e+02
2.95521752563594248e+02
2.95589473354381084e+02
2.96009999575936945e+02
2.96326089777069740e+02
2.96416256353409665e+02
2.96623440455380660e+02
2.96645984163034086e+02
2.96659997575646742e+02
2.96774282358176833e+02
2.96851898231828159e+02
2.96863424422170340e+02
2.96971520759745147e+02
2.97304595524763727e+02
2.97737462517737299e+02
2.97967572728370044e+02
2.97972537632900469e+02
2.98373463914617389e+02
2.98563646413005472e+02
2.98801172577764703e+02
2.98829336671111434e+02
2.99180257143036727e+02
2.99509429500148030e+02
2.99758969848146990e+02
2.99762444782712748e+02
2.99782354221003686e+02
2.99782553110770891e+02
2.99849583684954951e+02
2.99872240130267357e+02
3.00034161112317975e+02
3.00055426278597508e+02
3.00325897649499723e+02
3.00335205879375337e+02
3.00440548392328424e+02
3.00821405458359891e+02
3.01105767738661996e+02
3.01376224040917407e+02
3.01508777046718251e+02
3.01808706613044706e+02
3.02055557646923262e+02
3.02360608764539109e+02
3.02522579024973481e+02
3.02726389743303741e+02
3.02988275709425295e+02
3.03213133001078859e+02
3.03393608700457946e+02
3.03410425805076898e+02
3.03429850042228566e+02
3.03573150735977379e+02
3.03818670082233893e+02
3.03865063660570513e+02
3.03903069405173881e+02
3.03970646960061856e+02
3.04000076671713373e+02
3.04742090051889193e+02
3.05076328186734258e+02
3.05377620128509591e+02
3.05395078113704358e+02
3.05537498461127143e+02
3.05734061694758395e+02
3.05890184814271493e+02
3.06031163916640935e+02
3.06175756734199012e+02
3.06541257260375517e+02
3.06581199325044963e+02
3.06743680613076435e+02
3.06751524217812346e+02
3.06851996235045135e+02
3.06972080304791120e+02
3.07253255078609470e+02
3.07282804043620899e+02
3.07290602770994496e+02
3.07342881131298498e+02
3.07589060290199598e+02
3.07623954117040057e+02
3.07953941708311106e+02
3.08571323993562260e+02
3.08630982738973103e+02
3.08938527254943267e+02
3.09164204389665542e+02
3.09164819040024327e+02
3.09286058989081653e+02
3.09470613406826999e+02
3.09471063565064526e+02
3.09688504357102090e+02
3.09987402695986759e+02
3.10768296161568628e+02
3.10825187738325155e+02
3.11212682231539702e+02
3.11557615921274191e+02
3.11863278794621976e+02
3.12000571782137172e+02
3.12050872261358279e+02
3.12055090097583331e+02
3.12057408525012534e+02
3.12112900352011195e+02
3.12119862736208063e+02
3.12312641168739049e+02
3.12602842870689813e+02
3.12799855305650965e+02
3.12992054937317278e+02
3.13083215695656463e+02
3.13094569218882043e+02
3.13096327609007858e+02
3.13545915778317863e+02
3.13641194226601499e+02
3.13747456675010881e+02
3.13767465413418165e+02
3.13850986102071886e+02
3.13855930884078418e+02
3.14158009471854655e+02
3.14162785172751740e+02
3.14342491914131756e+02
3.14475798896458571e+02
3.14692814251691175e+02
3.14714540067331484e+02
3.14828916837799852e+02
3.15142222308230487e+02
3.15417480798427903e+02
3.15498527538413043e+02
3.16056338352301907e+02
3.16576917686192417e+02
3.16842489540028282e+02
3.16930842293986473e+02
3.16939528135150454e+02
3.16952329750301089e+02
3.17051909043759053e+02
3.17232648991658721e+02
3.17375980200896322e+02
3.17643217061493658e+02
3.17748168470104247e+02
3.17830741291702338e+02
3.17970825147101607e+02
3.17980846147731711e+02
3.18317770749121905e+02
3.18504614425636873e+02
3.18667133849558866e+02
3.18682510072886885e+02
3.18687457916576363e+02
3.19076672330368183e+02
3.19188744806435636e+02
3.19284991958525779e+02
3.19627597522228143e+02
3.19700354454664591e+02
3.20110529273136024e+02
3.20333611642527330e+02
3.20448244894399522e+02
3.20459526881965473e+02
3.20464035786692250e+02
3.20775979839135914e+02
3.20836115291405633e+02
3.21411163286242299e+02
3.21488573867768935e+02
3.21525092970493972e+02
3.21742996477087729e+02
3.21754164458001185e+02
3.22111397941998916e+02
3.22485098802242476e+02
3.22512115463134535e+02
3.22757607871437529e+02
3.22831255890102568e+02
3.22938808536834870e+02
3.22978820442245421e+02
3.23289375751522925e+02
3.23386735402422460e+02
3.23556204995175278e+02
3.23910801638613634e+02
3.23931910506999543e+02
3.23932611742298946e+02
3.24629985371912426e+02
3.24651450301836405e+02
3.24760752941458009e+02
3.24795935698044218e+02
3.24823131854616065e+02
3.24850027389648858e+02
3.24916579963445713e+02
3.25072562444437608e+02
3.25443746280238770e+02
3.25455292607808246e+02
3.25524743031829928e+02
3.25600412473647680e+02
3.25754941432654221e+02
3.26120968067572221e+02
3.26181954374003396e+02
3.26843944866899164e+02
3.26925178856977482e+02
3.26979566135649407e+02
3.27230431695865548e+02
3.27695209674599596e+02
3.28125028561292766e+02
3.28197512668858451e+02
3.28219146710392920e+02
3.28434573548670812e+02
3.28436890121135207e+02
3.28825395518548078e+02
3.28825786740206070e+02
3.29198083920942338e+02
3.29198780695997471e+02
3.29975164528033474e+02
3.30018323160548334e+02
3.30021853459553142e+02
3.30025990956782891e+02
3.30072835209369373e+02
3.30118756062489467e+02
3.30211981807746611e+02
3.30267247379263097e+02
3.30498515103429725e+02
3.30520934859010652e+02
3.30771198777842585e+02
3.30934211523332749e+02
3.30938791181509941e+02
3.31712827590820268e+02
3.31713251618503818e+02
3.31905049488689940e+02
3.32115865670612550e+02
3.32173371273005614e+02
3.32378486491793637e+02
3.32410650366535776e+02
3.32425110372933261e+02
3.32678359732468039e+02
3.32753085465211086e+02
3.32811900420887525e+02
3.33010389798847086e+02
3.33184477348918449e+02
3.33216308595029773e+02
3.33230966577787967e+02
3.33464150114087829e+02
3.33528412816677360e+02
3.33676203364846401e+02
3.33710065956854294e+02
3.33777670821161678e+02
3.33908047518801823e+02
3.33941510792245310e+02
3.34137037800211999e+02
3.34144990537894842e+02
3.34287840985818207e+02
3.35108322088693455e+02
3.35801632747588314e+02
3.36009108568091335e+02
3.36040809274987510e+02
3.36169118243366313e+02
3.36195480680332764e+02
3.36232881784187668e+02
3.36277904735490210e+02
3.36381849428038379e+02
3.36395370599969169e+02
3.36470306381172918e+02
3.36488338699163535e+02
3.36847051530821602e+02
3.36882985774339829e+02
3.36893646402153536e+02
3.37306541369428544e+02
3.37588431277307222e+02
3.37691507087598552e+02
3.38119587892463926e+02
3.38134062969641661e+02
3.38138547668713500e+02
3.38325327769303556e+02
3.38700545669610392e+02
3.39101612340555789e+02
3.39109613278847974e+02
3.39117672378244777e+02
3.39667176754757179e+02
3.39862456534012040e+02
3.39910456503910552e+02
3.40336075861290624e+02
3.41085042844156249e+02
3.41248307601898659e+02
3.41456879697127590e+02
3.41979525415892226e+02
3.42140169764202653e+02
3.42240342738546019e+02
3.42446042704600643e+02
3.42516841241028089e+02
3.42783299204954801e+02
3.42795822919450018e+02
3.42853661179581422e+02
3.42970516364826551e+02
3.42973580114508593e+02
3.42995422241060680e+02
3.43146122154516263e+02
3.43147490579769510e+02
3.43176020047652457e+02
3.43581169339985138e+02
3.43641316984916728e+02
3.43785146911582046e+02
3.43796073278362542e+02
3.43902625275633454e+02
3.44020467542891311e+02
3.44127554036865604e+02
3.44227339035589750e+02
3.44282156818969497e+02
3.44581089737319701e+02
3.44593125338999471e+02
3.44790728271041019e+02
3.45194589276147667e+02
3.45251367614947299e+02
3.45391867325729493e+02
3.45394017273097688e+02
3.45430077543424488e+02
3.45450200538130218e+02
3.45664288420845310e+02
3.46129124613319561e+02
3.46150626224452196e+02
3.46235605277531249e+02
3.46627978157327959e+02
3.46786404063644909e+02
3.46819072819806593e+02
3.47124467345004518e+02
3.47217879756490390e+02
3.47579569410991667e+02
3.47599387918870150e+02
3.47875778680487599e+02
3.47923229180463181e+02
3.48303049168981602e+02
3.48307228480759534e+02
3.48544946661297502e+02
3.48590648892660738e+02
3.48792362233602091e+02
3.48834061770288201e+02
3.48867697983437836e+02
3.49071278174983433e+02
3.49071580092735360e+02
3.49511653249196343e+02
3.49512498602981623e+02
3.49610233142440620e+02
3.49967399727402096e+02
3.50021536250901306e+02
3.50131522907345413e+02
3.50239609836010800e+02
3.50605226354620470e+02
3.50721973448654524e+02
3.50918960010546925e+02
3.51031859504077886e+02
3.51072705395509388e+02
3.51086971374612460e+02
3.51296007749864089e+02
3.51492159596291287e+02
3.51873008894936220e+02
3.51950336743261801e+02
3.51957775809125906e+02
3.52378369548294359e+02
3.52686260641990089e+02
3.52768260384455118e+02
3.52824736006502008e+02
3.52915760499800228e+02
3.52945244571263459e+02
3.52954069443088144e+02
3.53013323298875946e+02
3.53141945995588230e+02
3.53225370065101629e+02
3.53293079096896690e+02
3.53299240811513357e+02
3.53439551262246084e+02
3.53632531614421509e+02
3.53974214164248622e+02
3.53988186179582954e+02
3.54431224475237116e+02
3.54529402530311188e+02
3.54703298821015892e+02
3.54812360057076091e+02
3.54897749262248169e+02
3.55043096002990637e+02
3.55054667064367777e+02
3.55247464211753311e+02
3.55705123299505090e+02
3.55772797608996370e+02
3.56276347314504051e+02
3.56412811482279949e+02
3.56426257063975356e+02
3.56476011578987482e+02
3.56495694627387309e+02
3.56734417094924254e+02
3.57115733836406321e+02
3.57505616904538329e+02
3.57561512962224640e+02
3.57581654630078219e+02
3.57874451555134328e+02
3.58000448916387484e+02
3.58144495083409993e+02
3.58594017796987032e+02
3.58703827318073081e+02
3.58838492459052134e+02
3.59054066263824495e+02
3.59865108548208127e+02
3.59897139461411655e+02
3.60105410926614354e+02
3.60109594257007984e+02
3.60292194158537768e+02
3.60293586535772988e+02
3.60691368874297837e+02
3.60846058422396140e+02
3.61477563727357506e+02
3.61782059165389910e+02
3.61804797532587145e+02
3.61941774230241379e+02
3.62058123304617538e+02
3.62403270635320098e+02
3.62932765909935142e+02
3.62934999806385576e+02
3.63123510639112396e+02
3.63125037507918591e+02
3.63232855579227362e+02
3.63323911603886472e+02
3.63331802576246787e+02
3.63364704408939701e+02
3.63372590768152065e+02
3.63436545199169473e+02
3.63470596672208558e+02
3.63700471669406454e+02
3.63838317298894140e+02
3.63853433468182516e+02
3.63958731497322617e+02
3.63985628845167525e+02
3.64327825926304683e+02
3.64404872894465257e+02
3.64647802192563972e+02
3.64705522803354995e+02
3.64712003866685450e+02
3.64791634393472805e+02
3.64856193916995494e+02
3.65027141116814164e+02
3.65513270016539423e+02
3.65812914023472445e+02
3.65825272153534797e+02
3.65859278572609071e+02
3.65876469592486899e+02
3.65882921599965016e+02
3.66270232936722209e+02
3.66274051478959166e+02
3.66628996721512635e+02
3.66820883624741896e+02
3.66920338091386839e+02
3.67066476873407851e+02
3.67240320526921437e+02
3.67409864969046794e+02
3.67580873314249800e+02
3.67707072904256052e+02
3.67952361441620610e+02
3.68030779111909510e+02
3.68133369169279490e+02
3.68163649606988088e+02
3.68201450826371627e+02
3.68264825768797948e+02
3.68290338563595810e+02
3.68378675224473625e+02
3.68863722465364845e+02
3.69365331406364874e+02
3.69436471209246918e+02
3.69584002920426769e+02
3.69901486188155104e+02
3.69901514560699866e+02
3.70200791882258557e+02
3.70376668942614742e+02
3.70383344280178449e+02
3.70410686270477015e+02
3.70411586958442228e+02
3.70474655486519282e+02
3.70479279044994939e+02
3.70836342583635485e+02
3.70916567319997739e+02
3.71020484247018601e+02
3.71121299837825063e+02
3.71124031219446010e+02
3.71255506712468446e+02
3.71860636629489136e+02
3.71873075016041071e+02
3.72001917003713288e+02
3.72374373844517322e+02
3.72441327907268146e+02
3.72447751568079525e+02
3.72564829220075353e+02
3.72844975336479649e+02
3.73026718634416113e+02
3.73076368371184913e+02
3.73116153524770766e+02
3.73418810870576010e+02
3.73576135007247331e+02
3.73787582750326351e+02
3.73915378346928605e+02
3.74383159769767133e+02
3.74478366698699460e+02
3.74499813387523659e+02
3.74600000275754667e+02
3.74637521908784151e+02
3.74918531151675609e+02
3.75230670818777014e+02
3.75333468952844498e+02
3.75345732788147131e+02
3.75481112595559864e+02
3.75505965609219004e+02
3.75512147341026207e+02
3.75627118318124133e+02
3.75627468069167946e+02
3.75681735930118975e+02
3.75732760215965698e+02
3.75742324354060315e+02
3.76115125229276487e+02
3.76290577255954247e+02
3.76476755429582397e+02
3.76529106875594550e+02
3.76824570290165184e+02
3.76977193572553006e+02
3.77961766406191657e+02
3.78014742721567359e+02
3.78015778969408814e+02
3.78040221131019734e+02
3.78197944215862208e+02
3.78236147809676538e+02
3.78248159028109228e+02
3.78304069472223489e+02
3.78345878301332220e+02
3.79281494608718219e+02
3.79327939870817318e+02
3.79830252510133846e+02
3.80074331058082805e+02
3.80155716364039336e+02
3.80418134134633988e+02
3.80931483981847975e+02
3.81026673992103156e+02
3.81064074986329956e+02
3.81066183610347707e+02
3.81193505024285628e+02
3.81194558238775755e+02
3.81235340680059039e+02
3.81256276390439723e+02
3.81376893018593307e+02
3.81679531708526781e+02
3.81681309273387456e+02
3.81757167000154880e+02
3.81826833862939509e+02
3.82114360079349922e+02
3.82229133677387665e+02
3.82447327847304848e+02
3.82652992360214625e+02
3.82654591881232705e+02
3.82811736116880013e+02
3.83308139480834711e+02
3.83452740487355129e+02
3.83662441518517539e+02
3.83844820394296164e+02
3.83869519800440855e+02
3.84486241764998624e+02
3.84579724457034558e+02
3.84666572850747968e+02
3.84679151174505250e+02
3.84681535474022212e+02
3.84708541466509871e+02
3.84841626765094873e+02
3.84844954893617569e+02
3.84859027083307979e+02
3.85003061428652927e+02
3.85263148378281642e+02
3.85352090117646924e+02
3.85400316559270266e+02
3.86295251765592752e+02
3.86591205316826859e+02
3.86591966167670535e+02
3.86654481946044029e+02
3.86929968952085517e+02
3.86939270679144897e+02
3.87136800086196672e+02
3.87223250613777111e+02
3.87245601289961826e+02
3.87653451894382442e+02
3.87710394321277420e+02
3.87797026362235670e+02
3.87800385248624309e+02
3.88191224088346416e+02
3.88225269830863738e+02
3.88243822582074529e+02
3.88264595636024069e+02
3.88778025188651554e+02
3.89278724327222108e+02
3.89309885943810400e+02
3.89368869053726712e+02
3.89395704014109299e+02
3.89420978029665775e+02
3.89427142997272028e+02
3.89689170907383698e+02
3.89704612547672014e+02
3.89733517640747721e+02
3.89757662282515412e+02
3.89856649341569550e+02
3.90402333602421095e+02
3.90523756448192273e+02
3.90548136227759869e+02
3.90735180625301155e+02
3.90985497809859567e+02
3.91031711639549428e+02
3.91158453614939617e+02
3.91315153057849500e+02
3.91315489546649417e+02
3.91442253326591867e+02
3.91445346017273494e+02
3.91549447999589574e+02
3.91665884768356705e+02
3.91742920136338114e+02
3.91894419635625297e+02
3.91895660290881267e+02
3.91969625455547032e+02
3.92283534382667540e+02
3.92794549068800393e+02
3.93003646151294902e+02
3.93314454242937529e+02
3.93367825782238299e+02
3.93436382009436613e+02
3.93506743886328877e+02
3.93537712922956814e+02
3.93538147908664769e+02
3.93538480875537402e+02
3.93709668426787402e+02
3.93953046309414674e+02
3.94397329752597841e+02
3.94436530587415746e+02
3.94600006114236010e+02
3.94666957957174134e+02
3.94767713800776505e+02
3.94847277231590624e+02
3.94886365824585141e+02
3.94897518508281166e+02
3.94906893046459345e+02
3.94958918668816921e+02
3.95162635587887678e+02
3.95214192747751383e+02
3.95834346676886526e+02
3.96257255629671988e+02
3.96318951746373386e+02
3.96320159097174610e+02
3.96329044581137111e+02
3.96382982696262502e+02
3.96408633839507331e+02
3.96479153958972233e+02
3.96648435377898807e+02
3.96701085209081555e+02
3.97734553428297602e+02
3.97875301848893173e+02
3.98485769098903575e+02
3.98486439879230829e+02
3.98516713992491191e+02
3.98943787230618568e+02
3.99482397252511646e+02
3.99623897124673249e+02
3.99663327316264144e+02
3.99762784055099530e+02
3.99791368002204877e+02
3.99793110095099621e+02
4.00134825768165342e+02
4.00141619087425909e+02
4.00413953685091940e+02
4.00455182733239781e+02
4.00569788375546636e+02
4.00932859113107668e+02
4.00966553679901779e+02
4.00994799617124613e+02
4.01335214209078970e+02
4.01353940007892788e+02
4.01437781883575951e+02
4.01488300778377607e+02
4.01549667061081152e+02
4.01577278920893320e+02
4.01710636765214645e+02
4.01719478256223908e+02
4.02120975350437959e+02
4.02186345409756939e+02
4.02434637418043167e+02
4.02501569825404147e+02
4.02879214761986589e+02
4.03204004787782083e+02
4.03597830645263400e+02
4.03823892307762719e+02
4.03824837721108452e+02
4.03998117154421209e+02
4.04000738613109093e+02
4.04022649377738105e+02
4.04025630119354616e+02
4.04163845352848284e+02
4.04192131442404047e+02
4.04197847479801112e+02
4.04257349809902166e+02
4.04683808194155176e+02
4.04740844162066480e+02
4.05322580676970460e+02
4.05359342252114288e+02
4.05517739482637865e+02
4.05557895724597131e+02
4.05804723782492829e+02
4.05812872567676834e+02
4.05887416186263749e+02
4.06266903225419355e+02
4.06335841773035497e+02
4.06363730512802817e+02
4.06578379547442125e+02
4.06603480021039388e+02
4.06825237303954850e+02
4.06946750045590989e+02
4.06963966154063314e+02
4.07591860578592332e+02
4.07762173121588091e+02
4.07866892351261356e+02
4.08348977937149527e+02
4.08353079269824946e+02
4.08537201316502433e+02
4.08748086034843027e+02
4.08879111717409330e+02
4.08909855787048173e+02
4.09088769837283337e+02
4.09094098948925591e+02
4.09494549594793909e+02
4.09494725066235048e+02
4.09562444961260098e+02
4.09569757784596447e+02
4.09641929679608324e+02
4.09865262212790583e+02
4.09947999290070527e+02
4.09996521536570242e+02
4.10161471672825542e+02
4.10264491566621700e+02
4.10342148312915810e+02
4.10344321685909392e+02
4.10440700179156920e+02
4.10467053994727905e+02
4.10592597461828746e+02
4.10649355004044025e+02
4.11270287151797788e+02
4.11278484073488926e+02
4.11304986970163384e+02
4.11313763599308345e+02
4.11465979608445934e+02
4.11562835103020859e+02
4.11825821540808306e+02
4.11842896882909088e+02
4.12024117938812140e+02
4.12024599920052310e+02
4.12152454905445609e+02
4.12210639799113039e+02
4.12397545114905597e+02
4.12491451709300918e+02
4.12628591763622524e+02
4.12669366366932252e+02
4.12791890884482257e+02
4.12929861382319757e+02
4.13285210829776418e+02
4.13312123143929227e+02
4.13312781435454326e+02
4.13540735879632678e+02
4.13625019713485869e+02
4.13959691728028474e+02
4.13962728207496809e+02
4.13963804858380115e+02
4.14115451809548802e+02
4.14146110482803863e+02
4.14466675098920518e+02
4.14777328822746085e+02
4.14778807690060660e+02
4.15076319332597393e+02
4.15086489454540072e+02
4.15211663432805153e+02
4.15212724101355946e+02
4.15281854376282126e+02
4.15396795431110490e+02
4.15529563229002633e+02
4.15552503424415363e+02
4.15791940102422927e+02
4.15797444818535951e+02
4.15964792875539786e+02
4.16281004258527844e+02
4.16818420388520678e+02
4.16942702807055809e+02
4.16992057689988428e+02
4.17014093871661373e+02
4.17494543784002474e+02
4.17650725439882535e+02
4.17698882432689288e+02
4.17742873492457250e+02
4.18669443810566975e+02
4.19034736749910508e+02
4.19076532692947808e+02
4.19120179832757799e+02
4.19121341168255640e+02
4.19147889761178249e+02
4.19202220205426499e+02
4.19463475869432102e+02
4.19468305210525159e+02
4.19653157179122104e+02
4.19767795671560691e+02
4.20336780763390436e+02
4.20387830447664101e+02
4.20667671939722766e+02
4.20675529677414772e+02
4.20750778169374769e+02
4.20878897398924948e+02
4.21469582900025728e+02
4.21635104882915357e+02
4.21644941846407960e+02
4.21662833715062447e+02
4.21964467282304440e+02
4.21980344652939436e+02
4.22085533925548930e+02
4.22102601134466624e+02
4.22180184060249587e+02
4.22223689443846752e+02
4.22243514110114177e+02
4.22282977673512221e+02
4.22367839296548880e+02
4.23216392900726817e+02
4.23218918240879759e+02
4.23620107790591817e+02
4.23722171785608907e+02
4.23808160420267143e+02
4.23818445004418606e+02
4.23820749136164693e+02
4.24256833803561847e+02
4.24350046328013491e+02
4.24350356950106800e+02
4.24373566470023718e+02
4.24480449137275912e+02
4.24881255068127643e+02
4.25075280177256445e+02
4.25096296335113152e+02
4.25638175242056320e+02
4.25801202097328598e+02
4.26320171515862341e+02
4.26344700159025763e+02
4.26434459952738735e+02
4.26441463165188566e+02
4.26510613045064076e+02
4.26539023636741604e+02
4.26539792614492001e+02
4.26631916109499684e+02
4.26754394761250524e+02
4.26758866134710502e+02
4.26876619193832767e+02
4.27082265227988046e+02
4.27282311708588281e+02
4.27283593093970694e+02
4.27812600088560941e+02
4.27885239333694017e+02
4.27982026034793819e+02
4.28055216262310125e+02
4.28168915150091038e+02
4.28169384542082298e+02
4.28317362659333014e+02
4.28439706327155250e+02
4.28626794006908028e+02
4.29062761894544735e+02
4.29384508252372370e+02
4.29385453454669005e+02
4.29389177740586831e+02
4.29395660360475290e+02
4.29466231537203157e+02
4.29719477567872389e+02
4.29787043795829959e+02
4.30211313144884969e+02
4.30231373867458558e+02
4.30258953187451652e+02
4.30352951166811408e+02
4.30457240858681075e+02
4.30556866525163571e+02
4.30893524257099727e+02
4.30970276005814924e+02
4.31090451521700118e+02
4.31091003793450966e+02
4.31107970741305394e+02
4.31334306866885754e+02
4.31429283246232103e+02
4.31612720086226034e+02
4.31911409340220644e+02
4.32360820847560490e+02
4.32730146040982561e+02
4.32777989945078104e+02
4.32816562037738720e+02
4.32819594554879586e+02
4.32917780690872007e+02
4.33354684887200619e+02
4.33434967750648411e+02
4.33512037680828712e+02
4.33512541750690843e+02
4.33913750556507921e+02
4.33924849815097559e+02
4.34286459886333830e+02
4.34488291031039068e+02
4.34555879632160895e+02
4.34641980066153792e+02
4.34697877390770088e+02
4.34699089968749945e+02
4.34724972480622284e+02
4.34924763928691618e+02
4.34991177240731872e+02
4.35059677371925204e+02
4.35275144829674161e+02
4.35379317611716317e+02
4.35595052390573585e+02
4.35892083352197346e+02
4.35892902781659473e+02
4.35907967285604855e+02
4.35916766802826430e+02
4.35918199253493697e+02
4.35997679035151862e+02
4.36130168768844214e+02
4.36426052909898488e+02
4.36590256430256716e+02
4.36614997861132792e+02
4.36615701534932896e+02
4.37061048322352121e+02
4.37096768966311402e+02
4.37440861038858884e+02
4.37486650394938351e+02
4.37561544009547276e+02
4.37752882907719993e+02
4.37881922692065871e+02
4.38104132708921725e+02
4.38337671746886258e+02
4.38457120093133767e+02
4.38600871121635805e+02
4.38749128230685244e+02
4.38783941178579937e+02
4.38832006033923392e+02
4.39055678159237402e+02
4.39056667729867740e+02
4.39205669540388215e+02
4.39326169740946341e+02
4.39574748178930520e+02
4.39651003316309584e+02
4.39687700671256323e+02
4.39693453717419345e+02
4.39787205931007065e+02
4.39800689010266694e+02
4.40159930011026802e+02
4.40173133885627692e+02
4.40532399292361220e+02
4.41136547582023695e+02
4.41187007164711304e+02
4.41453465114503501e+02
4.41675171915922306e+02
4.41899723525323452e+02
4.41945967839305013e+02
4.42162220629272440e+02
4.42264999406706522e+02
4.42289061424365968e+02
4.42312309246542725e+02
4.42406332522044238e+02
4.42494310979087345e+02
4.42624985113532887e+02
4.42918605525610474e+02
4.43010599715934291e+02
4.43029610924039446e+02
4.43062486841370344e+02
4.43490891270234158e+02
4.43505959744717870e+02
4.43534558633673385e+02
4.43766898055682987e+02
4.43805108813432298e+02
4.43875931175888866e+02
4.43936995714765885e+02
4.44095777899358609e+02
4.44233610364513027e+02
4.44236017798226214e+02
4.44296715630511471e+02
4.44745953704440467e+02
4.44746331212459950e+02
4.44915588092892563e+02
4.44985032984575582e+02
4.45029037498888044e+02
4.45161700183841958e+02
4.45271625860896449e+02
4.45276878633462218e+02
4.45385137774869179e+02
4.45429149171783024e+02
4.45447553912976957e+02
4.45532402794840664e+02
4.45569172178888664e+02
4.45659777148488274e+02
4.46327589894287769e+02
4.46639860704319972e+02
4.47169073433427172e+02
4.47417432559190672e+02
4.47417762036767272e+02
4.47673497228462622e+02
4.47731369214054837e+02
4.47750799863198040e+02
4.47841219660114689e+02
4.48125194828312772e+02
4.48264314252319650e+02
4.48403642152436475e+02
4.48613470312063612e+02
4.48633415101424760e+02
4.48771137627725352e+02
4.48793774041975269e+02
4.48873274458422259e+02
4.48919352492664473e+02
