5.84147105087140517e-06
1.25303833270237419e-01
1.52146978292677204e-01
1.52836336367357717e-01
1.53425939545570600e-01
1.54029561712874852e-01
1.70324284227859835e-01
1.78686058248288759e-01
1.82717104320687440e-01
5.27285018702247044e+00
7.85854694017716326e+00
1.00080336757333015e+01
1.11664309256190535e+01
1.33578684599812334e+01
1.43293023570565197e+01
1.52300438413435018e+01
1.66955250101325419e+01
1.73749456550131498e+01
1.81780394792176736e+01
2.00647428091191387e+01
2.09102643826914658e+01
2.09378998748561855e+01
2.20820568620352020e+01
2.26836932443623738e+01
2.47497667611710170e+01
2.53263121155901274e+01
2.54916787995305327e+01
2.56714100530054878e+01
2.57913742916343978e+01
2.74912706418988222e+01
2.78758769955724262e+01
2.85015131266089554e+01
2.92351565674299252e+01
3.04230246177600918e+01
3.06759466491637056e+01
3.13703062145867477e+01
3.20382063425319359e+01
3.36059784270911450e+01
3.37332979496889607e+01
3.37763057129342599e+01
3.45549691027025290e+01
3.58604474990332562e+01
3.61753833152032769e+01
3.65118151794117978e+01
3.73862434092835088e+01
3.76776030772790591e+01
3.91411993277596366e+01
3.92434306885846524e+01
3.96051349564398265e+01
4.03994943883579936e+01
4.04228768748173479e+01
4.04998569116782505e+01
4.18418652864512239e+01
4.26075886805488437e+01
4.28457467641320875e+01
4.30147754767237132e+01
4.33202383762730676e+01
4.47451951103697922e+01
4.53563049191640459e+01
4.61429603476762793e+01
4.69459110450258379e+01
4.70909070880153990e+01
4.76174446161472247e+01
4.77532607965111140e+01
4.79335728653536819e+01
4.79998867426799052e+01
4.82208297914781951e+01
4.84698284226928706e+01
4.97405041386393236e+01
4.98792272365917029e+01
5.01950496321411492e+01
5.09576309475526728e+01
5.20897350436441684e+01
5.26073021260521330e+01
5.33689114107617968e+01
5.42462026927174179e+01
5.43470010789475850e+01
5.46938668126588254e+01
5.50774996583881773e+01
5.54120344444283432e+01
5.57648037916314365e+01
5.58386254970978086e+01
5.61263203741694952e+01
5.70834157987071933e+01
5.75915117942783468e+01
5.78770101956395138e+01
5.80582596008465828e+01
5.81970941249642522e+01
5.87529958829533996e+01
5.94622600912984751e+01
6.04530039133896082e+01
6.12969278325720666e+01
6.15045411552255246e+01
6.20107779879566294e+01
6.22857374639614818e+01
6.25713621388983654e+01
6.25967153036873754e+01
6.37450322220988426e+01
6.43526893999599281e+01
6.45025261113532054e+01
6.46498299937264846e+01
6.49501313503475046e+01
6.49875048195348484e+01
6.54130050178498266e+01
6.54307309040591178e+01
6.60734932518197979e+01
6.61746077788297953e+01
6.66056872820911394e+01
6.74904002481494274e+01
6.79519791013774750e+01
6.94140614719419773e+01
6.99566540084591679e+01
7.00120503024757852e+01
7.07196457265201843e+01
7.08383415881349379e+01
7.09250893708614569e+01
7.15326846059180639e+01
7.15573696793998124e+01
7.16821945853875206e+01
7.20837697245622735e+01
7.24265518960722261e+01
7.34935281728069754e+01
7.35819868407151603e+01
7.40123925000951886e+01
7.41735338510841871e+01
7.41922830187114641e+01
7.45031427216969462e+01
7.48634577228902742e+01
7.54999312941365304e+01
7.58350059745793885e+01
7.60758822798140670e+01
7.61890433341418714e+01
7.79659438902608315e+01
7.79933453851974718e+01
7.83538100960779218e+01
7.85887148793346455e+01
7.93457147868944048e+01
7.93907246993491356e+01
7.95377812043361132e+01
7.96127230717501675e+01
7.97159326827308234e+01
8.02842817083787565e+01
8.04271805022783326e+01
8.12373868409196405e+01
8.18236263390173235e+01
8.23988949571871103e+01
8.25871051610731968e+01
8.27251791913764123e+01
8.32076562629424075e+01
8.43887536182379279e+01
8.44708310458492235e+01
8.46603804616242996e+01
8.48442373289540797e+01
8.50917745044250182e+01
8.55708104809518204e+01
8.57405967219371803e+01
8.60989288355441715e+01
8.65160225779068526e+01
8.72617289869885155e+01
8.73378292748062961e+01
8.78849554549085781e+01
8.79353666473649582e+01
8.82832592165665346e+01
8.83752637332759150e+01
8.90399064755710583e+01
8.93988255640449836e+01
8.94789580893819050e+01
9.03857509983199918e+01
9.13461715781403427e+01
9.18139668571935772e+01
9.18764308356506660e+01
9.19497744389660738e+01
9.21814155308811110e+01
9.24856939807022229e+01
9.25529361484562685e+01
9.26536768113782614e+01
9.38132055642369096e+01
9.42636116776501183e+01
9.49210021843849177e+01
9.51148872665446845e+01
9.52708368029352073e+01
9.53384128807649915e+01
9.54436452389937244e+01
9.56452499525882445e+01
9.56823718502869554e+01
9.60315630302571321e+01
9.61350679277141182e+01
9.63808479267663643e+01
9.69756009557818857e+01
9.70844388861018217e+01
9.72313276928834966e+01
9.75840932094718596e+01
9.76751451947574481e+01
9.78717961411620365e+01
9.90105345769336509e+01
9.92368229830629787e+01
1.00145312103080471e+02
1.00357539909792138e+02
1.00566615062813526e+02
1.00693111431817982e+02
1.01254391457054027e+02
1.01706349834212375e+02
1.01800933466215099e+02
1.02028968469697531e+02
1.02438085541558365e+02
1.02821694433965519e+02
1.03151426414610654e+02
1.03294699681050673e+02
1.04367507366955408e+02
1.04479753515123974e+02
1.04547248555519445e+02
1.05381817394639484e+02
1.05477373089968665e+02
1.06351455039570595e+02
1.06748553707507966e+02
1.06779019335186604e+02
1.06840901648294249e+02
1.07274565968514793e+02
1.07529772139982100e+02
1.07630158082363153e+02
1.07910557478309613e+02
1.07954829899277286e+02
1.08570937720972154e+02
1.09261688884753625e+02
1.09574774613399597e+02
1.09980439167925852e+02
1.10136058487040856e+02
1.10422388890874174e+02
1.11985064557720762e+02
1.12049174062346168e+02
1.12076149080010339e+02
1.12269385662238761e+02
1.12849077078710451e+02
1.12877461221563834e+02
1.13095311109736031e+02
1.13594819211485344e+02
1.14107801106786724e+02
1.14233467378968072e+02
1.14424847817408647e+02
1.14497554458041776e+02
1.15140758234264609e+02
1.15324268114082997e+02
1.15909228023132499e+02
1.16369133136631405e+02
1.16904221531706440e+02
1.17256656829497388e+02
1.17296815492067282e+02
1.17889775279073945e+02
1.18166211045797127e+02
1.18276881972644247e+02
1.18847800622781421e+02
1.18875474938775255e+02
1.18933269072958240e+02
1.19424626991337476e+02
1.19476251574207964e+02
1.19831865324145070e+02
1.20058976555930911e+02
1.20184925574993997e+02
1.20245747084369071e+02
1.20404470585353408e+02
1.20654475471615996e+02
1.20939639928969370e+02
1.21079698596378080e+02
1.21808989212127642e+02
1.22304175730288421e+02
1.23067780820866005e+02
1.23537513904447081e+02
1.23744269298944857e+02
1.23903820829086982e+02
1.24393324414997949e+02
1.24453957161695001e+02
1.25049492549138563e+02
1.25246314535575692e+02
1.25398489982371302e+02
1.25834499580727908e+02
1.25958844435382900e+02
1.26525976603036213e+02
1.26608426111253522e+02
1.26718032020682557e+02
1.26849204918542114e+02
1.27092456651553817e+02
1.27379999376641990e+02
1.28335229683455935e+02
1.29309875507575725e+02
1.29448069337345743e+02
1.29703232835700220e+02
1.29990213046897566e+02
1.30022420596672703e+02
1.30137137031323419e+02
1.30422493515884241e+02
1.30866254360097599e+02
1.30960864031123862e+02
1.31226470513870396e+02
1.31374600440483079e+02
1.31509025774797180e+02
1.31556240280939164e+02
1.31730566207154595e+02
1.31948526728284179e+02
1.32035821049886636e+02
1.32557891151548631e+02
1.33353336008853830e+02
1.33448901179413156e+02
1.33629344592275061e+02
1.33945027816468837e+02
1.34135032498939239e+02
1.34458395638387259e+02
1.34679163169676855e+02
1.34794836911412176e+02
1.35174521141072006e+02
1.35353108662449387e+02
1.35851872121347810e+02
1.36161706960776087e+02
1.36530498135470452e+02
1.36649267980951322e+02
1.37082757302165760e+02
1.37264617804726470e+02
1.37470598827422265e+02
1.37508964616677133e+02
1.37876880369310328e+02
1.38732770693473867e+02
1.38766519587084133e+02
1.39006401001132758e+02
1.39434704321160240e+02
1.40073500632053310e+02
1.40616379057682735e+02
1.40738511965610627e+02
1.41588028384222156e+02
1.41667526552159416e+02
1.41715456291739031e+02
1.42110722661578194e+02
1.42170341578424058e+02
1.42263500994867883e+02
1.42628719828989205e+02
1.43148881219704975e+02
1.43942850115497066e+02
1.44195397433025221e+02
1.44425787979602632e+02
1.44560499947680654e+02
1.44678004172340422e+02
1.44824663376240267e+02
1.44973245492911531e+02
1.45098583844377913e+02
1.45336069171671028e+02
1.45471704194330670e+02
1.45798675921632224e+02
1.46368267975804201e+02
1.46494644211254126e+02
1.46849464892955865e+02
1.46982154794251471e+02
1.47146953221045209e+02
1.47203772871232076e+02
1.47971421332519583e+02
1.48081868769104148e+02
1.48527812647779399e+02
1.48601194849078496e+02
1.48953477736012331e+02
1.49319601637216095e+02
1.49608906131520598e+02
1.50870260547645756e+02
1.51273066478266003e+02
1.51637725871666873e+02
1.51917467229610168e+02
1.52346065603302833e+02
1.52729433680124629e+02
1.52782450208130285e+02
1.53059424172958160e+02
1.53491884981086343e+02
1.53544104218831421e+02
1.53588964801153139e+02
1.53851436777149587e+02
1.54122035467450502e+02
1.54263608194145320e+02
1.54595382450675146e+02
1.55139963245393545e+02
1.55193202107394654e+02
1.55332974186855694e+02
1.55728606950694797e+02
1.56344552174379317e+02
1.56614437788959265e+02
1.56732178713865380e+02
1.56936438586579982e+02
1.57195556886699023e+02
1.57559386000611312e+02
1.57783624316030000e+02
1.58174124278611373e+02
1.58367656963367779e+02
1.58486693226254147e+02
1.58615048939388487e+02
1.58962659699645428e+02
1.59199752255962494e+02
1.60190105051818023e+02
1.60568188069507755e+02
1.60683856101413255e+02
1.60774531638360486e+02
1.61143097612905876e+02
1.61343168718428615e+02
1.61386903526268327e+02
1.61423190512271617e+02
1.61942812389965979e+02
1.62567214263374751e+02
1.62862222662318061e+02
1.63519009484148228e+02
1.63859382031517896e+02
1.64214826282483614e+02
1.65418382981825744e+02
1.65661903535054989e+02
1.65781466181181202e+02
1.65818212842550111e+02
1.66135635140726322e+02
1.66451149582233711e+02
1.66654329840571734e+02
1.67052005603050077e+02
1.67221050395663497e+02
1.67507074122688664e+02
1.67637503294427063e+02
1.67742095864963062e+02
1.67968010130616335e+02
1.68784080406562111e+02
1.68856362406139510e+02
1.69162082087382942e+02
1.69701659606874898e+02
1.70092773817980969e+02
1.70587728220704946e+02
1.70780485189205535e+02
1.71629474008134366e+02
1.71666946508635817e+02
1.72793417497283713e+02
1.72870661102881286e+02
1.72924846160765014e+02
1.73170929670503710e+02
1.73402434763628207e+02
1.73691613020043121e+02
1.73951667050203753e+02
1.74060217717151943e+02
1.74481752799870094e+02
1.74630454576219165e+02
1.74850434228192967e+02
1.75513746588026947e+02
1.75551426047591406e+02
1.75870724347855287e+02
1.76206131523273996e+02
1.76501720091180175e+02
1.76917415151380396e+02
1.77783664075717354e+02
1.78075017080638588e+02
1.78380614742522880e+02
1.78700693394579048e+02
1.78926836853705083e+02
1.79086525224240063e+02
1.79416378432528290e+02
1.79470474777854747e+02
1.80046647500205665e+02
1.80752979876817960e+02
1.80847386846752272e+02
1.81014506607233045e+02
1.81566199419873101e+02
1.81960906808640061e+02
1.82646518095371448e+02
1.83233026796318313e+02
1.83663045177735683e+02
1.83824303855863832e+02
1.84050607014072341e+02
1.84628023830604491e+02
1.84774321761081410e+02
1.85817546678370661e+02
1.86201617172490330e+02
1.86676138345741379e+02
1.86816740724192016e+02
1.86905181047066208e+02
1.87437247591424807e+02
1.87587942157129135e+02
1.87820546732575792e+02
1.87879785026535330e+02
1.88299996832205977e+02
1.88463495347869809e+02
1.88762637276038959e+02
1.88889383244502653e+02
1.89221167736012603e+02
1.89548803508536025e+02
1.90515524254509955e+02
1.90755840914297266e+02
1.90929607699377129e+02
1.91707504382940499e+02
1.91789957058636787e+02
1.92241805403909268e+02
1.92349983604130500e+02
1.92774218134620696e+02
1.92925052694401074e+02
1.92982862157866862e+02
1.93442212555266281e+02
1.94114826063321914e+02
1.94248495719057189e+02
1.94577183346655147e+02
1.95093327254704718e+02
1.95874043601706319e+02
1.95985541930705040e+02
1.96142182808407313e+02
1.96797671480967779e+02
1.97224659430868030e+02
1.97380221560728387e+02
1.97870763711385280e+02
1.98641475396423687e+02
1.98887001532619536e+02
1.98967134069623796e+02
1.99806810188110944e+02
2.00043312092269048e+02
2.00132672361174855e+02
2.00485453637461546e+02
2.00874865718242290e+02
2.01514968427252086e+02
2.01632876104247259e+02
2.01784800159904933e+02
2.02050275816776832e+02
2.02245717151979932e+02
2.02536177876595048e+02
2.02795639487086930e+02
2.02909767067772066e+02
2.03507638951507033e+02
2.03727144700011820e+02
2.04028635969950869e+02
2.04187093882733450e+02
2.04709537442841167e+02
2.05050929759418182e+02
2.05478267534512895e+02
2.05541030553238670e+02
2.06495636300047693e+02
2.06936079056775725e+02
2.07290490569056033e+02
2.07655981549507658e+02
2.07740550479576427e+02
2.07858602783039146e+02
2.08353864661538410e+02
2.08404842238327660e+02
2.08763150853689410e+02
2.09081403015168746e+02
2.09216568850565693e+02
2.09425832435898144e+02
2.10489764708816210e+02
2.10815752500727911e+02
2.11343855032170666e+02
2.12098502863664748e+02
2.12187646563026590e+02
2.12564608582782625e+02
2.12739492299180995e+02
2.12804028008616058e+02
2.12969125482258676e+02
2.13217723480579195e+02
2.14283772611175380e+02
2.14880047931077058e+02
2.15276517470440695e+02
2.15402593337564610e+02
2.15674469271184307e+02
2.15882788173914150e+02
2.16323903923929208e+02
2.16384797376061385e+02
2.16742149665775059e+02
2.17012428482889675e+02
2.17327063612977440e+02
2.17588443816393635e+02
2.17869766184738126e+02
2.18526588481730016e+02
2.19140283604554554e+02
2.19684345038247670e+02
2.20037465735021726e+02
2.20090287933340619e+02
2.20189045514176428e+02
2.20633058439917079e+02
2.20688821256694666e+02
2.21310520902897167e+02
2.21496496239547184e+02
2.22376927415546106e+02
2.22683179286816141e+02
2.23017828396102004e+02
2.23382021197691586e+02
2.23602234934322496e+02
2.24193236242808894e+02
2.24838052751958628e+02
2.25213332312544992e+02
2.25262350706919733e+02
2.25460673157213648e+02
2.25594743377096790e+02
2.26103374938664956e+02
2.27091573037018350e+02
2.27194394334563299e+02
2.27275295146911105e+02
2.27326068968606819e+02
2.27919744927392117e+02
2.28311807890996135e+02
2.28565867902166531e+02
2.28745863817380553e+02
2.29171829006248345e+02
2.29620209156041938e+02
2.30090297052779135e+02
2.30577780599016478e+02
2.30934999548015355e+02
2.31363036573268971e+02
2.31939643129419039e+02
2.32096082758399575e+02
2.32178516862657204e+02
2.32890788429435474e+02
2.33246383274781465e+02
2.33439448187423750e+02
2.33609861840085500e+02
2.33917859371698796e+02
2.34724873846292780e+02
2.35583771425603004e+02
2.35685174042379572e+02
2.36441452611752027e+02
2.36771407713232350e+02
2.36937020567481625e+02
2.37126816729617929e+02
2.37235728011785909e+02
2.37647684075531231e+02
2.38161303505847286e+02
2.38980390159101034e+02
2.39158377134536408e+02
2.39764214149591737e+02
2.40261361896092808e+02
2.40624697012108925e+02
2.41101939033100450e+02
2.41252954037762777e+02
2.41695565852559639e+02
2.42134693670746799e+02
2.42423421777066039e+02
2.42914435148857876e+02
2.43329081517118539e+02
2.43671047511586039e+02
2.43810424111205293e+02
2.44160237738360706e+02
2.44304286662267202e+02
2.45161213965172635e+02
2.45480367654766042e+02
2.46268229076294688e+02
2.46869077638096371e+02
2.47219482714004471e+02
2.47346704019663548e+02
2.47554324886555378e+02
2.48257797194729335e+02
2.48705464803192683e+02
2.48806981931056214e+02
2.48970319564727333e+02
2.49340026839400309e+02
2.49720371509881375e+02
2.50006456104885103e+02
2.50379715169526833e+02
2.50926745648541100e+02
2.51434907409570428e+02
2.53635659043817498e+02
2.53980147377879518e+02
2.54559692713017398e+02
2.54826529049602698e+02
2.55040660981107237e+02
2.55219914989084430e+02
2.55337650065804553e+02
2.55889960520722127e+02
2.55960648566387817e+02
2.56290343176087390e+02
2.56652286881095279e+02
2.57067410750692773e+02
2.58253244043552229e+02
2.58902705120204871e+02
2.59774800247058067e+02
2.60135784785335886e+02
2.60589211907524145e+02
2.60760439976102532e+02
2.61067454326334882e+02
2.61277211612931410e+02
2.61738704642133882e+02
2.62185327570210802e+02
2.62373637668290826e+02
2.63210244646472233e+02
2.63747203476167840e+02
2.63996330701615875e+02
2.64242141775130904e+02
2.64472074986441100e+02
2.64685311871448278e+02
2.64839342605743809e+02
2.64908971639989886e+02
2.65178322795430404e+02
2.65998797488011292e+02
2.66846567868803788e+02
2.67032117056737604e+02
2.67589489326265038e+02
2.68016347738817444e+02
2.68184511613060124e+02
2.68380206731037049e+02
2.68940327563829499e+02
2.69544452853949963e+02
2.69741162814123015e+02
2.70068230956518676e+02
2.71616097393577945e+02
2.71869784255363811e+02
2.72021216426365754e+02
2.72227194037031836e+02
2.72640484467869840e+02
2.73047059270679995e+02
2.73335795930446636e+02
2.73584787741922696e+02
2.73698699225036137e+02
2.74192017238644269e+02
2.74614859552917210e+02
2.74804059388096903e+02
2.75335896883401517e+02
2.75747304695525372e+02
2.76172905516143032e+02
2.76478124169427815e+02
2.77395977282667559e+02
2.77543573754232568e+02
2.79507853085396505e+02
2.79597760359887729e+02
2.79843468643696269e+02
2.80075984883254932e+02
2.80420299815367059e+02
2.80849569498195251e+02
2.81109312907179344e+02
2.81454967627644578e+02
2.82245657201306187e+02
2.82655159672464094e+02
2.83082691407211598e+02
2.83813337947581431e+02
2.85082003636802881e+02
2.85644638397300525e+02
2.85726737533757159e+02
2.86084312070672638e+02
2.86226015081207493e+02
2.86783429157286548e+02
2.86990298993317197e+02
2.87879664480355302e+02
2.88292663966595057e+02
2.88566838217922566e+02
2.88650797864650713e+02
2.88868087093220765e+02
2.88951740297904280e+02
2.89341915563924999e+02
2.90057724735274292e+02
2.90171184164965780e+02
2.90303635612491860e+02
2.90524883164356197e+02
2.90648289250128869e+02
2.91074920900254767e+02
2.91386179456239006e+02
2.91494015048840708e+02
2.92647153304639744e+02
2.93082168454046041e+02
2.93273848555096777e+02
2.93634194107567623e+02
2.94681076030766462e+02
2.94916623960636230e+02
2.95219790190966762e+02
2.95359445741258469e+02
2.96932932474264135e+02
2.97158148804960774e+02
2.97375505681234529e+02
2.97941590390744352e+02
2.98266105537800229e+02
2.99146613843014507e+02
2.99323454888107733e+02
2.99694769933902876e+02
2.99901027892081515e+02
3.00264547673806987e+02
3.00623705772005849e+02
3.00945658558462753e+02
3.01069970265809275e+02
3.01616774282301037e+02
3.01724563754544818e+02
3.02038067363504581e+02
3.02389505816113967e+02
3.02627694597868185e+02
3.03188620196411648e+02
3.03815046593203760e+02
3.04927926244727587e+02
3.05473441454123019e+02
3.05723404037612454e+02
3.05892211817565453e+02
3.06037963384762918e+02
3.06209764554050309e+02
3.06655726968697991e+02
3.06860929115848478e+02
3.07058258481513803e+02
3.07621143617107407e+02
3.07738155579553677e+02
3.09229542367939928e+02
3.09617873369345944e+02
3.09984413526800893e+02
3.10409156948210011e+02
3.11057517490603516e+02
3.11678038630248352e+02
3.11880092433650759e+02
3.12177757619480303e+02
3.12412244991556179e+02
3.12507022886950097e+02
3.12808019638377971e+02
3.12980552352895131e+02
3.13204354112299541e+02
3.13685794133910463e+02
3.13874499233906590e+02
3.14098935679909971e+02
3.14539897570769426e+02
3.14739339610586683e+02
3.15012578516342614e+02
3.15647909763619225e+02
3.16967433978011456e+02
3.17746805669058404e+02
3.17933413678824195e+02
3.18135565646209841e+02
3.18267327078661481e+02
3.18587763026069524e+02
3.18906965272597631e+02
3.19573199357688623e+02
3.20304647748734851e+02
3.20519963824431329e+02
3.22223145980871436e+02
3.22462666238788302e+02
3.22576801147297033e+02
3.23217016464019480e+02
3.23526925211309674e+02
3.23611212591593983e+02
3.24346013812627575e+02
3.24756171783442824e+02
3.25437509198226678e+02
3.25595110682714278e+02
3.25849899155148364e+02
3.26193433305154031e+02
3.26531946055170977e+02
3.26653714790937101e+02
3.27929711304645991e+02
3.28573117386076319e+02
3.29522502165413243e+02
3.30032465253559792e+02
3.30666639521619345e+02
3.30886055930329633e+02
3.31173153300253318e+02
3.31300239102526007e+02
3.31381367000048726e+02
3.31832344572469992e+02
3.32029478200506446e+02
3.32603356954642720e+02
3.33206131293905571e+02
3.33520420252800363e+02
3.33872740457472901e+02
3.33961736399087215e+02
3.34373100465346795e+02
3.34841092250388044e+02
3.35164859952058180e+02
3.35593328325147468e+02
3.36268203936042880e+02
3.36736313048318493e+02
3.36831306349536533e+02
3.36919449368367395e+02
3.37219779880521173e+02
3.37334301898565570e+02
3.37617847704883104e+02
3.37789780475378052e+02
3.37898130668764907e+02
3.38039064752291495e+02
3.38412092025003744e+02
3.38766697919529179e+02
3.39072951178017718e+02
3.39411703189033233e+02
3.40243054039287074e+02
3.42506912393586902e+02
3.43095786696689515e+02
3.43311615599290349e+02
3.43478718126517379e+02
3.44109730031952324e+02
3.44240460077507294e+02
3.44705157324731545e+02
3.44849589352638588e+02
3.45668935418598380e+02
3.47690942413236940e+02
3.47883479070342048e+02
3.48304232594960865e+02
3.48598315230810499e+02
3.49014269616956142e+02
3.49330734863549367e+02
3.49693824164843022e+02
3.49825387143452986e+02
3.49976049207667529e+02
3.50236378213635703e+02
3.50808465192863366e+02
3.51013974509062336e+02
3.51296357244469505e+02
3.51489529113267452e+02
3.51589068351443814e+02
3.52136013977382049e+02
3.52551039796872715e+02
3.53827961724155159e+02
3.54204150203088773e+02
3.54406509853395107e+02
3.55211233249715804e+02
3.55298818580103500e+02
3.56046399173473390e+02
3.56144175668963953e+02
3.56658462768792674e+02
3.57013377334207064e+02
3.57448200831517397e+02
3.58039484807156214e+02
3.59189883758678150e+02
3.59881868367530728e+02
3.60164919684905385e+02
3.60351317360626410e+02
3.60535995730854438e+02
3.60764659437246905e+02
3.61383913621762076e+02
3.61551724376737695e+02
3.61800047908009162e+02
3.62237694484056874e+02
3.62549166095893270e+02
3.63504800073736021e+02
3.63644985790701924e+02
3.64186281736106423e+02
3.64342612999058758e+02
3.64568627803502125e+02
3.64794210719063699e+02
3.65087777856226523e+02
3.65498017250303462e+02
3.65889230114766235e+02
3.66750251310020928e+02
3.67241202868512119e+02
3.68140016826849546e+02
3.68924107284293484e+02
3.69358633986457107e+02
3.69464636944120855e+02
3.70093478077469854e+02
3.71042401569388119e+02
3.71329339195581497e+02
3.71917238228981489e+02
3.72641192654971633e+02
3.72790080586954559e+02
3.73352990713275403e+02
3.73681337343594862e+02
3.73891922964052299e+02
3.74026595978274770e+02
3.74359377526033995e+02
3.74801357438756838e+02
3.75237336180398984e+02
3.75702920451070952e+02
3.75876827853689178e+02
3.76001013733154025e+02
3.76273856390896242e+02
3.76491426211727855e+02
3.76962538900381446e+02
3.77950173903801158e+02
3.79739897284856795e+02
3.79990469450831881e+02
3.80085780699410691e+02
3.80353622551708042e+02
3.80701417375243466e+02
3.81187545359487672e+02
3.81720610668699919e+02
3.81993064238691773e+02
3.82180963275172473e+02
3.82519763788820228e+02
3.82827350524230553e+02
3.84094010906541826e+02
3.85113147199872856e+02
3.85963436558798207e+02
3.86319314584704387e+02
3.86565664419660663e+02
3.86691240418643417e+02
3.87058821448248750e+02
3.87489892102693659e+02
3.87972888007643405e+02
3.88141417930523176e+02
3.88649527959353577e+02
3.88917702996370565e+02
3.89793503201896613e+02
3.90001150938569879e+02
3.90498032125791497e+02
3.91199518935054698e+02
3.91382885919076557e+02
3.92413617698471512e+02
3.93060073950020978e+02
3.93549611521328870e+02
3.94152660904205959e+02
3.94455419806427869e+02
3.94835301862199401e+02
3.95178383775013174e+02
3.95766260157270835e+02
3.96404027701103473e+02
3.96733746193941158e+02
3.96979815068762150e+02
3.97176993557468450e+02
3.97375992862166470e+02
3.97937332264869383e+02
3.98386426571916957e+02
3.98907283280292177e+02
3.99184047898397694e+02
3.99524861310758695e+02
4.00675471547824316e+02
4.00907550389741118e+02
4.01286600205623415e+02
4.01557405511908257e+02
4.01773015915106896e+02
4.02008521607187618e+02
4.02139933252420349e+02
4.02760170047580289e+02
4.03117338853525723e+02
4.03639992586772053e+02
4.04469044801732537e+02
4.05417925477650670e+02
4.06058222811944518e+02
4.06336624735521468e+02
4.06766902274672930e+02
4.06905318768438178e+02
4.07371220363843065e+02
4.08926280857060704e+02
4.09199220347953542e+02
4.09641081880402453e+02
4.10053137550367410e+02
4.10446794003163063e+02
4.11097373643034473e+02
4.11285005170761565e+02
4.11762510252513493e+02
4.12045635569624210e+02
4.12425773085281321e+02
4.12662516890343568e+02
4.13137556534025293e+02
4.13737985705733649e+02
4.14211402272000328e+02
4.14329195128244010e+02
4.14990848072927633e+02
4.15163409231846344e+02
4.15675220132963432e+02
4.15856844915976126e+02
4.16145034946253531e+02
4.16770713924952020e+02
4.17338825959650762e+02
4.18004577890620567e+02
4.18765368352682117e+02
4.20561777819485542e+02
4.21039829928436689e+02
4.21387575606742985e+02
4.21920781761669218e+02
4.22310062262080237e+02
4.22477728088052459e+02
4.22884560285711586e+02
4.23683859154975380e+02
4.23897556523045637e+02
4.24097466430430131e+02
4.24284530281064576e+02
4.25273983819444084e+02
4.25638047399940547e+02
4.25801380238767138e+02
4.27237162698116094e+02
4.27474871789886606e+02
4.27769672139410886e+02
4.28353827195084136e+02
4.28525287123746466e+02
4.29306878047429223e+02
4.29883958209100683e+02
4.30596304835857040e+02
4.31052616595819018e+02
4.31344081037765363e+02
4.31524848204562659e+02
4.33161606504289693e+02
4.33851396213104636e+02
4.34436885428251003e+02
4.34633085913920809e+02
4.35187125654206284e+02
4.35475956226331050e+02
4.35677996066814330e+02
4.36408360211494482e+02
4.36791188050705045e+02
4.37439898035040301e+02
4.37610049639441058e+02
4.37731017553679294e+02
4.37975139445580567e+02
4.38094912004627417e+02
4.38415468075369404e+02
4.38749746260977645e+02
4.39142436361853242e+02
4.39302437425442804e+02
4.39433609540827320e+02
4.39891682595067664e+02
4.40532890979032118e+02
4.41013144882553547e+02
4.42139616565643223e+02
4.42870568967194686e+02
4.42993581044714119e+02
4.43972709610257766e+02
4.44205968554105652e+02
4.44540397925848424e+02
4.45242888191942484e+02
4.45788476072374010e+02
4.46060048482243246e+02
4.46398736761508758e+02
4.46765383105523142e+02
4.47361682309235448e+02
4.47624913153394459e+02
4.47772132229106660e+02
4.47937019510451250e+02
4.48157389744652846e+02
4.48417228565932078e+02
4.48899784071985209e+02
