1.52057149198014940e-01
1.52489647932526395e-01
1.52953574126314606e-01
1.54033908303262024e-01
1.55588770740635596e-01
1.57309376470607276e-01
5.27285018702259833e+00
7.85854694017561428e+00
1.00080336757358168e+01
1.11664309256756695e+01
1.33578684599895325e+01
1.43293023570481921e+01
1.52300438412899553e+01
1.66955250101442800e+01
1.73749456550234527e+01
1.81780394792610878e+01
2.00647428091362627e+01
2.09102643827530414e+01
2.09378998747676093e+01
2.20820568615313562e+01
2.26836932445395547e+01
2.53263121133765736e+01
2.54916787991544709e+01
2.56714100523314954e+01
2.57913742918087650e+01
2.74912706412659844e+01
2.78758769954290244e+01
2.85015131272564872e+01
2.92351565666587874e+01
3.04230246174411718e+01
3.06759466493180071e+01
3.13703062146510376e+01
3.20382063447162011e+01
3.36059784289791708e+01
3.37332979548148160e+01
3.37763057119568373e+01
3.45549691029664530e+01
3.58604475040188788e+01
3.61753833135674370e+01
3.65118151251469953e+01
3.73862434137855928e+01
3.76776030665317307e+01
3.91411993165471301e+01
3.92434307208141320e+01
3.96051349678779161e+01
4.03994943962647710e+01
4.04228769685779810e+01
4.04998569462521516e+01
4.18418652380015033e+01
4.26075886014078264e+01
4.30147754702798579e+01
4.33202383750791000e+01
4.47451954038765223e+01
4.53563049224206907e+01
4.61429602011597808e+01
4.69459108534605321e+01
4.70909070005600086e+01
4.76174444506670511e+01
4.77532607143414509e+01
4.79335727553498714e+01
4.79998865242763486e+01
4.82208267404767525e+01
4.84698295457363599e+01
4.97405048843240820e+01
4.98460032827182715e+01
4.98792350270987868e+01
5.01950509024975418e+01
5.03069804611441782e+01
5.09576292776781372e+01
5.20897342606426150e+01
5.26073022644115440e+01
5.33689114766512489e+01
5.42462034209220292e+01
5.43470007024561994e+01
5.46938663889063150e+01
5.50774995934484366e+01
5.54120337909409670e+01
5.57648020657606196e+01
5.58386246314863968e+01
5.61263199133679791e+01
5.70834177474630735e+01
5.75915132744813718e+01
5.78770143788056544e+01
5.80582593297639846e+01
5.87529955991465158e+01
5.94622606038952313e+01
6.04529944432805735e+01
6.12969216139597677e+01
6.15045496435115524e+01
6.15736951028120814e+01
6.20107874758607522e+01
6.22857430446751721e+01
6.25713713010077583e+01
6.37450277870749460e+01
6.43527638120790471e+01
6.45025209600906635e+01
6.46498738415056380e+01
6.49501166169532667e+01
6.49874948907106500e+01
6.54130187804834691e+01
6.60735035545918947e+01
6.61745990006363911e+01
6.66056731365359553e+01
6.74904299529403886e+01
6.79519996143410765e+01
6.94141571662983097e+01
6.99566722492490953e+01
7.00120473938289365e+01
7.07196752371723676e+01
7.08383765023227454e+01
7.09250426083519301e+01
7.15573240170164127e+01
7.16822268860576912e+01
7.20837798277048023e+01
7.24264754714573087e+01
7.34935044520172198e+01
7.35819580231227519e+01
7.40123468638832946e+01
7.41735423282504200e+01
7.41922811003941547e+01
7.45031278607280854e+01
7.48634493750301715e+01
7.55001973942362667e+01
7.55511247089286258e+01
7.58348663819670890e+01
7.60757981426195045e+01
7.61888802707318860e+01
7.79660522847298409e+01
7.79941075380176017e+01
7.83537731831441704e+01
7.85888088074938480e+01
7.93462136667192510e+01
7.93913458480411407e+01
7.95379434245355128e+01
7.96130365517566645e+01
7.97165045166361494e+01
8.02842888478429302e+01
8.04273543344939981e+01
8.12380886688119972e+01
8.18235055851355355e+01
8.23989564705301234e+01
8.25870918743560480e+01
8.27252037196326739e+01
8.32077959436856531e+01
8.43907129474471560e+01
8.44708178776247678e+01
8.46616461684957926e+01
8.48426787317805235e+01
8.50918848371437377e+01
8.55723423499743774e+01
8.57430745867187056e+01
8.58129685722873035e+01
8.60976715971923170e+01
8.65160121025001274e+01
8.68508920040747796e+01
8.72618690571974867e+01
8.73375645881691298e+01
8.78839572300607585e+01
8.79344199643038280e+01
8.82833606883648940e+01
8.83740927039511917e+01
8.90399606048648593e+01
8.93984495799428771e+01
8.94786697854068223e+01
9.03860164137470008e+01
9.13480445123746279e+01
9.18133594105138116e+01
9.18786709084823201e+01
9.19497937730092758e+01
9.21805968761156294e+01
9.24832244583891168e+01
9.26546848995318726e+01
9.38109668157544263e+01
9.42684852490403387e+01
9.49143679622645777e+01
9.51094612044576024e+01
9.52546370630030026e+01
9.53315096479281863e+01
9.54483715347109580e+01
9.56465762266346928e+01
9.56847854802046243e+01
9.60299482853764346e+01
9.63034929388893488e+01
9.63898338812203690e+01
9.69766859792261755e+01
9.70814033812510218e+01
9.72265988562053849e+01
9.75845170035768774e+01
9.76677692714782495e+01
9.78729179697414509e+01
9.90132034821011473e+01
9.92364574144371261e+01
1.00144536538927184e+02
1.00359237226152544e+02
1.00569670653180395e+02
1.00698074300445768e+02
1.01255080422958116e+02
1.01704360400630890e+02
1.01798363756730396e+02
1.02028602406348710e+02
1.02432096725866813e+02
1.02818015588368269e+02
1.03149157081493627e+02
1.03285132953158296e+02
1.04360291102322435e+02
1.04482166858898012e+02
1.04536980055265218e+02
1.05389976645368534e+02
1.05477949790343558e+02
1.06421179691103475e+02
1.06786502880367038e+02
1.06808116677760040e+02
1.06857220496834884e+02
1.06908807911611518e+02
1.07286046540443976e+02
1.07547406554342274e+02
1.07631770978324283e+02
1.07918484582129082e+02
1.07966305811626739e+02
1.08584742709011095e+02
1.09314767240975470e+02
1.09590140153692602e+02
1.09990158288140236e+02
1.10141052452557602e+02
1.10428892448938115e+02
1.11991909132840476e+02
1.12051273377367181e+02
1.12079297581202269e+02
1.12278461860403695e+02
1.12649188818514034e+02
1.12871412253780164e+02
1.13111960390975298e+02
1.13675016948124409e+02
1.13849204240561306e+02
1.14182042063513478e+02
1.14456309663153007e+02
1.14631872418260684e+02
1.15193734620192316e+02
1.15298354412260835e+02
1.15885769934356148e+02
1.16172515643701075e+02
1.16427442963466802e+02
1.17298271056199610e+02
1.17331573545834857e+02
1.17836251960910232e+02
1.18033084762154630e+02
1.18091246322180780e+02
1.18178696584228675e+02
1.18261349292636595e+02
1.18368898000937349e+02
1.18843014623514080e+02
1.18953610731195766e+02
1.19373768377668853e+02
1.19408677951130045e+02
1.19807046781138780e+02
1.20057218246906132e+02
1.20195140694352006e+02
1.20229654902762775e+02
1.20546580284966893e+02
1.20659931458307028e+02
1.20915699585900313e+02
1.21757696276590195e+02
1.22308021359263222e+02
1.23050370907754598e+02
1.23541329030288892e+02
1.23718323621064059e+02
1.24186347196459167e+02
1.24393322688936593e+02
1.24445811760651424e+02
1.25136879459361325e+02
1.25351022124155350e+02
1.25915384859963666e+02
1.26499056544605935e+02
1.26658119698367670e+02
1.26691032721395828e+02
1.26986608309967778e+02
1.27070075295749689e+02
1.28319697161407078e+02
1.29467157107825415e+02
1.29987259727408542e+02
1.30125993870025980e+02
1.30186634722085500e+02
1.30452289615735111e+02
1.30786943069139710e+02
1.30866539223533096e+02
1.31230994961878309e+02
1.31376755044991427e+02
1.31463789528428265e+02
1.31520736575005998e+02
1.31734301717356885e+02
1.31825806784933178e+02
1.32058765477122108e+02
1.33098936704420197e+02
1.33270865605575295e+02
1.33763758493586806e+02
1.33912361180862746e+02
1.34126888805621235e+02
1.34498970376364468e+02
1.34716372821289895e+02
1.34990088650536023e+02
1.35102571790635352e+02
1.35220028237348032e+02
1.35402247860808615e+02
1.35585086045386390e+02
1.36346469252664861e+02
1.36510130467389928e+02
1.36933544672636742e+02
1.37159872630790574e+02
1.37326892963589330e+02
1.37532866147728726e+02
1.37937552554180428e+02
1.38675540272699664e+02
1.38851343071310396e+02
1.39208484540062358e+02
1.39271314169857419e+02
1.39993033515033943e+02
1.40287411982500544e+02
1.40807320297412275e+02
1.41405526653181170e+02
1.41494808157833745e+02
1.41606257700007575e+02
1.41799974891246791e+02
1.42186313371903736e+02
1.42299801885135508e+02
1.42378851988744003e+02
1.42659733523321847e+02
1.44102843349744660e+02
1.44357500828746282e+02
1.44586054713415962e+02
1.44691164113700239e+02
1.44790445265196496e+02
1.44900359297864043e+02
1.45124820049490495e+02
1.45325946639538500e+02
1.45732554102364873e+02
1.45797956401904315e+02
1.46416718960775086e+02
1.46901252006236746e+02
1.46946734634306523e+02
1.47095122794284521e+02
1.47820428699504333e+02
1.48203361516639887e+02
1.48380239571684513e+02
1.48567411171568125e+02
1.48960843976850981e+02
1.49332615120266155e+02
1.49580921445534358e+02
1.51228116303050314e+02
1.51289676195831078e+02
1.51894662685933838e+02
1.51978232209731971e+02
1.52470048728188146e+02
1.52601776125259562e+02
1.52747715912769763e+02
1.52986715293858083e+02
1.53042151375831821e+02
1.53779305837398027e+02
1.53935601953119772e+02
1.54088418015361015e+02
1.54256316863550609e+02
1.54411108911015845e+02
1.55156764816913466e+02
1.55360540964357483e+02
1.55445953615194583e+02
1.56259534297794914e+02
1.56560678710595482e+02
1.56626984875909841e+02
1.56846989565922286e+02
1.57064440259537321e+02
1.58097625861769131e+02
1.58132323429193775e+02
1.58249739398564088e+02
1.58559940841754383e+02
1.58788591981511217e+02
1.58856880415162209e+02
1.59094568961198547e+02
1.59671827696859793e+02
1.59923575997505282e+02
1.60011384874511748e+02
1.60836763716497387e+02
1.60877102737308405e+02
1.61169976114243070e+02
1.61243433535656436e+02
1.61368744975719153e+02
1.61442558039043092e+02
1.62495817422967150e+02
1.62540703173244538e+02
1.63006662220849250e+02
1.63284797386005039e+02
1.63418267618577602e+02
1.64016964730210304e+02
1.64257919002854635e+02
1.64778101651112308e+02
1.65073520471914549e+02
1.65766139201844453e+02
1.65895959901845401e+02
1.66074786300024812e+02
1.66665080668951475e+02
1.66859553726234481e+02
1.66937353101207123e+02
1.67208488999520682e+02
1.67276285445488156e+02
1.67432783671625430e+02
1.67726596104302814e+02
1.68146410954940563e+02
1.68897620712323601e+02
1.69134446845816910e+02
1.69311136588247393e+02
1.69963468509360439e+02
1.70721412275333648e+02
1.70760243259675406e+02
1.71495186974711373e+02
1.72044038288986769e+02
1.72618458124515030e+02
1.72698360217850166e+02
1.72831528547161383e+02
1.73110268048515991e+02
1.73243927184075176e+02
1.73385953060667021e+02
1.73464573797706180e+02
1.73675820207670029e+02
1.73970588219457568e+02
1.74333691213335442e+02
1.74615668347873395e+02
1.74966163799694698e+02
1.75106980867943889e+02
1.75467020331056460e+02
1.76079079898467739e+02
1.76275639191828191e+02
1.76349589844896514e+02
1.77088751908581344e+02
1.77682296717231281e+02
1.77811633720927148e+02
1.78095362317684419e+02
1.78395893478468793e+02
1.78697379907254174e+02
1.78984581362827839e+02
1.79186360370608554e+02
1.79346668890026592e+02
1.79545932062952033e+02
1.79693486947461395e+02
1.80176750768296358e+02
1.80733953309224319e+02
1.81214380869558454e+02
1.81305182081087196e+02
1.81457660037195410e+02
1.81964840176154325e+02
1.82249500157591058e+02
1.83044209018631250e+02
1.83187434270757933e+02
1.83245314032351644e+02
1.83981679299481982e+02
1.84416653983415074e+02
1.84542778722598200e+02
1.84717840312707949e+02
1.85707574530973261e+02
1.86159444907641841e+02
1.86499290319290822e+02
1.87010150853727737e+02
1.87202471973002048e+02
1.87626452720074099e+02
1.87768884328813613e+02
1.87988577069428914e+02
1.88338820771450287e+02
1.88482717298289742e+02
1.89123408252884985e+02
1.89309401635193467e+02
1.89533010780490542e+02
1.90053094638045877e+02
1.90259307928309397e+02
1.90315119838141982e+02
1.90844529493734626e+02
1.91684239421399070e+02
1.92304257540747642e+02
1.92402477373940712e+02
1.92702879635092870e+02
1.92952400429219381e+02
1.93287020496301693e+02
1.93392761714205449e+02
1.93655866613982653e+02
1.93962266138261043e+02
1.94164815431229215e+02
1.95106110236330721e+02
1.95289427184848137e+02
1.95430445042853762e+02
1.96120711686113168e+02
1.96410419982905523e+02
1.96524085010706074e+02
1.97087917272097513e+02
1.97420905491105771e+02
1.97745685523579141e+02
1.98211419630863190e+02
1.98454652796869652e+02
1.98716885149192933e+02
1.99264688855947895e+02
1.99429252338359618e+02
2.00283024256644751e+02
2.00717041838872888e+02
2.01229230142061510e+02
2.01690503377153675e+02
2.01819383120429109e+02
2.01923769394280384e+02
2.02056218178316612e+02
2.02359672826746760e+02
2.02938190682924244e+02
2.03308936032865688e+02
2.03420090762918335e+02
2.03605631635401551e+02
2.03725875422165700e+02
2.03985634479751297e+02
2.04518364739595654e+02
2.04762948207007128e+02
2.05311358830344716e+02
2.05634345871269943e+02
2.05916677579455609e+02
2.06359993589533303e+02
2.06700193751145946e+02
2.07394272976360185e+02
2.07511196567410138e+02
2.07852107747577179e+02
2.08076149722132868e+02
2.08240682793773942e+02
2.08674054034449171e+02
2.08775216456786154e+02
2.09111862213092479e+02
2.09705108972897222e+02
2.10659975954699803e+02
2.10968316147024780e+02
2.11342292325722610e+02
2.12041506234413703e+02
2.12124359691134032e+02
2.12289513356551879e+02
2.12408654541820567e+02
2.12626269388258663e+02
2.12823128310891605e+02
2.13090321219714724e+02
2.13583024151895074e+02
2.14273028378843208e+02
2.15161401731377680e+02
2.15578201340853354e+02
2.15805658746383301e+02
2.16032019210904252e+02
2.16081534266034794e+02
2.16515484162770179e+02
2.16609528736877621e+02
2.16964218129527467e+02
2.17416666022920310e+02
2.18093322051231041e+02
2.18216255322094014e+02
2.18955257357850371e+02
2.19219245233310858e+02
2.19495661252449395e+02
2.19783224339886829e+02
2.19929844037133591e+02
2.20227543143433650e+02
2.20474813936764292e+02
2.20556242133567935e+02
2.20679463573753367e+02
2.21871435785180097e+02
2.22507459405050213e+02
2.22723787466629062e+02
2.23033029008233427e+02
2.23441069068897377e+02
2.23645461099972522e+02
2.23812126262835477e+02
2.24481962366802009e+02
2.24775824413863631e+02
2.25353477430034559e+02
2.25591297042982319e+02
2.25711214882924367e+02
2.25802510651170167e+02
2.26219035779321814e+02
2.26981192662171281e+02
2.27111179393851955e+02
2.27691200080781186e+02
2.28166773934240553e+02
2.28598859023919999e+02
2.28837522882513326e+02
2.29472164016789691e+02
2.29561549900243165e+02
2.30005322601492708e+02
2.30641895168673159e+02
2.31108220868695980e+02
2.31381509268192474e+02
2.31524585275883112e+02
2.32438830999025754e+02
2.32537348615099802e+02
2.33384535100924097e+02
2.34071744831509534e+02
2.34306487480098326e+02
2.34663518163125048e+02
2.34986165611899423e+02
2.35078350096204645e+02
2.35353353271947697e+02
2.35452403893900680e+02
2.36379387817141435e+02
2.36519767203532695e+02
2.36868667328039464e+02
2.37049054163076505e+02
2.37382717751596033e+02
2.37967390681808922e+02
2.38045137506335266e+02
2.38495694423217401e+02
2.38716657463044157e+02
2.39218683446951673e+02
2.39615160654856652e+02
2.40019886722115587e+02
2.40527794012189759e+02
2.41028830439067690e+02
2.41367028254795912e+02
2.41706884961750632e+02
2.41856396319577129e+02
2.41943006082468003e+02
2.42468393682347482e+02
2.42558617351339421e+02
2.43399376240139702e+02
2.44025350258937181e+02
2.44175685215124020e+02
2.44499795193766431e+02
2.44598684058734250e+02
2.46028608919023725e+02
2.46526603753604604e+02
2.46719185480891156e+02
2.47272208757686599e+02
2.47553882110902293e+02
2.47632141963292554e+02
2.47814385006726297e+02
2.48481129108825940e+02
2.48649262875003103e+02
2.48938107624981058e+02
2.49349786495552109e+02
2.49414788563431159e+02
2.49585844156222379e+02
2.49907780016722143e+02
2.50206158855593060e+02
2.50431626980307158e+02
2.50550020273629684e+02
2.51521548355530058e+02
2.52627884901091477e+02
2.53870465531621960e+02
2.54306734576136989e+02
2.54389159459963196e+02
2.54749938914489690e+02
2.55132765113934056e+02
2.55327704213541608e+02
2.55543355957642291e+02
2.55671495042903359e+02
2.56175912548246572e+02
2.56276881309312103e+02
2.56423827922574333e+02
2.57055397555321065e+02
2.57622090842743262e+02
2.59003538919386187e+02
2.59081736190419008e+02
2.59702707485013946e+02
2.59936931319776534e+02
2.60506339772691547e+02
2.61016374517528050e+02
2.61184666825534634e+02
2.61354384048094573e+02
2.61484653515135733e+02
2.61982229437852084e+02
2.62647939628882568e+02
2.62974194657476176e+02
2.63263198559554041e+02
2.63513852694718537e+02
2.63784709556982875e+02
2.64140581181319874e+02
2.64465416834116070e+02
2.64664894584087165e+02
2.64893141221657800e+02
2.65184391707775148e+02
2.65278345947100831e+02
2.65678469772713072e+02
2.66806883625518140e+02
2.67370303939842984e+02
2.67709957569195922e+02
2.68155692445696388e+02
2.68307742891336829e+02
2.68554324411806363e+02
2.68782111270372525e+02
2.69128730729691426e+02
2.69542902582408942e+02
2.70109832404137990e+02
2.70666962065871587e+02
2.71277479678501777e+02
2.72087684398201418e+02
2.72267258376225527e+02
2.72638976556807222e+02
2.72861748798414965e+02
2.72989851273555644e+02
2.73722664968248978e+02
2.73983922854745174e+02
2.74203764028567321e+02
2.74424711408589417e+02
2.74626469536879995e+02
2.74990745897839020e+02
2.75035599468964961e+02
2.75125399518642212e+02
2.76054381514493286e+02
2.76280239551443060e+02
2.76626573054761934e+02
2.77406511888083287e+02
2.80132899739106335e+02
2.80253197254619067e+02
2.80440281294948136e+02
2.80525626664488016e+02
2.80978679919770968e+02
2.81221982945787204e+02
2.81393030723010895e+02
2.81541930876946481e+02
2.82368696233530613e+02
2.82528674366618816e+02
2.82934382781396891e+02
2.84600023469609425e+02
2.85038816124305072e+02
2.85459111040601499e+02
2.85917597275055869e+02
2.86246959591182360e+02
2.86366054343164990e+02
2.86664037705987880e+02
2.86924237602848507e+02
2.87018401488475035e+02
2.87726801147423259e+02
2.87875699136236733e+02
2.87951321613294056e+02
2.88276675331088256e+02
2.88822699516540183e+02
2.88998312519143099e+02
2.89320139580040347e+02
2.89779553858008228e+02
2.90233687851237448e+02
2.90380396316052497e+02
2.90593069797359249e+02
2.91486792865147606e+02
2.91647915921497713e+02
2.92756307926989450e+02
2.92876287559296770e+02
2.93073254802636939e+02
2.93550323682372721e+02
2.94145266985239118e+02
2.94260951141901046e+02
2.94793127203034203e+02
2.95105416886181672e+02
2.95550960818919975e+02
2.96028080360395904e+02
2.96595437875611026e+02
2.96881976040259872e+02
2.97217161888026396e+02
2.97505890349413903e+02
2.97624741866456645e+02
2.98681846311147467e+02
2.98946904418976203e+02
2.99192953936008450e+02
2.99452304675286541e+02
2.99935361072437161e+02
3.00294530763456066e+02
3.00735617461405411e+02
3.01117549357020323e+02
3.01188731906180465e+02
3.01368832966827426e+02
3.01696739283810700e+02
3.01802655517405583e+02
3.02121177069879366e+02
3.02846810027131539e+02
3.03979931902765998e+02
3.04591195399891944e+02
3.04768173216850471e+02
3.05273732113279493e+02
3.05604970440437341e+02
3.06314305594490975e+02
3.06530770082052527e+02
3.06981526213815641e+02
3.07105664498626652e+02
3.07360762592868184e+02
3.07827844117152381e+02
3.07923208093490416e+02
3.09022588915958238e+02
3.10003361083171626e+02
3.10301178252974296e+02
3.10523469843678640e+02
3.11043052830309932e+02
3.11660814063621331e+02
3.11748852247021148e+02
3.12225204165312618e+02
3.12690049786257532e+02
3.13004023861375742e+02
3.13511563403718583e+02
3.13670151698865141e+02
3.13808042893964057e+02
3.14314703932624809e+02
3.14417060216156415e+02
3.14629296146680872e+02
3.14824123971583731e+02
3.15378630947528336e+02
3.16890275428442408e+02
3.17008016212917198e+02
3.17778637188372898e+02
3.17952431176541324e+02
3.18521197197501976e+02
3.18609586734594302e+02
3.18992897726783951e+02
3.19165202531004638e+02
3.19664774006750520e+02
3.19916905965635863e+02
3.20226259967109456e+02
3.20907624718563909e+02
3.22144131315460470e+02
3.22717113002596079e+02
3.23053416267306034e+02
3.23207264223255379e+02
3.23591472773113310e+02
3.23791969113825928e+02
3.24143046557761636e+02
3.24881130226632024e+02
3.25079186255148670e+02
3.25353598776310150e+02
3.25447265404013422e+02
3.25602975578533915e+02
3.25973920490352270e+02
3.26464894009507304e+02
3.26626444851444603e+02
3.27506755108018865e+02
3.28150080918857498e+02
3.29458118645826346e+02
3.30103350743936460e+02
3.30391579493038364e+02
3.30576220652505242e+02
3.30923303746262945e+02
3.31237409235922200e+02
3.31950124949994631e+02
3.32575778441381487e+02
3.32828178682155851e+02
3.33021053676323447e+02
3.34010115511963818e+02
3.34192912808859717e+02
3.34423840537332012e+02
3.34780903421154846e+02
3.35021270671775710e+02
3.35542596469254079e+02
3.35873973125028897e+02
3.36296903091277954e+02
3.36586156790054417e+02
3.36790652994797540e+02
3.37013205171553466e+02
3.37130837017520264e+02
3.37651506961170810e+02
3.37747925363942159e+02
3.37965968463080515e+02
3.38055591410916520e+02
3.38292180489376562e+02
3.38607362829478745e+02
3.38742611510765300e+02
3.38934870291161531e+02
3.39248635958364844e+02
3.39818547678802759e+02
3.42554443409082410e+02
3.43039675103094964e+02
3.43288181071171152e+02
3.43605399491662240e+02
3.43715183209502470e+02
3.43928330070116544e+02
3.44181240056588706e+02
3.44540382038379391e+02
3.45248757613167243e+02
3.47228248707523733e+02
3.47660495165437794e+02
3.48107958157936366e+02
3.48554100094678574e+02
3.48681751829320206e+02
3.49115018159220085e+02
3.49454007931937952e+02
3.49653921961928177e+02
3.50221313417448300e+02
3.50371112226757305e+02
3.50848482709681036e+02
3.51218590763657858e+02
3.51659717238628843e+02
3.51750233933025129e+02
3.52044650353448901e+02
3.52186202530117214e+02
3.52802341191856556e+02
3.54403507810692247e+02
3.54647385187421435e+02
3.55220288623577687e+02
3.55310263354686185e+02
3.55645861308351357e+02
3.55795296598717073e+02
3.56029382082047050e+02
3.56489324739824383e+02
3.56675521516171841e+02
3.57093687880670018e+02
3.57518918082383436e+02
3.58620450331634117e+02
3.59092162741652203e+02
3.60021452526481255e+02
3.60160568953979350e+02
3.60464890208028180e+02
3.60620803060282583e+02
3.61307948107590505e+02
3.61646427069425272e+02
3.62124748575932642e+02
3.62355227334428605e+02
3.62668611077815456e+02
3.63373633622199804e+02
3.63790085926640131e+02
3.63979527015090810e+02
3.64239580813383782e+02
3.64561962027567404e+02
3.64949543488569020e+02
3.65281840103779132e+02
3.65496321914814018e+02
3.67059328342311744e+02
3.67778711212763142e+02
3.67957015442135855e+02
3.68107146647793058e+02
3.68529462932923934e+02
3.68902773674371019e+02
3.69056061262452715e+02
3.69490100884829815e+02
3.69588871029325219e+02
3.70566048524943085e+02
3.71361156582080184e+02
3.71628116594744654e+02
3.71857007974467876e+02
3.72366738941898348e+02
3.72750117203257105e+02
3.72958359889547069e+02
3.73282416060440539e+02
3.73545082996581641e+02
3.73840939485787601e+02
3.74175813804941356e+02
3.74286322399261167e+02
3.74889180031192609e+02
3.75016522594517426e+02
3.75441537846241431e+02
3.75667222842380227e+02
3.75848798627098176e+02
3.76429006255871229e+02
3.76630734734022838e+02
3.76786704204517889e+02
3.77015497053989918e+02
3.77479995921489433e+02
3.77775969184114672e+02
3.79487013685674754e+02
3.79722830825776612e+02
3.80254950685199049e+02
3.80444406365097734e+02
3.81084164603605529e+02
3.81390169820571884e+02
3.81490677274264158e+02
3.81957645736682878e+02
3.82152672319203873e+02
3.82396013211473587e+02
3.82591494967174583e+02
3.83364429736183695e+02
3.83934500940069938e+02
3.85397463104567805e+02
3.85777597892690608e+02
3.85925491726523944e+02
3.86035441458104629e+02
3.86387618395892218e+02
3.86862934427295784e+02
3.87186038437328762e+02
3.87701929916802897e+02
3.87829031234853005e+02
3.88584704469744452e+02
3.89116031794163689e+02
3.89337879870423990e+02
3.89875045375387288e+02
3.90429222736223153e+02
3.91474424957393808e+02
3.91781033385875276e+02
3.92480747944935672e+02
3.92895715155929224e+02
3.93111163416513023e+02
3.93431878187657105e+02
3.94243950607867134e+02
3.94477337350559765e+02
3.94862967188140374e+02
3.95905243415816813e+02
3.96004765654177390e+02
3.96622551905969999e+02
3.96787856864178138e+02
3.97555789229080517e+02
3.97885882334751557e+02
3.98096185648811968e+02
3.98629541600539142e+02
3.99064486449072319e+02
3.99569525212672261e+02
4.00604454262811714e+02
4.01183106973823158e+02
4.01441572569903428e+02
4.01548247652000896e+02
4.01913800770298110e+02
4.02132060202707180e+02
4.02267613568681725e+02
4.02941191166423266e+02
4.03130506204346091e+02
4.03544599472845732e+02
4.04268791410788197e+02
4.05189933178276874e+02
4.05963516153519777e+02
4.06302097918588231e+02
4.06745536643487014e+02
4.07029430229534228e+02
4.07568807864265693e+02
4.08379124607162794e+02
4.09204338131450697e+02
4.09662700507204931e+02
4.09993926812414031e+02
4.10498249821556726e+02
4.11000837956974294e+02
4.11536472247549057e+02
4.11759438557015585e+02
4.12065450302808699e+02
4.12321018297861997e+02
4.12601532758798612e+02
4.12978475259908123e+02
4.13486427587977005e+02
4.13861292027609124e+02
4.13998477495369798e+02
4.14543417088292927e+02
4.14807642242988436e+02
4.15177705967250176e+02
4.15672285102586670e+02
4.15850623270095525e+02
4.16418236506330118e+02
4.17075513888472074e+02
4.17338491267520226e+02
4.17581948391227343e+02
4.18246228322136517e+02
4.19118061472147133e+02
4.19327714617058405e+02
4.20599738831313061e+02
4.21045658034148801e+02
4.21723692756354467e+02
4.22526469212147276e+02
4.22879246354164479e+02
4.23310666187433299e+02
4.23519589732699728e+02
4.24143946075348481e+02
4.24751870028795565e+02
4.25053515603830419e+02
4.25626224899651106e+02
4.25782170416278859e+02
4.26287138033506949e+02
4.26623174476883150e+02
4.27450504937328674e+02
4.27878883386224516e+02
4.28094803076420249e+02
4.28317240374050812e+02
4.28604958207337631e+02
4.28996619861813542e+02
4.29154032238525815e+02
4.29617728681182825e+02
4.30712798614991925e+02
4.30935147034601982e+02
4.31392021000303771e+02
4.31699810704885067e+02
4.33053595610051502e+02
4.33675367271847222e+02
4.33839394510717511e+02
4.34281347408852412e+02
4.34605850490505532e+02
4.35272110811414791e+02
4.35452374906821206e+02
4.35888785213064921e+02
4.36284400718712163e+02
4.36595237175790771e+02
4.37226343811252946e+02
4.37439349269725767e+02
4.37929777591791094e+02
4.38105797615421352e+02
4.38331629863777266e+02
4.38574365149596929e+02
4.38747094226665354e+02
4.39039362426172829e+02
4.39170962914819370e+02
4.39585699752719506e+02
4.40440049813976430e+02
4.41359819043838911e+02
4.41787344232518080e+02
4.42938691234658336e+02
4.43283246405149612e+02
4.43751096252522757e+02
4.43949068608308153e+02
4.44420427714550783e+02
4.44567857612856301e+02
4.44745341585157234e+02
4.45087130892170990e+02
4.45524421186923746e+02
4.46060411541228746e+02
4.46460163276277513e+02
4.46886770999243026e+02
4.47144932253659590e+02
4.47304952782728947e+02
4.47448024655458653e+02
4.47937269822234157e+02
4.48228854435868584e+02
4.48482863506079298e+02
4.48648663230747843e+02
