0.00000000000000000e+00
3.58280095892311579e-01
3.59394977339050570e-01
3.60059076862555116e-01
3.76720574294310495e-01
5.27285018702458785e+00
7.85854694017470479e+00
1.00080336757280435e+01
1.11664309257054981e+01
1.33578684600229565e+01
1.43293023570114002e+01
1.52300438413829511e+01
1.66955250101429868e+01
1.73749456550201558e+01
1.81780394792607041e+01
2.00647428091237856e+01
2.09102643827786920e+01
2.09378998748884015e+01
2.20820568615108783e+01
2.26836932445791604e+01
2.53263121144840397e+01
2.54916787991491134e+01
2.56714100522082873e+01
2.57913742916009170e+01
2.74912706415152428e+01
2.78758769955556289e+01
2.85015131271078417e+01
2.92351565671293372e+01
3.04230246175930858e+01
3.06759466492851800e+01
3.13703062146155673e+01
3.20382063421443490e+01
3.36059784292890242e+01
3.37332979476249761e+01
3.37763057144879326e+01
3.45549690998216192e+01
3.51297762194016343e+01
3.57605394687303715e+01
3.58093146122363919e+01
3.58604474042739128e+01
3.59024346403736843e+01
3.59189493052917044e+01
3.59439652713420514e+01
3.59591227694208726e+01
3.59956610308096288e+01
3.61174703147260630e+01
3.61529042453145451e+01
3.61753830779900625e+01
3.65118152115765895e+01
3.73862433957474423e+01
3.76776030853687587e+01
3.91411993146930683e+01
3.92434307016322634e+01
3.96051349338730745e+01
4.03994943908263053e+01
4.04228768477312315e+01
4.04998569425360699e+01
4.18418652583961830e+01
4.26075886165283180e+01
4.30147755117034478e+01
4.33202383783387575e+01
4.47451948486967410e+01
4.53563048656494345e+01
4.61429603235201284e+01
4.69459111431083613e+01
4.70909071748590691e+01
4.76174447643460041e+01
4.77532608929049331e+01
4.79335731025788050e+01
4.79998868082823833e+01
4.82208308690256899e+01
4.84698285884180109e+01
4.97405041166648516e+01
4.98792265713043150e+01
5.01950498284790569e+01
5.09576291536534143e+01
5.20897342015324227e+01
5.26073020345675957e+01
5.33689114788453765e+01
5.42462034890620828e+01
5.43470013411164530e+01
5.46938665772762533e+01
5.50774998721109910e+01
5.54120343303921175e+01
5.57648022332394930e+01
5.58386254853882349e+01
5.61263195376159274e+01
5.70834181909992537e+01
5.75915127583793094e+01
5.78770108280123168e+01
5.80582584666091179e+01
5.87529938394964404e+01
5.94622591223958068e+01
6.04529953322236224e+01
6.12969219179780112e+01
6.15045384768666565e+01
6.20107785698983491e+01
6.22857361246004757e+01
6.25713679221301504e+01
6.37450263964905162e+01
6.43526673066071169e+01
6.45025011803144821e+01
6.46498160222016907e+01
6.49500998461986399e+01
6.49874974549611863e+01
6.54129852864662951e+01
6.60734865293533460e+01
6.61746025832196096e+01
6.66056590422446391e+01
6.74904333233698424e+01
6.79520169145890804e+01
6.94141690756378011e+01
6.99566992165686088e+01
7.00120333569769286e+01
7.07196578972433656e+01
7.08384359312838683e+01
7.09250674400858259e+01
7.15573165773575397e+01
7.16822155072162843e+01
7.20837644111688860e+01
7.24264598249504843e+01
7.34933907442350289e+01
7.35819454494418892e+01
7.40123497597749918e+01
7.41735206611471369e+01
7.41922739008267911e+01
7.45031232509605559e+01
7.48634584000208179e+01
7.55051832519783090e+01
7.58252775072866712e+01
7.60764778422187646e+01
7.61768903977118725e+01
7.79378423975591659e+01
7.79927208518714110e+01
7.83512022605969207e+01
7.85994665905664931e+01
7.92309634802817015e+01
7.93493451698729757e+01
7.94801060950691749e+01
7.95539830092409375e+01
7.96808133682267226e+01
8.03003941046922591e+01
8.05145077654779016e+01
8.12849645096339088e+01
8.17564469119984381e+01
8.24069530186120858e+01
8.26283409335141812e+01
8.28084186028779641e+01
8.31952603342541579e+01
8.42034134367736726e+01
8.45214942811777803e+01
8.46239309765500707e+01
8.50298734535831500e+01
8.51154648386268775e+01
8.54764700941695708e+01
8.56056173172831336e+01
8.59121132645688590e+01
8.65483338496754300e+01
8.74640369299887936e+01
8.76282858871630594e+01
8.79453270628269195e+01
8.83931532177900863e+01
8.92228672217256644e+01
8.92914747899516215e+01
9.03853343412025936e+01
9.06399730217990509e+01
9.13823799604383282e+01
9.20995964477534699e+01
9.25003781321214831e+01
9.25376679040390968e+01
9.27110577523729376e+01
9.33188345785642070e+01
9.36530886888956786e+01
9.43688066302422897e+01
9.44448939552548552e+01
9.47569736614558167e+01
9.53294556948017942e+01
9.55936776258699012e+01
9.57614150777489215e+01
9.58704275489519091e+01
9.60699975625088598e+01
9.62558549646516042e+01
9.66022245253072072e+01
9.71884579096810057e+01
9.72298028383229678e+01
9.82985810958595891e+01
9.94507680921782651e+01
1.00248990303199747e+02
1.00385740862581713e+02
1.00735284335825412e+02
1.01155729797228901e+02
1.01595222434739554e+02
1.02605698187397479e+02
1.02738149503630410e+02
1.03225979194982159e+02
1.03318601039012322e+02
1.04581737871246190e+02
1.04800877272499520e+02
1.05063806204798510e+02
1.05689184922758727e+02
1.06217364463493709e+02
1.07053449572210866e+02
1.07378809038251148e+02
1.07473858785776230e+02
1.07755281244343593e+02
1.07905046297680002e+02
1.08094997823556895e+02
1.09164629563189720e+02
1.09546417340617865e+02
1.09601219997966808e+02
1.10005181400860437e+02
1.10267069538811910e+02
1.10945693083053470e+02
1.11871845657070452e+02
1.12045745049560566e+02
1.12421521251866437e+02
1.12542523558841367e+02
1.12909621197260833e+02
1.13104769248807230e+02
1.13736729793133975e+02
1.13803312243058429e+02
1.14197119793300175e+02
1.14546761945055806e+02
1.14904907965572647e+02
1.16008905098432791e+02
1.16391388900959925e+02
1.17440156857977797e+02
1.17599959017666492e+02
1.17666765398378686e+02
1.18320087257631087e+02
1.18835449833219627e+02
1.19162661985194831e+02
1.19431812182025396e+02
1.19478372846152212e+02
1.19596774754158730e+02
1.20121255769935573e+02
1.20499195930321605e+02
1.22269925721735916e+02
1.22672613642952626e+02
1.22911413751833294e+02
1.23653911281488178e+02
1.24091208967412371e+02
1.24365989233477393e+02
1.25035150656166877e+02
1.25424650588212415e+02
1.25812128393839942e+02
1.26306645313071868e+02
1.26772472525508789e+02
1.26826544291958726e+02
1.28066369993863304e+02
1.28367563098071571e+02
1.30275193859259218e+02
1.30390506514361959e+02
1.30580663229278656e+02
1.31414398090755270e+02
1.31484168286616210e+02
1.31953952792737510e+02
1.32180798485994615e+02
1.32866140100758514e+02
1.33655578836555208e+02
1.34049812807343301e+02
1.34732164335056865e+02
1.35016692350782591e+02
1.36389334433596360e+02
1.36774690188813992e+02
1.37245488375162381e+02
1.37979161955924070e+02
1.38227222502074284e+02
1.39346735130337805e+02
1.39917022989125741e+02
1.40060839387303730e+02
1.40173621156996830e+02
1.41189933871935324e+02
1.42170486854996540e+02
1.42524925370973818e+02
1.43784461273465297e+02
1.44070786266701276e+02
1.44285198678967220e+02
1.44432276012773514e+02
1.44563309386434440e+02
1.44638252451634202e+02
1.44939769529197292e+02
1.45675506062759979e+02
1.45969814495719959e+02
1.46298374225188439e+02
1.47194084999269791e+02
1.47734597100788676e+02
1.48519302396703608e+02
1.48872509579572380e+02
1.51354735675894148e+02
1.52356169028758387e+02
1.52788673254806639e+02
1.53038872706136914e+02
1.53131406417533782e+02
1.53696713463145272e+02
1.53898608820157307e+02
1.54040334191760877e+02
1.54458976885726173e+02
1.55059975822014337e+02
1.56469895319816317e+02
1.56594027032639985e+02
1.56666226211484343e+02
1.56731847584381057e+02
1.57265042537278191e+02
1.58408884172944738e+02
1.59108679706505484e+02
1.59371968120031681e+02
1.60162213341783513e+02
1.60317298621253485e+02
1.61083542714211603e+02
1.61630416229277614e+02
1.62004739097594154e+02
1.63179510976548386e+02
1.64262875712204391e+02
1.64473469785044017e+02
1.65747560809696949e+02
1.65884922003212409e+02
1.66826133727181116e+02
1.67154471822373182e+02
1.67292366655863702e+02
1.67599444861632264e+02
1.68118600447546157e+02
1.68614912340326384e+02
1.69381191415916646e+02
1.69603772570552110e+02
1.69730761254535537e+02
1.71584099555710452e+02
1.72546833547266147e+02
1.73030723021694712e+02
1.73115893350905367e+02
1.73627250495625390e+02
1.74289742651741847e+02
1.75082279307222279e+02
1.75193315366538116e+02
1.75436304545520102e+02
1.75803547699306193e+02
1.77282241917324939e+02
1.77983442462567382e+02
1.79082748650851954e+02
1.79413151342626691e+02
1.79959220164107137e+02
1.80861312743880319e+02
1.80905224730589623e+02
1.81992463781228309e+02
1.82179868907091418e+02
1.83210582177220317e+02
1.83821958513511220e+02
1.84563891822346648e+02
1.84659448283579650e+02
1.84866287541971587e+02
1.86150218392278646e+02
1.87240678505598908e+02
1.87617709660677519e+02
1.88238671041332793e+02
1.88739259926111401e+02
1.89263180402973262e+02
1.89391530148236086e+02
1.90162036539484177e+02
1.90491434842122203e+02
1.91563290591322243e+02
1.92372883739993313e+02
1.92599921718213125e+02
1.92694886373557154e+02
1.92991665292495384e+02
1.94206496235206941e+02
1.94424085009820487e+02
1.95504043044893763e+02
1.95864380456078266e+02
1.97217248740493460e+02
1.97454389735184066e+02
1.98692851005044474e+02
1.98783842288339542e+02
1.99459276701512294e+02
2.00498478653774725e+02
2.02210546061624086e+02
2.02600739643518409e+02
2.02681039948284820e+02
2.02836499388641073e+02
2.03373891628345689e+02
2.03659168365692324e+02
2.04396832664124872e+02
2.04563531440644454e+02
2.05001395414774493e+02
2.05916761354644279e+02
2.06665932192465334e+02
2.07575731518912278e+02
2.07689659379291811e+02
2.09377472690982643e+02
2.09753457392527366e+02
2.10828441011032453e+02
2.11492597393756910e+02
2.12276880031996200e+02
2.12676444527382728e+02
2.13006450526608944e+02
2.13329053215665112e+02
2.15447610838187927e+02
2.15502347979396973e+02
2.16729429716126162e+02
2.16900078956072377e+02
2.18441345805842843e+02
2.18950705510423234e+02
2.19542289138880619e+02
2.20155764540079474e+02
2.20361899202322434e+02
2.20625441889550530e+02
2.21333719447578346e+02
2.22763465158942211e+02
2.22910504302669040e+02
2.23818540466864022e+02
2.24931151599833868e+02
2.25230130197954736e+02
2.26533963761581219e+02
2.27813496309360573e+02
2.27926187236134865e+02
2.28569566802274892e+02
2.29288785221669173e+02
2.30291186450472765e+02
2.30361619609976970e+02
2.30825792817428635e+02
2.31183157287081485e+02
2.31978368473622481e+02
2.32048983438590540e+02
2.32538310439299892e+02
2.33347433291413950e+02
2.36011777215928362e+02
2.36253817303750907e+02
2.36726848314554672e+02
2.36968244482412274e+02
2.37268982797541469e+02
2.38837470769566607e+02
2.39486635542169438e+02
2.39565814100060436e+02
2.40634457095388882e+02
2.40752439923455540e+02
2.41753030629027535e+02
2.42898101226268636e+02
2.43180350737172375e+02
2.43766253175431189e+02
2.43874869632731077e+02
2.45105239525773868e+02
2.45607627359693879e+02
2.46360603724876398e+02
2.47160785882278049e+02
2.47903550881866465e+02
2.48117755840770087e+02
2.48352053284762121e+02
2.49092658534693953e+02
2.50147927075003224e+02
2.51408372220570243e+02
2.52987262476336184e+02
2.54264715937849644e+02
2.54751128333623967e+02
2.56251870108774369e+02
2.56395232224652602e+02
2.56520962048733452e+02
2.56697176097256374e+02
2.57324836892010012e+02
2.58781801511697097e+02
2.59207393055039233e+02
2.60518942380780402e+02
2.61162942650422337e+02
2.62709056838507536e+02
2.63375281127323035e+02
2.64008772367128643e+02
2.64662368156425941e+02
2.65435779107512246e+02
2.65815574743435150e+02
2.67451965662848181e+02
2.68047927546018911e+02
2.68985052473999303e+02
2.70384314111682045e+02
2.70929989777446281e+02
2.71438219004142354e+02
2.71648635080845679e+02
2.72024556687390259e+02
2.72555038080153849e+02
2.73398156203498388e+02
2.73903085463364050e+02
2.74101354475821950e+02
2.74216954883433573e+02
2.76692553653668426e+02
2.77332195868357758e+02
2.79150761737773280e+02
2.80359638944761912e+02
2.82598846182071213e+02
2.82880836529434987e+02
2.82953525182355747e+02
2.83184806952181873e+02
2.84008599459397431e+02
2.84343249843143440e+02
2.85327712731247516e+02
2.85830362515831894e+02
2.87305620881114578e+02
2.89482305347803504e+02
2.89698944536770512e+02
2.90566838014536131e+02
2.90941701120599760e+02
2.92162978177353523e+02
2.92436003222214538e+02
2.92569779729937238e+02
2.94154304530097647e+02
2.94552649646583291e+02
2.95576447009442802e+02
2.96492995355341407e+02
2.97358238087809355e+02
2.98349401029138221e+02
2.98572519584366319e+02
3.00094795343358214e+02
3.00255053020808418e+02
3.00759228944939309e+02
3.01861093322872648e+02
3.02349249013233646e+02
3.03785643755471938e+02
3.04995866653060773e+02
3.06113465979474597e+02
3.06373174374068014e+02
3.06799857034967829e+02
3.07710475933435418e+02
3.08347344095636515e+02
3.11280018409428408e+02
3.11857178608639344e+02
3.12347297807925202e+02
3.12452130010405654e+02
3.13265347211109429e+02
3.14484483937306322e+02
3.15480272540042961e+02
3.16189075355105331e+02
3.17549871281479795e+02
3.18795414675945040e+02
3.21249384377884439e+02
3.21615860541698055e+02
3.22698068259357910e+02
3.23597696733961698e+02
3.25326676661192039e+02
3.25467595829664106e+02
3.25756785743198350e+02
3.26357068638306657e+02
3.27583940129619350e+02
3.27744562881642082e+02
3.30595979752569576e+02
3.31089183410908731e+02
3.32112139307321968e+02
3.32273380872128769e+02
3.33229091876486166e+02
3.33959416241787153e+02
3.34150550857697510e+02
3.34508193176873647e+02
3.36669821112906959e+02
3.36885924808390769e+02
3.37109088257073267e+02
3.37316666421106447e+02
3.39049090461573428e+02
3.43006186169793693e+02
3.43973899335137162e+02
3.44749213832894725e+02
3.44991542982172973e+02
3.45411981366547025e+02
3.46110597203930013e+02
3.46590027023279390e+02
3.47419034419552304e+02
3.49080441764286036e+02
3.49399250667657157e+02
3.52213911520634269e+02
3.53636094709014401e+02
3.54085422253652553e+02
3.54428815029989664e+02
3.54796482822501559e+02
3.55526076908005507e+02
3.55661173332671979e+02
3.55887177293231787e+02
3.56071163420415076e+02
3.59064825456524375e+02
3.60647287518178189e+02
3.61602535613491341e+02
3.63787072368568886e+02
3.66364816911489299e+02
3.66512703785150961e+02
3.67291207510589345e+02
3.67914533655557591e+02
3.68406868667169761e+02
3.68652328188501485e+02
3.69838911283016103e+02
3.71319997875636261e+02
3.72350237427439595e+02
3.72733545546037419e+02
3.73440650024227978e+02
3.73796002858096813e+02
3.74494197229540816e+02
3.75577460745968381e+02
3.75847514486678620e+02
3.76026827700556339e+02
3.76743283774144061e+02
3.77501278085780427e+02
3.77785947034979870e+02
3.78401192310570138e+02
3.78563757528968608e+02
3.81437900558487513e+02
3.82887538640128469e+02
3.83645379819873369e+02
3.84117679340453776e+02
3.85344516827250743e+02
3.86526921339970613e+02
3.88361933758320390e+02
3.88682102522695232e+02
3.88842619376379275e+02
3.92343422656964890e+02
3.93461101287800659e+02
3.94013045506702838e+02
3.94550318907675717e+02
3.95349440100230424e+02
3.98271038418246917e+02
3.98991698659532290e+02
3.99907000383083641e+02
4.00165629840459644e+02
4.00416746271518662e+02
4.01905041054071773e+02
4.03469059089175175e+02
4.08157462075020362e+02
4.08563275697248230e+02
4.08805124714425858e+02
4.09662902046118404e+02
4.09772243339521538e+02
4.10558455809246027e+02
4.11441479938454449e+02
4.12457562363050783e+02
4.12630096698264765e+02
4.13440648769831228e+02
4.13796308006033655e+02
4.16255344602945456e+02
4.18013288644036720e+02
4.18386722209831760e+02
4.19620925847407875e+02
4.20082543969833296e+02
4.20641173123183307e+02
4.21824706586321327e+02
4.23144274537042975e+02
4.23649076451745032e+02
4.24330647173188368e+02
4.28568251056091299e+02
4.29219458478884576e+02
4.29507422510037941e+02
4.30231733591391162e+02
4.30547799040461882e+02
4.30841296176283663e+02
4.31726692891072275e+02
4.31968182630022056e+02
4.33042186570559124e+02
4.33542518813774791e+02
4.35626281385751554e+02
4.38023572995403811e+02
4.38313811589635293e+02
4.38656383987312552e+02
4.39132404689828945e+02
4.39620176382176510e+02
4.40164106212239176e+02
4.40697245195648406e+02
4.40911263696785227e+02
4.41161083271969233e+02
4.41375268301386654e+02
4.42261297344837317e+02
4.42556166424800608e+02
4.45166435945920625e+02
4.45653859737574635e+02
4.45975092240119807e+02
4.46227243756112671e+02
4.46360509670456281e+02
4.46544677965539563e+02
4.46703899862711978e+02
4.46894287072408474e+02
4.47116500560631266e+02
4.47598857617384624e+02
