0.00000000000000000e+00
3.56711177012016378e-01
3.58282538468955636e-01
3.59147094220318763e-01
3.60325404606484767e-01
3.61764540077359698e-01
3.62486254139867015e-01
3.76516964964082490e-01
5.27285018702302466e+00
7.85854694017864119e+00
1.00080336757329178e+01
1.11664309257116088e+01
1.33578684600146431e+01
1.43293023570159335e+01
1.52300438413838037e+01
1.66955250101374872e+01
1.73749456550187773e+01
1.81780394792674826e+01
2.00647428091204887e+01
2.09102643827588253e+01
2.09378998748899505e+01
2.20820568614861656e+01
2.26836932445535240e+01
2.53263121144373429e+01
2.54916787991308667e+01
2.56714100521456032e+01
2.57913742915786770e+01
2.74912706416523633e+01
2.78758769955601622e+01
2.85015131269589688e+01
2.92351565670764444e+01
3.04230246174238914e+01
3.06759466490068746e+01
3.13703062145015110e+01
3.20382063425454078e+01
3.36059784288585206e+01
3.37332979498817451e+01
3.37763057145573384e+01
3.45549691022029322e+01
3.58604474425856097e+01
3.58834148686698313e+01
3.59063931283135105e+01
3.59183199198406271e+01
3.59365408221422342e+01
3.59509616184339791e+01
3.59922183166684420e+01
3.60060671116393110e+01
3.60328162286270128e+01
3.61753834827790968e+01
3.63038896237463007e+01
3.65118152135005403e+01
3.68961764066955595e+01
3.73862433923142135e+01
3.76776030766233134e+01
3.91411993316051507e+01
3.92434307123417625e+01
3.96051349517416611e+01
4.03994943930866270e+01
4.04228768951593054e+01
4.04998569414246674e+01
4.18418652276421028e+01
4.26075886109619262e+01
4.30147754910212257e+01
4.33202383843290590e+01
4.47451951068252072e+01
4.53563049127071451e+01
4.61429603234042816e+01
4.69459110668228163e+01
4.70909071084162179e+01
4.76174447024461074e+01
4.77532608364936948e+01
4.79335730478245523e+01
4.79998867824362208e+01
4.82208299311823225e+01
4.84698286229920541e+01
4.97405041088661335e+01
4.98792266233573685e+01
5.01950498283368063e+01
5.09576292062271250e+01
5.20897342626815600e+01
5.26073021137862895e+01
5.33689114414035828e+01
5.42462035663585880e+01
5.43470010293446251e+01
5.46938665082676323e+01
5.50774999827108331e+01
5.54120348587843523e+01
5.57648020492732996e+01
5.58386259177916884e+01
5.61263201824775138e+01
5.70834181495461053e+01
5.75915127430806706e+01
5.78770116456330754e+01
5.80582577488565335e+01
5.87529952169589080e+01
5.94622587675059151e+01
6.04529949692730781e+01
6.12969210953036452e+01
6.15045392380616534e+01
6.20107763676924435e+01
6.22857359423803985e+01
6.25713741161575001e+01
6.37450085232842696e+01
6.43526458399405783e+01
6.45025058786841328e+01
6.46498116979230417e+01
6.47488477600913654e+01
6.49500985544234197e+01
6.49874819603105607e+01
6.54129917146171067e+01
6.60735033320446519e+01
6.61745701348892794e+01
6.66056743095103059e+01
6.74903693912876861e+01
6.79520734318410575e+01
6.94142542117063783e+01
6.99566578427875925e+01
7.00120377640813558e+01
7.07196594457865899e+01
7.08385221240509679e+01
7.09250310172449474e+01
7.15572682907812236e+01
7.16822170255617550e+01
7.20837591640729727e+01
7.24264836170994499e+01
7.34934879824260179e+01
7.35819418928659275e+01
7.40123726103493027e+01
7.41735506150573372e+01
7.41922580552003410e+01
7.45031430012242026e+01
7.48634315973155822e+01
7.53900420322944740e+01
7.56569975132047716e+01
7.58229622009060620e+01
7.60458557690989778e+01
7.61062693746834213e+01
7.79472277158086513e+01
7.83315027559541193e+01
7.84045190880358689e+01
7.86220603394566524e+01
7.92989902393821353e+01
7.93871270672098888e+01
7.94389558763162142e+01
7.96151274969654423e+01
7.98155878249289685e+01
8.02825520197588105e+01
8.04398613618199363e+01
8.13456531831043890e+01
8.14731897723844440e+01
8.16846172394079986e+01
8.22303817257183880e+01
8.25874268693950455e+01
8.28437881741702995e+01
8.29831377212182701e+01
8.44215416472644051e+01
8.47378555434883651e+01
8.49144067457131086e+01
8.51920884749246454e+01
8.53968273768576580e+01
8.55347752198724436e+01
8.58505330755633338e+01
8.62860758079904997e+01
8.64346783951257294e+01
8.68877033835301802e+01
8.71509824545113361e+01
8.78924867956573905e+01
8.82184711684690228e+01
8.89180772953002077e+01
8.91143401781122009e+01
8.95273004882445207e+01
8.95962928702260513e+01
8.96259998259251347e+01
9.10691577961229655e+01
9.16534661306120881e+01
9.17583770373412904e+01
9.24211431864281963e+01
9.33163691094724470e+01
9.33532887347047335e+01
9.46380864096863377e+01
9.47103117460393946e+01
9.50596901116789752e+01
9.51670761836361123e+01
9.53235884202073294e+01
9.55486511365775755e+01
9.59973509077668723e+01
9.63445231597114571e+01
9.66262832262318909e+01
9.67959482299804961e+01
9.68973263417226747e+01
9.78624614801230734e+01
9.86241046772356071e+01
9.89823945905068854e+01
1.00133170717788033e+02
1.00649528294905537e+02
1.01363910309178181e+02
1.01447244375646790e+02
1.01788555988130355e+02
1.02091770315780678e+02
1.02979934182776873e+02
1.03684782243145349e+02
1.03988133103108538e+02
1.04948337298817250e+02
1.05059570332683478e+02
1.05235257530090905e+02
1.06141367327534454e+02
1.06434857471562140e+02
1.06522877392184682e+02
1.07045001851707099e+02
1.07157935790383590e+02
1.07278826411747900e+02
1.07515586049025615e+02
1.07871984729686829e+02
1.08280750206481940e+02
1.08770146777927891e+02
1.09462185274539763e+02
1.09561895734846814e+02
1.09808713649391706e+02
1.10282723922473764e+02
1.11113784823066595e+02
1.11704805120197506e+02
1.12183420104268322e+02
1.12445290185434686e+02
1.12714893319085121e+02
1.12857706601000842e+02
1.12897165859686652e+02
1.13777559388345509e+02
1.14490773658728074e+02
1.14553206174087109e+02
1.15522885923100034e+02
1.16507769670872648e+02
1.17326535288071284e+02
1.17855290837930653e+02
1.18415933668290762e+02
1.18722629708687521e+02
1.18964102914957834e+02
1.19030597393388803e+02
1.19288404492305688e+02
1.19565707470399587e+02
1.19934560222135559e+02
1.19970283364796074e+02
1.20177047613983461e+02
1.20515976873698008e+02
1.20851187097381342e+02
1.22124002304499868e+02
1.22764131254153455e+02
1.23956855728323490e+02
1.24447756644140156e+02
1.24622150677869712e+02
1.24740578904909853e+02
1.25373555720260271e+02
1.25709127851915753e+02
1.25795762131502983e+02
1.25825071164599620e+02
1.26075049201370120e+02
1.26616226023075455e+02
1.26813802537691799e+02
1.28349785943979214e+02
1.28769600401992051e+02
1.30035275665743399e+02
1.30952369460832585e+02
1.31236424460563768e+02
1.31456997176340252e+02
1.31573080096667979e+02
1.31725226361929202e+02
1.31999186565821390e+02
1.32646671649997558e+02
1.33955689386998131e+02
1.34295585991228194e+02
1.34529833036711892e+02
1.35359855039987053e+02
1.36350434376893872e+02
1.36550222235558834e+02
1.36662740667341069e+02
1.36816061464646793e+02
1.39114177468336948e+02
1.39586474513357558e+02
1.40513824761424729e+02
1.40770095491817386e+02
1.41558569374437496e+02
1.41903625423353191e+02
1.42218019141969705e+02
1.42789900463927410e+02
1.43120028741945362e+02
1.44145239758527453e+02
1.44538437462677933e+02
1.44746789273236971e+02
1.45234280859068974e+02
1.45329674839766142e+02
1.45550515258464145e+02
1.45753032459953943e+02
1.45959552551031550e+02
1.46416531482218261e+02
1.46531307953351330e+02
1.46609463438592911e+02
1.46755388945107171e+02
1.47546393334134791e+02
1.48488161776879195e+02
1.48778154386819239e+02
1.49661062544802007e+02
1.51259325976585416e+02
1.52032390330746694e+02
1.52177144508351347e+02
1.52298115108082641e+02
1.53013624614928432e+02
1.53441463664154782e+02
1.53480801007468642e+02
1.54139036215686787e+02
1.55096350034397204e+02
1.55301848667918961e+02
1.55510562158580626e+02
1.55786099907465911e+02
1.56280459291670411e+02
1.56717531015941631e+02
1.57903163361332020e+02
1.58095969536820348e+02
1.58549917244527649e+02
1.59163424387819248e+02
1.59845061218002115e+02
1.60124374197753639e+02
1.60414654486753079e+02
1.61033582868621068e+02
1.61951679285575096e+02
1.64150273248316125e+02
1.64765886379166773e+02
1.64982011440700035e+02
1.65944458342874896e+02
1.66257292820328075e+02
1.66395816139381566e+02
1.66565051371618154e+02
1.66668881902025134e+02
1.67082772317820741e+02
1.67435136498992108e+02
1.68333995618980168e+02
1.69028837932829731e+02
1.69742378302855229e+02
1.71508664120661535e+02
1.71877172845405994e+02
1.72206931722574723e+02
1.73287180251176153e+02
1.74275678831093842e+02
1.74532527123751947e+02
1.74866623575960887e+02
1.75144864017963357e+02
1.75453285991760254e+02
1.76273479599450980e+02
1.78281623419412028e+02
1.79150932032980222e+02
1.79325027046076514e+02
1.79883125923166176e+02
1.80145734441947241e+02
1.81218020086728359e+02
1.81898649882853249e+02
1.82339574640377180e+02
1.82523617261650372e+02
1.83104694134763463e+02
1.83449089056634534e+02
1.83779296565885772e+02
1.84917383559336713e+02
1.85528632794995133e+02
1.85959975728528264e+02
1.87410958799875004e+02
1.87485118194679785e+02
1.87866849058650189e+02
1.87969639249709928e+02
1.88058145674004436e+02
1.88127815625908966e+02
1.88310542169084840e+02
1.88879256432421641e+02
1.90161935127782272e+02
1.91705276623578584e+02
1.91917277258851982e+02
1.92442575016609226e+02
1.92718231986278056e+02
1.93273937006707683e+02
1.94095386437391483e+02
1.94796329960144078e+02
1.95009327014942187e+02
1.95245788779418774e+02
1.96152527415711802e+02
1.96801104726819631e+02
1.97339558903458851e+02
1.98704786658690466e+02
1.99194273156774500e+02
1.99748963818753964e+02
2.00815070959157026e+02
2.01155935975393959e+02
2.02141608441213180e+02
2.02974398024876507e+02
2.03751275994870184e+02
2.04108109058457615e+02
2.04228495850276545e+02
2.04643095561997541e+02
2.05842890093578205e+02
2.06829968236349316e+02
2.07331898759618582e+02
2.08643400920402030e+02
2.09905370735849829e+02
2.10004351104302771e+02
2.12013952317747510e+02
2.13383289073202093e+02
2.13570284528080947e+02
2.15307565774410591e+02
2.15697649512703549e+02
2.15963136553834886e+02
2.16458136196085093e+02
2.16636406588418595e+02
2.17202827409280303e+02
2.18268310562439126e+02
2.18375295565719512e+02
2.18654506999937496e+02
2.20086959267221914e+02
2.20358735503193657e+02
2.20547282118465034e+02
2.21840011783199998e+02
2.22057613957580486e+02
2.23039577164241109e+02
2.24754259240906663e+02
2.25049516829869390e+02
2.25326963310239535e+02
2.25758662070694697e+02
2.26659365873143997e+02
2.27600931225680938e+02
2.28275140211022290e+02
2.28682817637930441e+02
2.29476340548229473e+02
2.29661107183690774e+02
2.30052461683472075e+02
2.30708569057495254e+02
2.31062880676166913e+02
2.31431827035678623e+02
2.32248964966937194e+02
2.32714464964776425e+02
2.34066039629474346e+02
2.34461529555320453e+02
2.35070899859437645e+02
2.35718711067001948e+02
2.36757515159184663e+02
2.37999694528296345e+02
2.38542617146608450e+02
2.40166354079400776e+02
2.40791029906810707e+02
2.41283223602192550e+02
2.41877662427328460e+02
2.42052840514861145e+02
2.43073483132414424e+02
2.43635130112785816e+02
2.43960632829850283e+02
2.45533690073387334e+02
2.45605666579802460e+02
2.46656686142768933e+02
2.46821690752033192e+02
2.48359593034930924e+02
2.48594916773818170e+02
2.48800874997837184e+02
2.50405962741582584e+02
2.50636721450024936e+02
2.53232041763262885e+02
2.53995395322429431e+02
2.54204945497466213e+02
2.54573587675595036e+02
2.55605027445634732e+02
2.56084062236894226e+02
2.56429424427006836e+02
2.56962699928553377e+02
2.57126981759753505e+02
2.57787546928892993e+02
2.57865942127298581e+02
2.59469283499568178e+02
2.62342306508242132e+02
2.63568424112734363e+02
2.63696888390370077e+02
2.64347838283754356e+02
2.65351831550671591e+02
2.65416486932705595e+02
2.66099623735378145e+02
2.67602191788414700e+02
2.68129273284242174e+02
2.69292513863718568e+02
2.69762229323803410e+02
2.69929830292639679e+02
2.70735695141437020e+02
2.70902357372528911e+02
2.71244158113860919e+02
2.71524623659000326e+02
2.71861603636517600e+02
2.72533310718607538e+02
2.73521898925779851e+02
2.74757523093968359e+02
2.76509825812730355e+02
2.77776195753424417e+02
2.78321719183687321e+02
2.79373113183816770e+02
2.80949387605342451e+02
2.81213766692804313e+02
2.81706897043959543e+02
2.83367747760634131e+02
2.83470876294555580e+02
2.84251817730479502e+02
2.86177681519043119e+02
2.86525974324429399e+02
2.87265076119109040e+02
2.88968325790879817e+02
2.89596180405480993e+02
2.90634477937152440e+02
2.91215630394784739e+02
2.91678956137869932e+02
2.91817903850933874e+02
2.92825448275461554e+02
2.94855648238426113e+02
2.95219478136396390e+02
2.96024910109880580e+02
2.96622553937771045e+02
2.97303574818563050e+02
2.97733771446663638e+02
2.98242491044932876e+02
2.99095386919577720e+02
2.99616326047502014e+02
2.99890219278751033e+02
3.00326590631116346e+02
3.00744766904939411e+02
3.01309369152626971e+02
3.03055416633730317e+02
3.04511830831641532e+02
3.04963506493855789e+02
3.06151122483695076e+02
3.06297255500809115e+02
3.07085482251975861e+02
3.07746446496003784e+02
3.07851475590137454e+02
3.08079747677606747e+02
3.09525175369030137e+02
3.12316505736048555e+02
3.12981740088866161e+02
3.14843757069462242e+02
3.15505325544024629e+02
3.16805539749731565e+02
3.17039233033552762e+02
3.17270470553774999e+02
3.17366484054926786e+02
3.19441061354659155e+02
3.19575897364423781e+02
3.21872340329459917e+02
3.22019518614751519e+02
3.22883191783237464e+02
3.24008713054050986e+02
3.24755592966500899e+02
3.25431149024198533e+02
3.26484414364868371e+02
3.27379785359531979e+02
3.27615872326746967e+02
3.29516011798956697e+02
3.30305986542800440e+02
3.30725880861495057e+02
3.31714709148969121e+02
3.34756051358522598e+02
3.35133976228569509e+02
3.35480205159588479e+02
3.36373323369327295e+02
3.36555473391760813e+02
3.37366923165296839e+02
3.38235219759123027e+02
3.38411671882046562e+02
3.39515262503023280e+02
3.41606253747633843e+02
3.42720018598581760e+02
3.43755434743573801e+02
3.44920837579434647e+02
3.45112111377723977e+02
3.45914694208086075e+02
3.47411788510362726e+02
3.48321119703903378e+02
3.48662131723720677e+02
3.50018739920179257e+02
3.52117542699163721e+02
3.54080850294255868e+02
3.54386243475462038e+02
3.54521478353228247e+02
3.54629027014344729e+02
3.55005382154482447e+02
3.56442850445101556e+02
3.57456869230361292e+02
3.58275437200835484e+02
3.59586205878219062e+02
3.63449899807797749e+02
3.64906761978920883e+02
3.65240161107200379e+02
3.66150047441594268e+02
3.66254820960174357e+02
3.66683472896567935e+02
3.66807276385436808e+02
3.67520469622500229e+02
3.67870686723937126e+02
3.68355402109516717e+02
3.69168415335639338e+02
3.70738625436530583e+02
3.71321526510693900e+02
3.72816076219215972e+02
3.72998943153800440e+02
3.74456544546987971e+02
3.74757677569961572e+02
3.75398303799220571e+02
3.75925086091221772e+02
3.76565859540167708e+02
3.76859269725132435e+02
3.77364566448777452e+02
3.79419590468105582e+02
3.80163568820760190e+02
3.80987719849815392e+02
3.81119378570318190e+02
3.82425805077411496e+02
3.84910488028617578e+02
3.85819801561789404e+02
3.86035823177034388e+02
3.86197275796670738e+02
3.87925273830834954e+02
3.89682845676056957e+02
3.90425780189530940e+02
3.91771338571340607e+02
3.94246900190814870e+02
3.95875263061293708e+02
3.96887058588542004e+02
3.97241044938524340e+02
3.97754211535196191e+02
3.98776449342669480e+02
4.00535946001334651e+02
4.00638896892253456e+02
4.01249928829688599e+02
4.02066076115889246e+02
4.03579572440820300e+02
4.05636074195826609e+02
4.07063108333938430e+02
4.07409829789843684e+02
4.08326604398887127e+02
4.09795424898710451e+02
4.11269871540186102e+02
4.11511306927506894e+02
4.11644179609475657e+02
4.12269061995770016e+02
4.12505044037559287e+02
4.12722751247406677e+02
4.13309928613937927e+02
4.13706791303178079e+02
4.14665387662135913e+02
4.16204996544120831e+02
4.16991030019651475e+02
4.17196546784100406e+02
4.19305858415856392e+02
4.19888278587422178e+02
4.20466575756847533e+02
4.21134515063427216e+02
4.21773898812778384e+02
4.22478177390862015e+02
4.22607778548431043e+02
4.22858593633221062e+02
4.24963511875559902e+02
4.27440067269597876e+02
4.27878028653984870e+02
4.29026427780543941e+02
4.29295303608123049e+02
4.30009705484365895e+02
4.30802844133980670e+02
4.31282938387451054e+02
4.31714652353508200e+02
4.31889419646655256e+02
4.32963170835284245e+02
4.33548451378209734e+02
4.33750827731629329e+02
4.37913190436696823e+02
4.38258486010895695e+02
4.38698904662141786e+02
4.39061370578162609e+02
4.39667368219307036e+02
4.40118281665176937e+02
4.40740151019433938e+02
4.40896538917014709e+02
4.41082143170637096e+02
4.41394364146732983e+02
4.41725991927929499e+02
4.42626329186168050e+02
4.45102322278995644e+02
4.45446715532976782e+02
4.45748052682778962e+02
4.46093239530155188e+02
4.46240910053036828e+02
4.46517134794376375e+02
4.46816935282608824e+02
4.46998931294881572e+02
4.47316582931258836e+02
4.47478254044506002e+02
