0.00000000000000000e+00
2.90222259976431474e-01
3.57811629618851157e-01
3.58513982919873797e-01
3.59304245604590733e-01
3.60048604336029143e-01
3.61015748979909290e-01
3.61825360577896049e-01
3.62784950807792939e-01
3.66825205488765960e-01
3.78653753958431594e-01
5.27285018702268360e+00
7.85854694017568534e+00
1.00080336757324631e+01
1.11664309257067771e+01
1.33578684600226296e+01
1.43293023570179088e+01
1.52300438413847559e+01
1.66955250101595851e+01
1.73749456550201984e+01
1.81780394792605051e+01
2.00647428091581475e+01
2.09102643827564947e+01
2.09378998748983918e+01
2.20820568615111910e+01
2.26836932445513781e+01
2.53263121144386787e+01
2.54916787990900531e+01
2.56714100521211321e+01
2.57913742915184514e+01
2.74912706417711519e+01
2.78758769957348846e+01
2.85015131271214273e+01
2.92351565669923730e+01
3.04230246177297943e+01
3.06759466492470949e+01
3.13703062146220191e+01
3.20382063426654895e+01
3.36059784264565451e+01
3.37332979480918311e+01
3.37763057131327571e+01
3.45549691051168963e+01
3.58041381474565696e+01
3.58395546099894204e+01
3.58604474503247843e+01
3.58849747984501164e+01
3.59175535994785378e+01
3.59510726517944192e+01
3.59714772415179596e+01
3.60514495459649709e+01
3.61091087075999724e+01
3.61312931831841126e+01
3.61753835791067502e+01
3.62455505544174059e+01
3.62723989220698684e+01
3.65118152369811924e+01
3.73862433865551793e+01
3.76776030764220309e+01
3.91411993174838244e+01
3.92434306826557702e+01
3.96051349511639330e+01
4.03994943940635949e+01
4.04228769158469561e+01
4.04998569472481051e+01
4.18418652565491129e+01
4.26075886144004699e+01
4.30147754875283681e+01
4.33202383788151337e+01
4.47451951106519630e+01
4.53563049092233541e+01
4.61429603195333868e+01
4.69459110676315845e+01
4.70909071127689458e+01
4.76174446822113566e+01
4.77532608314568563e+01
4.79335730583731561e+01
4.79998867743933886e+01
4.82208299998190739e+01
4.84698286172249766e+01
4.97405040944630343e+01
4.98792265902082761e+01
5.01950498119343536e+01
5.09576292413682097e+01
5.20897342421905876e+01
5.26073020306176886e+01
5.33689114188542817e+01
5.42462034880151123e+01
5.43470008218945111e+01
5.46938665589402433e+01
5.50774998682860826e+01
5.54120345204675289e+01
5.57648021614714366e+01
5.58386256495040811e+01
5.61263200746232940e+01
5.70834181457043996e+01
5.75915134623405152e+01
5.78770119724183871e+01
5.80582595919190965e+01
5.87529955531791188e+01
5.94622602015305404e+01
6.04529952500613490e+01
6.12969189657872278e+01
6.15045372117421891e+01
6.20107731914985436e+01
6.22857353934145408e+01
6.25713661300726471e+01
6.37450260916451725e+01
6.43526725010705434e+01
6.45025035819198536e+01
6.46498179127829928e+01
6.49500997139362255e+01
6.49874953118759606e+01
6.54129980548010508e+01
6.60734995112322565e+01
6.61746086170797696e+01
6.66056660545974353e+01
6.74904244286044843e+01
6.79519987790909852e+01
6.94141423386565748e+01
6.99566425076555163e+01
7.00120523387208777e+01
7.07196448960065993e+01
7.08383363104976240e+01
7.09250338586811608e+01
7.15572834305164349e+01
7.16822315179680345e+01
7.20838171213560486e+01
7.24264640851969261e+01
7.34935686100668875e+01
7.35819784171378899e+01
7.40123653050171981e+01
7.41735480758663357e+01
7.41923002643324025e+01
7.45031460196203454e+01
7.48634653310532769e+01
7.53253288207718583e+01
7.55207450352220349e+01
7.58459773474824601e+01
7.60931548461526006e+01
7.61973525381386594e+01
7.79723854750761802e+01
7.80020244406719030e+01
7.83469835805912851e+01
7.84791384468402384e+01
7.85900290348238002e+01
7.93877135525757467e+01
7.95278934643288267e+01
7.95626419648940839e+01
7.96930737929998827e+01
8.02604529955896453e+01
8.04042558468821085e+01
8.12740964135278432e+01
8.19860915951017546e+01
8.23020326123827033e+01
8.25584964964886296e+01
8.26006043314390297e+01
8.30023318188913208e+01
8.43391794176099268e+01
8.47060994693788416e+01
8.47417431245818875e+01
8.50230483605350571e+01
8.54265110371838432e+01
8.55549442183900339e+01
8.55990839919905682e+01
8.59411824508438542e+01
8.62778744564049305e+01
8.69517002506019594e+01
8.74577343167410106e+01
8.76971627300867738e+01
8.78807231553021779e+01
8.82892943714625744e+01
8.85891405175487705e+01
8.89680323398668236e+01
8.93770379203419907e+01
9.03975990555574640e+01
9.11902773136428095e+01
9.15986697640947796e+01
9.16575595340106020e+01
9.18669804564437698e+01
9.20454290751630140e+01
9.26137054117340313e+01
9.38448184250087252e+01
9.44264018329082546e+01
9.48205104051785668e+01
9.51579860239682773e+01
9.51922326262649392e+01
9.54053785683498177e+01
9.57580667280358000e+01
9.59181937503336712e+01
9.66570611106706394e+01
9.68810969652457459e+01
9.71623148022012515e+01
9.73993723923467201e+01
9.74988636938610682e+01
9.76141292004876107e+01
9.90686451334647700e+01
9.98456431649242973e+01
1.00850187038236442e+02
1.00923963844288551e+02
1.01439803165386053e+02
1.01523762792743639e+02
1.02292901219299580e+02
1.03343726940216072e+02
1.03444614238462776e+02
1.04410129364672315e+02
1.05027031009050688e+02
1.06033519949191486e+02
1.06212530686546870e+02
1.06244350999622782e+02
1.06518537620716330e+02
1.06654109669776687e+02
1.06750110575641003e+02
1.06772109038871321e+02
1.07234285275034637e+02
1.07334090413956034e+02
1.07642313880730654e+02
1.08008570606314919e+02
1.09149988470894016e+02
1.09337353341063590e+02
1.10066307195025530e+02
1.10099483869350024e+02
1.10440491835413951e+02
1.10807984883465650e+02
1.10987227257514064e+02
1.11954636272218295e+02
1.12202105823753755e+02
1.12697701584232959e+02
1.12831514938013868e+02
1.13116996620479767e+02
1.13614126922666259e+02
1.13741914757347672e+02
1.14039002638542769e+02
1.14383721680408485e+02
1.14408167256100484e+02
1.15866585178459076e+02
1.16157301210610228e+02
1.16841831764014273e+02
1.17165997247493124e+02
1.17577390712941281e+02
1.18358294338397911e+02
1.18707204646546899e+02
1.18796044033242367e+02
1.19148993131581364e+02
1.19388521350170862e+02
1.19616667511893297e+02
1.20237679020737289e+02
1.21243531415421955e+02
1.22059523564198003e+02
1.22744056943801610e+02
1.23559617142849731e+02
1.24150037641633133e+02
1.24552923880656522e+02
1.24608157206433162e+02
1.24693801243942517e+02
1.25137321617302462e+02
1.25716664206044328e+02
1.26395958415804188e+02
1.27488397770210838e+02
1.28474672797324274e+02
1.29975557029791872e+02
1.30205437447889551e+02
1.30481607146223666e+02
1.31031745614353241e+02
1.31111951154805723e+02
1.31768904464827102e+02
1.31975586066795955e+02
1.32379602334166066e+02
1.32701846928763302e+02
1.33442243414486597e+02
1.33581866496430109e+02
1.33686243995846411e+02
1.34211485260035801e+02
1.34594523793352636e+02
1.36430554852462308e+02
1.36794624521043801e+02
1.37188910426779728e+02
1.38634044630519838e+02
1.39133900009755848e+02
1.39702089339860379e+02
1.40568575685643253e+02
1.41871285527201394e+02
1.42130810214047500e+02
1.42339556593510395e+02
1.42910921155099288e+02
1.43067820847580748e+02
1.44261537868686020e+02
1.44295223821094424e+02
1.44655099954563127e+02
1.44921285341723916e+02
1.45067928435436613e+02
1.45363002164826298e+02
1.45963202593348996e+02
1.46067271943616674e+02
1.46857765799193459e+02
1.46938621063593871e+02
1.47811567876638435e+02
1.48070656426898694e+02
1.49343600567885233e+02
1.51022547043568721e+02
1.51199526401768253e+02
1.52414964091873742e+02
1.52808799482311059e+02
1.53425187619515583e+02
1.53581649215541404e+02
1.54006890034306821e+02
1.54057786791809917e+02
1.54480114103057332e+02
1.54570155513875932e+02
1.55276841683796164e+02
1.55790851965519323e+02
1.55870921929004226e+02
1.56372511611808306e+02
1.56802793071776364e+02
1.58007248436783755e+02
1.58248694776642026e+02
1.58597620561259248e+02
1.59040698470873849e+02
1.59936619970553465e+02
1.60670009438544071e+02
1.60812013570321994e+02
1.61244411193306291e+02
1.61590862489089830e+02
1.63047674131582994e+02
1.63956589921075590e+02
1.66244572986444666e+02
1.66542463966366938e+02
1.66579102293366077e+02
1.67187340962768360e+02
1.67572783054624153e+02
1.67646691496558162e+02
1.68041139514161955e+02
1.68863623237257514e+02
1.70096568786957334e+02
1.70340134093963059e+02
1.70637510254592030e+02
1.72774937831793181e+02
1.72914550328928158e+02
1.73486125726615512e+02
1.74232620831890586e+02
1.74682571659712153e+02
1.74841809047858419e+02
1.75204731650093208e+02
1.76219474544134982e+02
1.76990321183416597e+02
1.77148474731775991e+02
1.78134709246821046e+02
1.79016961736526696e+02
1.79373586820300943e+02
1.80270758892669335e+02
1.80741453474498599e+02
1.81218578953961696e+02
1.81495341382961385e+02
1.82633101323731921e+02
1.84603177716780579e+02
1.84807933003644280e+02
1.85894304468699488e+02
1.86400257851411197e+02
1.87041614042747540e+02
1.87296859172559323e+02
1.87449677295737160e+02
1.88162836848624352e+02
1.88581601244919511e+02
1.89409591915153555e+02
1.89579202410120160e+02
1.90265914790520014e+02
1.90863403907045608e+02
1.91627867713973501e+02
1.92083558718255176e+02
1.92577116218657522e+02
1.93088352924774142e+02
1.93397213448229707e+02
1.94478474599097922e+02
1.94875440957694934e+02
1.95160914322306041e+02
1.95939402979369788e+02
1.96286523302966657e+02
1.97247383837535324e+02
1.97393839194454756e+02
1.98833665136808577e+02
1.99721383985907835e+02
2.00628111335097117e+02
2.01311241205407271e+02
2.02156573963188862e+02
2.02463260949541450e+02
2.03427618118577527e+02
2.03487027725908661e+02
2.03986852148205514e+02
2.04039852301268979e+02
2.04821011298872691e+02
2.05433768428547580e+02
2.06885149617666173e+02
2.07206450645479435e+02
2.07499340475448832e+02
2.09078072303407282e+02
2.09291965537323847e+02
2.10399910178058974e+02
2.10817466130348123e+02
2.12656830315396178e+02
2.14019729967467640e+02
2.15438598035900782e+02
2.15801374935567821e+02
2.16259564879681193e+02
2.16704461415194771e+02
2.17173095088881325e+02
2.17242545732435360e+02
2.18333216065837007e+02
2.18901469068398626e+02
2.19331959507499164e+02
2.19950255588874256e+02
2.20651637304134965e+02
2.21078884262075746e+02
2.21177217251895058e+02
2.22150465318092074e+02
2.23356527359012887e+02
2.24316243693761294e+02
2.24762161647100015e+02
2.25169823870881714e+02
2.27387044524333191e+02
2.28105365783235072e+02
2.28410844637495643e+02
2.28695240849639902e+02
2.29327721712390371e+02
2.30127387931327746e+02
2.30925840113794322e+02
2.31027450461767728e+02
2.33447322270540838e+02
2.34537257568551865e+02
2.34727706699016665e+02
2.34801350178827875e+02
2.35066515220616850e+02
2.35888997881338696e+02
2.36375634644672402e+02
2.36851881758469119e+02
2.38966001086695655e+02
2.39113284432784098e+02
2.40028984392763562e+02
2.40268155017458525e+02
2.40586130124789520e+02
2.41477022819471131e+02
2.41579058380641925e+02
2.42461033696057825e+02
2.43134548749625253e+02
2.44574044645657693e+02
2.45236207217646097e+02
2.46668784716060316e+02
2.47491215051668860e+02
2.48026733207654388e+02
2.48454145857840444e+02
2.49061053427180241e+02
2.49934480530069720e+02
2.53308394583169218e+02
2.54785998995910802e+02
2.54991892178709179e+02
2.55088114308839181e+02
2.55200591829773771e+02
2.56737900417705703e+02
2.56839310051928749e+02
2.57403183712006410e+02
2.58422110261873343e+02
2.59397195768236998e+02
2.60157272871374346e+02
2.60260912147784950e+02
2.61934389882152971e+02
2.62028102910108601e+02
2.62818661713351332e+02
2.64632253808904238e+02
2.65093301159106829e+02
2.65276897259073849e+02
2.66379719071090506e+02
2.67184029818682347e+02
2.67756142832547027e+02
2.69896234674138952e+02
2.70203609044668440e+02
2.71285396791832511e+02
2.72048377904582424e+02
2.72339024135269938e+02
2.73262779084053363e+02
2.74120744942153522e+02
2.74458469819728805e+02
2.75071396890465451e+02
2.75781039059064142e+02
2.77637064978594026e+02
2.78302854482258397e+02
2.79276057276293159e+02
2.81036353450809429e+02
2.81340695304348230e+02
2.82442049836391050e+02
2.83207498680684466e+02
2.84974414997753058e+02
2.85576149482445601e+02
2.87642366181420755e+02
2.88064281141999174e+02
2.88935087323120229e+02
2.89031377991715942e+02
2.90214481342169336e+02
2.90356472740413778e+02
2.90703822581637496e+02
2.90990073568485911e+02
2.92815932949889088e+02
2.94150759277421287e+02
2.96554641384630031e+02
2.97237842389734851e+02
2.97321229616339167e+02
2.97508196358460054e+02
2.98303879448343480e+02
2.99048213138721337e+02
2.99615140522110721e+02
3.00906771216566199e+02
3.03100258092240779e+02
3.04517437928826382e+02
3.04744010951576740e+02
3.05748455482029954e+02
3.06961876041184780e+02
3.07285042145402315e+02
3.08316812829826461e+02
3.08759468454433829e+02
3.10533188658810616e+02
3.11263459078500546e+02
3.12558177628716351e+02
3.13417241288568050e+02
3.14400391281258294e+02
3.14639269919752962e+02
3.14938786509537408e+02
3.16340428317392707e+02
3.18223415008214943e+02
3.18525888403513989e+02
3.20111446256619217e+02
3.20378098069213024e+02
3.22091617116820998e+02
3.24616405907060198e+02
3.25504943628589274e+02
3.25704108543792074e+02
3.25882482484904472e+02
3.28015426530587376e+02
3.28157847901646278e+02
3.29495815305422582e+02
3.30210003545843961e+02
3.30444682319150616e+02
3.32690235006674698e+02
3.34175359390749009e+02
3.34945731522819301e+02
3.35118829341829041e+02
3.35988568042912846e+02
3.36400413443422224e+02
3.36893692560946477e+02
3.37224839234626927e+02
3.37767881802645718e+02
3.38397043077778278e+02
3.41953086491167028e+02
3.43325506021061074e+02
3.43936533956634605e+02
3.44301391649525499e+02
3.44503008514250439e+02
3.46161557770997831e+02
3.46364197004479990e+02
3.47017552551222195e+02
3.49724134913100784e+02
3.50817288148072180e+02
3.51326542333893883e+02
3.53592512948541184e+02
3.54633875733037769e+02
3.55261347614909539e+02
3.55692531901021312e+02
3.55923948035973012e+02
3.58192063575334146e+02
3.58583003913959317e+02
3.59291385168201884e+02
3.62905844128136152e+02
3.63935653079949930e+02
3.65045612837367571e+02
3.65337976568903230e+02
3.66920897821098492e+02
3.67380275496705622e+02
3.67543700727393741e+02
3.67871814826562343e+02
3.69163776175860676e+02
3.69630671726044568e+02
3.71530121109552113e+02
3.72727937590671331e+02
3.73498329921157335e+02
3.74425015013845098e+02
3.74659131710249198e+02
3.75863647148878499e+02
3.76072055565306300e+02
3.76179096477598364e+02
3.76647865915708053e+02
3.76997935337108856e+02
3.78756948990919625e+02
3.79210210800261564e+02
3.82557764358643112e+02
3.83681361958693344e+02
3.84727484955226601e+02
3.86647565730363510e+02
3.87101740224988305e+02
3.87712487897351934e+02
3.88150908049574184e+02
3.89429268225706437e+02
3.89952250248510722e+02
3.90098834783563575e+02
3.92297819476397990e+02
3.93771908007336663e+02
3.94076875935081375e+02
3.94999015516683983e+02
3.95962322429432447e+02
3.96969825479586063e+02
3.97813346744085948e+02
3.99881702794996158e+02
4.01084147798929052e+02
4.01508703244120625e+02
4.02439479532004611e+02
4.02879703287856557e+02
4.04747279946238621e+02
4.07180715479991022e+02
4.08620110778628259e+02
4.08881894816791032e+02
4.09104930902745366e+02
4.09405281307164103e+02
4.10115244584213315e+02
4.11436153969013844e+02
4.11734248217852269e+02
4.12101497171551841e+02
4.12809584734804616e+02
4.13246899795413015e+02
4.14271886387934728e+02
4.15078477371787358e+02
4.15364548583762939e+02
4.17371805832906830e+02
4.17671509083820524e+02
4.19744724578280511e+02
4.19977652153662348e+02
4.20343932142919130e+02
4.21428149160060343e+02
4.21926055165945058e+02
4.22718740902965919e+02
4.24116266380396269e+02
4.25871094900118010e+02
4.28791853802858782e+02
4.29299034016459814e+02
4.30373653386792967e+02
4.30504587901658056e+02
4.30694026474673365e+02
4.30958399678054548e+02
4.32214718568620242e+02
4.33247764847270673e+02
4.34073145873594513e+02
4.37108488543673502e+02
4.37895250325603115e+02
4.38537986392843209e+02
4.38898072172048501e+02
4.39512997059805912e+02
4.40242454010855113e+02
4.40738116150986457e+02
4.40899693948113054e+02
4.41101223727085426e+02
4.41407020545619048e+02
4.41793945149879278e+02
4.42831437284757612e+02
4.45122198445792833e+02
4.45421714172099769e+02
4.45611282740648107e+02
4.46204476322907908e+02
4.46443017654264509e+02
4.46591761841606740e+02
4.46832580555670120e+02
4.46958436771048014e+02
4.47299055494432650e+02
4.47697618691709977e+02
