0.00000000000000000e+00
3.48801108156152395e-01
3.58046969549590699e-01
3.58687917228635911e-01
3.59559341088356632e-01
3.61440219053008605e-01
3.66305682756021156e-01
3.68779675604443469e-01
5.27285018702775687e+00
7.85854694017562849e+00
1.00080336757308572e+01
1.11664309257129872e+01
1.33578684600142452e+01
1.43293023570144129e+01
1.52300438414024626e+01
1.66955250101362935e+01
1.73749456550195163e+01
1.81780394792666300e+01
2.00647428091323121e+01
2.09102643827494177e+01
2.09378998748698280e+01
2.20820568614976196e+01
2.26836932445679622e+01
2.53263121144605776e+01
2.54916787991298719e+01
2.56714100521051876e+01
2.57913742915510369e+01
2.74912706417001544e+01
2.78758769956866246e+01
2.85015131271575228e+01
2.92351565669247861e+01
3.04230246174940930e+01
3.06759466492490276e+01
3.13703062145826266e+01
3.20382063391284078e+01
3.36059784274152946e+01
3.37332979505057438e+01
3.37763057140598733e+01
3.45549691050307786e+01
3.55078077040100766e+01
3.58558646842250823e+01
3.58811961412911558e+01
3.58981626877326505e+01
3.59099401324042162e+01
3.59470620246323165e+01
3.59727936904021419e+01
3.60358604765087023e+01
3.61365804735793574e+01
3.61753834887314838e+01
3.63373589730677224e+01
3.65118152021640014e+01
3.73862433952305651e+01
3.76776030786978140e+01
3.91411993220796433e+01
3.92434306894042209e+01
3.96051349533609311e+01
4.03994943814583962e+01
4.04228769075939738e+01
4.04998569428148301e+01
4.18418652628033954e+01
4.26075886191959796e+01
4.30147754950991157e+01
4.33202383840977632e+01
4.47451951245629118e+01
4.53563049116117725e+01
4.61429603197697418e+01
4.69459109413907925e+01
4.70909071206362739e+01
4.76174447791343596e+01
4.77532608157668506e+01
4.79335730845684225e+01
4.79998868356608455e+01
4.82208299812137113e+01
4.84698287373299195e+01
4.97405041354761011e+01
4.98792265486292479e+01
5.01950497284971107e+01
5.09576291910072428e+01
5.20897342547102369e+01
5.26073021417589644e+01
5.33689115848036408e+01
5.42462042607199351e+01
5.43470019464666905e+01
5.46938664473310610e+01
5.50774996863776494e+01
5.54120337824109583e+01
5.57648016047064630e+01
5.58386249254471636e+01
5.61263193467097494e+01
5.70834128582850440e+01
5.75915122486050848e+01
5.78770075812836353e+01
5.80582577697911404e+01
5.87529951580399086e+01
5.94622604285754335e+01
6.04529986606026739e+01
6.12969192610721620e+01
6.15045407993276001e+01
6.20107767348282266e+01
6.22857360917790004e+01
6.25713659025965399e+01
6.37450242983516375e+01
6.43526717071506198e+01
6.45025032989631484e+01
6.46498195153034203e+01
6.49500962326546016e+01
6.49874944390888629e+01
6.54129944336707752e+01
6.60734914241974138e+01
6.61746052847675230e+01
6.66056777989079762e+01
6.74904407092470819e+01
6.79520066925493040e+01
6.94141313352480438e+01
6.99566526210765289e+01
7.00119992329914282e+01
7.07196455824825705e+01
7.08383387009988041e+01
7.09250420200118299e+01
7.15572818345408734e+01
7.16821858077616128e+01
7.20837792848523691e+01
7.24264429319111116e+01
7.34934785163523827e+01
7.35819764144096951e+01
7.40123649074079140e+01
7.41735442045422531e+01
7.41922818388128178e+01
7.45031890297375128e+01
7.47971101422767788e+01
7.48634831041786697e+01
7.55046381592487137e+01
7.58394471208868595e+01
7.60784579598594348e+01
7.61875337905167953e+01
7.79740792594649292e+01
7.80942070131737296e+01
7.83821481401965059e+01
7.91086924617409295e+01
7.91484269129704217e+01
7.92766523566806427e+01
7.94589873995445828e+01
7.95041850102223577e+01
7.95834379093487030e+01
7.99183005757532499e+01
8.02739207033350226e+01
8.11463608514545456e+01
8.18144613846326081e+01
8.23996460868746965e+01
8.26496647236098454e+01
8.31434473998860994e+01
8.35055446956485241e+01
8.45070820241631395e+01
8.46297474719875424e+01
8.46951332595666031e+01
8.50328069309885564e+01
8.53856629679987122e+01
8.56880498415249008e+01
8.58656152327782820e+01
8.59356102643741053e+01
8.64121072685732372e+01
8.72152701094542806e+01
8.73729613894819863e+01
8.78954769144311001e+01
8.81767834519609721e+01
8.91692085675267663e+01
8.98738179872124476e+01
9.01197322916859207e+01
9.02101511511131378e+01
9.10140968210059782e+01
9.16037981023164605e+01
9.19500005727363146e+01
9.20422147762944576e+01
9.24162557108566887e+01
9.28701310780569997e+01
9.32198344042711824e+01
9.38452103931011266e+01
9.48970754697357108e+01
9.53130211928456959e+01
9.53847973432809795e+01
9.60769939973388603e+01
9.65012727608485079e+01
9.68289285083493496e+01
9.69152974277996577e+01
9.71864956483165940e+01
9.78214378012561383e+01
9.80579363695146071e+01
9.92057480655329869e+01
9.92914998495486429e+01
1.00001428192646216e+02
1.00369103083894458e+02
1.00488320151943441e+02
1.00772803429687826e+02
1.01509604893748048e+02
1.02017142884501652e+02
1.02597976309863441e+02
1.02929154129455583e+02
1.03018979163870910e+02
1.03296003364354732e+02
1.04428119850975520e+02
1.05222694642593041e+02
1.05596740371579216e+02
1.05880728100498686e+02
1.06387196795551233e+02
1.06754788418708898e+02
1.07028670983795422e+02
1.07333077809406234e+02
1.07852436243241499e+02
1.07896164435265234e+02
1.08500152925500515e+02
1.08600944556297975e+02
1.09496873121216652e+02
1.09660104718178076e+02
1.09816172954899088e+02
1.10829979398891027e+02
1.11799837063777801e+02
1.11895294675600240e+02
1.12258318962491813e+02
1.12804972728673505e+02
1.12957207982740385e+02
1.13341667532550588e+02
1.13940304516939278e+02
1.14205600952132130e+02
1.14313893737683173e+02
1.14492939333255237e+02
1.14932205827605713e+02
1.15735453092183377e+02
1.15819301915717546e+02
1.16987481999869289e+02
1.17191759587630315e+02
1.18108563723483371e+02
1.18406908786919104e+02
1.18767494246478861e+02
1.19174833921387972e+02
1.19659093057577820e+02
1.20083964739768618e+02
1.20303018473740707e+02
1.20419963578261928e+02
1.21032712995508604e+02
1.22201637841242302e+02
1.22396245799626968e+02
1.22583300218160446e+02
1.22638398061060514e+02
1.23997782018317707e+02
1.24348465388209974e+02
1.24549716722991178e+02
1.25154628673986394e+02
1.25185253070854486e+02
1.25600422110193762e+02
1.26292613335123121e+02
1.26450153390488254e+02
1.27705128294234100e+02
1.27811005887981906e+02
1.28337665500013401e+02
1.28385074790069694e+02
1.30163406882924249e+02
1.30895820612804727e+02
1.31416631028987609e+02
1.31546334118170961e+02
1.31861219219748023e+02
1.32140640773247583e+02
1.32834637018597277e+02
1.33414801000831972e+02
1.34399601459010427e+02
1.34482212466088413e+02
1.34956349685892803e+02
1.35175480978206821e+02
1.35335676251807513e+02
1.36434022309324376e+02
1.36893097199517968e+02
1.37616474539719633e+02
1.37728129174492210e+02
1.40761951670815364e+02
1.41481750049224701e+02
1.41681024065908701e+02
1.43249113071466155e+02
1.43342897123023761e+02
1.43460182942107423e+02
1.43530963841344004e+02
1.43736048370853439e+02
1.43852693179883829e+02
1.44415614906166184e+02
1.45059657677046943e+02
1.45182002252916419e+02
1.45544418162063351e+02
1.46434666952234863e+02
1.46721083641133646e+02
1.47075718854778813e+02
1.47788511058442936e+02
1.48074178046017863e+02
1.48618446062404416e+02
1.48753161760842659e+02
1.49779424279870994e+02
1.50000201179954104e+02
1.51971810591583591e+02
1.52074896291353213e+02
1.52357050226343631e+02
1.52951041411355021e+02
1.53469276811102674e+02
1.53825551611829923e+02
1.54103401068056456e+02
1.54200133702549039e+02
1.54272931769582584e+02
1.54815219176503689e+02
1.55542330243066743e+02
1.55878435333807289e+02
1.56826299956241428e+02
1.57146424481460997e+02
1.57704141093797261e+02
1.57937536117380887e+02
1.59790149848464580e+02
1.60172427243915308e+02
1.60581673675376351e+02
1.61203514784633342e+02
1.61797837048772294e+02
1.62434609641181908e+02
1.62889789100497012e+02
1.64049312687874817e+02
1.65219140025420245e+02
1.65783499806117163e+02
1.66348448158501526e+02
1.67165183249146367e+02
1.67775472975333855e+02
1.68083165870429980e+02
1.68931743780263389e+02
1.70282975316102920e+02
1.71485865740694180e+02
1.71810471286641018e+02
1.72411233935952851e+02
1.72758499033414353e+02
1.73369886147053933e+02
1.73419975494943856e+02
1.74035753113238400e+02
1.74769217173055040e+02
1.75373603740064539e+02
1.75975249141217091e+02
1.76114550454688640e+02
1.76341205963604693e+02
1.76400389629302822e+02
1.77888104162472189e+02
1.78840460683956564e+02
1.79078332640932160e+02
1.79349277994327508e+02
1.79523374870490159e+02
1.80028754901368131e+02
1.80789874137781283e+02
1.81003533652174895e+02
1.81717044541122448e+02
1.82189403696917680e+02
1.83343435493442541e+02
1.84435821010410052e+02
1.85512312583056541e+02
1.85939084911712314e+02
1.86350667130849558e+02
1.86919883829240632e+02
1.86973172277739422e+02
1.87848879727552571e+02
1.88450431160243113e+02
1.88556078215554749e+02
1.89095431352868729e+02
1.89435619790045735e+02
1.90200360338393978e+02
1.90602959320587274e+02
1.92076697137088502e+02
1.93364006569845969e+02
1.93611025425235823e+02
1.94018973368592640e+02
1.94471021687872053e+02
1.94955178376190133e+02
1.94997223500602331e+02
1.95658855405237261e+02
1.96890210695043891e+02
1.98130798137260285e+02
1.98543832346925399e+02
1.98690641183731543e+02
1.98958556726340476e+02
2.01530171009344940e+02
2.01696912911313632e+02
2.02455833591589453e+02
2.02570100600034607e+02
2.02625311444950455e+02
2.03412954580237283e+02
2.04380829031483700e+02
2.05197654756015709e+02
2.06284537269767156e+02
2.06830430404167430e+02
2.07249455316495073e+02
2.07458758324996609e+02
2.08166154472883136e+02
2.09484255534101408e+02
2.10494562258044198e+02
2.11344126521372687e+02
2.11518199742827051e+02
2.14176040209646033e+02
2.14900464278516608e+02
2.16022522040354147e+02
2.16933865488270897e+02
2.17579658693043598e+02
2.17859652424648175e+02
2.18073434951527247e+02
2.18360841470723130e+02
2.18566785620042140e+02
2.19334411779245897e+02
2.19621416518198487e+02
2.20921112416847677e+02
2.21175501343935764e+02
2.22860400852547173e+02
2.23675213397871175e+02
2.24577465233048940e+02
2.24806865537648605e+02
2.25340071896502479e+02
2.25500583306803151e+02
2.26675973301432578e+02
2.27066870215196559e+02
2.27579115731077536e+02
2.28205176286364235e+02
2.28666651439168504e+02
2.29408244910521944e+02
2.29694785364245377e+02
2.30948768377248030e+02
2.32174760754675390e+02
2.32235533561782063e+02
2.33546241114378745e+02
2.34746267788996420e+02
2.35169280151920020e+02
2.35703999613721862e+02
2.36881107028373890e+02
2.37133578620479170e+02
2.38440609057611596e+02
2.39341784357433198e+02
2.39564413657342300e+02
2.39872380233023250e+02
2.41181540359604014e+02
2.42996354136297498e+02
2.43069875911355609e+02
2.43175523743273459e+02
2.44220571534884584e+02
2.45981211369649486e+02
2.46969309906200749e+02
2.48155052836479229e+02
2.48422612621849794e+02
2.49283594564949567e+02
2.50355727564969982e+02
2.52332311038172975e+02
2.52553387010655626e+02
2.53432034014374096e+02
2.53888828285251805e+02
2.54174882538527413e+02
2.55389572400206191e+02
2.55681183149574508e+02
2.55946852597818236e+02
2.56246478577197649e+02
2.57332936342649475e+02
2.58237201745698371e+02
2.58390896458968541e+02
2.58632389521552568e+02
2.59314278648913671e+02
2.61203578789485732e+02
2.62125483768275672e+02
2.62533963047841667e+02
2.63106739676415373e+02
2.63263369814135501e+02
2.64350115191246005e+02
2.65446902172587443e+02
2.66000128992896634e+02
2.66354218584096145e+02
2.66456544161666045e+02
2.67723585704534287e+02
2.69638411968853120e+02
2.69944223898066014e+02
2.71370879397309920e+02
2.72099340606381020e+02
2.72936501851630851e+02
2.73004634539320762e+02
2.73270455229066101e+02
2.74309069527461304e+02
2.78254264414591546e+02
2.78530291699386908e+02
2.78930777572276895e+02
2.79022764138994660e+02
2.80495581700518869e+02
2.82176637963832263e+02
2.82537100794645767e+02
2.82982168773920876e+02
2.84331303414312629e+02
2.86064731505610609e+02
2.86533430212393512e+02
2.87139870081960169e+02
2.88068724826392668e+02
2.89597320001241542e+02
2.89944356341282685e+02
2.91048760090031806e+02
2.91185794608067681e+02
2.91673179563086535e+02
2.92580283366861579e+02
2.93529527772568429e+02
2.93714326994798569e+02
2.94926606852316809e+02
2.95187123903037843e+02
2.98035841442272954e+02
2.98301169918383437e+02
2.98582718107765061e+02
2.99522324489718414e+02
2.99658978810008421e+02
3.00567191606153074e+02
3.00745062010406741e+02
3.01450728642961280e+02
3.02364265009453106e+02
3.03233133670977850e+02
3.03365445989669183e+02
3.03867407687028219e+02
3.05441676090427450e+02
3.06069137923516166e+02
3.06589151511791044e+02
3.07271200131919556e+02
3.08151121784741576e+02
3.08852828168047211e+02
3.10803928949576232e+02
3.11426963959514808e+02
3.13592765697942696e+02
3.13714451205420289e+02
3.14676434307287764e+02
3.15574025949050622e+02
3.16886908073803284e+02
3.17372387297164380e+02
3.18021879935000470e+02
3.19635192956947094e+02
3.19886912513435334e+02
3.20512147017449706e+02
3.22551344429640722e+02
3.22984458498749461e+02
3.24414336326197542e+02
3.24978862993885741e+02
3.25066897986453739e+02
3.26989926933229583e+02
3.27212913304298979e+02
3.28380967219233867e+02
3.28475287450852193e+02
3.30661526664166502e+02
3.31035437470832449e+02
3.32342850438280095e+02
3.34207465844382227e+02
3.34533491517603409e+02
3.34646710289536315e+02
3.35612171991635591e+02
3.35691992022998988e+02
3.36224776759446343e+02
3.36898216443678052e+02
3.38090158695352045e+02
3.40314177500858534e+02
3.40759346264356395e+02
3.43591735483236107e+02
3.43891268704146569e+02
3.44389153309621804e+02
3.44509952672514146e+02
3.44873306313532680e+02
3.46018939528776968e+02
3.46716003483657516e+02
3.49389068773786221e+02
3.49655345398464362e+02
3.51377037258086261e+02
3.52919417298510098e+02
3.53164360225137273e+02
3.54209984363328715e+02
3.54811781752783702e+02
3.54995454183077811e+02
3.55284632972381360e+02
3.56804734654304809e+02
3.57130029794152961e+02
3.57814188812597820e+02
3.59561829406609434e+02
3.62743899203809065e+02
3.64652897912574474e+02
3.65340231274842836e+02
3.65927315073360887e+02
3.66460643709807073e+02
3.66729077493479394e+02
3.67001779108014603e+02
3.67758382927793377e+02
3.68258617160264066e+02
3.69547892926151235e+02
3.70392979048335349e+02
3.72490918015539023e+02
3.73756571149864612e+02
3.74006778970821415e+02
3.74772673244215753e+02
3.75164469986377526e+02
3.75673981837947167e+02
3.76145490673254642e+02
3.76598343889745422e+02
3.78979817764804693e+02
3.79312610696700403e+02
3.79448128962790747e+02
3.80413986558625481e+02
3.81447387297773219e+02
3.83932266531104460e+02
3.84027829151166770e+02
3.85736298487443776e+02
3.86010789995955975e+02
3.87294525519608044e+02
3.87949655739482239e+02
3.88316653950783689e+02
3.89915632526846878e+02
3.90656852622306644e+02
3.92823285394115771e+02
3.93627253935802003e+02
3.94338522992422156e+02
3.96512874819414833e+02
3.96979782855195253e+02
3.97319967348030843e+02
3.98800144206139123e+02
3.99099659350648892e+02
3.99923720751864266e+02
4.00235364299012645e+02
4.00834134438244973e+02
4.01109188542360528e+02
4.02337233855892293e+02
4.06616366404921223e+02
4.06916072418244312e+02
4.07877311395938875e+02
4.08401695943277730e+02
4.09900209731558220e+02
4.10769790559045191e+02
4.11023252033398478e+02
4.11375349233578561e+02
4.11765630143726867e+02
4.12015713334100042e+02
4.12887113155479597e+02
4.13042421731527838e+02
4.13290317310283399e+02
4.13915168454370018e+02
4.15662598240746547e+02
4.17901825401474639e+02
4.18260919124084467e+02
4.18605786804884474e+02
4.19292515384379385e+02
4.19872376434269313e+02
4.20509402311649183e+02
4.20979043718743924e+02
4.21495622603219999e+02
4.21776768255685852e+02
4.23164105165710112e+02
4.24002349606572125e+02
4.25152519229265408e+02
4.28990694596186927e+02
4.29206216077361773e+02
4.29362890591390396e+02
4.30314676663181558e+02
4.31287241891486588e+02
4.31437594511572911e+02
4.31787205419413567e+02
4.32186894124496462e+02
4.32952586868075400e+02
4.33244853108557777e+02
4.33578468622124888e+02
4.38495968620635381e+02
4.38629757619719271e+02
4.38894722899940575e+02
4.39090588681229519e+02
4.39736685731826583e+02
4.40160387084642139e+02
4.40430721235854662e+02
4.40753573055637844e+02
4.41069326076333596e+02
4.41226444812769842e+02
4.41967224760048907e+02
4.44200179865141649e+02
4.45264424104874138e+02
4.45493530119365687e+02
4.45843098020793718e+02
4.45980965971882256e+02
4.46154094490282205e+02
4.46426781151120622e+02
4.46624095365166454e+02
4.46839569170158711e+02
4.47119389737004894e+02
4.47423324394231940e+02
