0.00000000000000000e+00
3.58282948674997215e-01
3.59623176322017457e-01
3.60508248124617126e-01
3.61273828864014490e-01
3.69145449334496334e-01
3.94994190947556945e-01
5.27285018702212938e+00
7.85854694017611166e+00
1.00080336757346373e+01
1.11664309257060381e+01
1.33578684600218196e+01
1.43293023570331570e+01
1.52300438413777783e+01
1.66955250101398605e+01
1.73749456550278722e+01
1.81780394792587430e+01
2.00647428091399433e+01
2.09102643827531978e+01
2.09378998748479574e+01
2.20820568615016839e+01
2.26836932445839921e+01
2.53263121144408814e+01
2.54916787991375742e+01
2.56714100520502058e+01
2.57913742916856705e+01
2.74912706416212416e+01
2.78758769956507990e+01
2.85015131270728261e+01
2.92351565671395974e+01
3.04230246178493076e+01
3.06759466493102764e+01
3.13703062135298012e+01
3.20382063424996488e+01
3.36059784285075409e+01
3.37332979487250100e+01
3.37763057162115956e+01
3.45549691099613767e+01
3.57110407920497721e+01
3.58397457257465248e+01
3.58604474084919786e+01
3.58852125509899622e+01
3.59000497822185594e+01
3.59166175777324668e+01
3.59462852367037158e+01
3.59593738074946145e+01
3.60366961624170870e+01
3.61753834335454485e+01
3.62493908914167662e+01
3.65118150666750694e+01
3.68268693359079577e+01
3.73862434010939069e+01
3.76776030856844102e+01
3.91411993146307964e+01
3.92434306701523212e+01
3.96051348823722265e+01
4.03994943809634606e+01
4.04228769123392908e+01
4.04998569490045952e+01
4.18418652886539348e+01
4.26075886187322510e+01
4.30147754987850703e+01
4.33202383791529257e+01
4.47451950935539173e+01
4.53563048933188213e+01
4.61429603479926129e+01
4.69459117074107155e+01
4.70909071181647505e+01
4.76174447185384508e+01
4.77532618973396552e+01
4.79335731497913287e+01
4.79998867819182067e+01
4.82208302414736352e+01
4.84698288152597740e+01
4.97405039560418345e+01
4.98792236715761987e+01
5.01950497410689138e+01
5.09576290504626002e+01
5.20897342865918631e+01
5.26073024914612120e+01
5.33689122356672954e+01
5.42462035243192418e+01
5.43470025832726549e+01
5.46938665146409164e+01
5.50774995668012366e+01
5.54120328394954242e+01
5.57648017940633736e+01
5.58386254277089051e+01
5.61263172468425182e+01
5.70833941646640426e+01
5.75915098825995813e+01
5.78770086853041619e+01
5.80582575029322356e+01
5.87530095268407422e+01
5.94622690963613536e+01
6.04529960289116559e+01
6.12969425304862909e+01
6.15045606614732776e+01
6.20107738011180345e+01
6.22856072768701097e+01
6.25713520920600672e+01
6.37449711395464931e+01
6.43526601772567801e+01
6.45024527604596187e+01
6.46498108513040108e+01
6.49500972083946806e+01
6.49874972846793355e+01
6.54129933273504207e+01
6.60734996038732163e+01
6.61746205807625927e+01
6.66056794500571243e+01
6.74904450644859253e+01
6.79520212082581736e+01
6.94141419355469225e+01
6.99566421674589094e+01
7.00120130708014301e+01
7.07196255545552219e+01
7.08382219098340329e+01
7.09250272317563315e+01
7.15571453493958245e+01
7.16818786038659539e+01
7.20837570494920215e+01
7.24264477740938730e+01
7.34934852701352952e+01
7.35819567166044237e+01
7.40123776786555823e+01
7.41735585050153361e+01
7.41922927721450378e+01
7.45031606314431372e+01
7.48635578141157794e+01
7.54897452941044378e+01
7.58306871049531139e+01
7.60816278277123388e+01
7.61877600193678859e+01
7.79852429128120548e+01
7.83191340114806280e+01
7.86264025877917732e+01
7.93670169719533760e+01
7.94147271162153743e+01
7.95753649691109217e+01
7.96478003956803207e+01
7.97757219371616202e+01
8.02146801181663420e+01
8.03190234940162213e+01
8.12433382875417180e+01
8.18116228798014902e+01
8.22753089486962210e+01
8.25479435140316298e+01
8.31806707107617171e+01
8.44524058923847747e+01
8.45655300060476804e+01
8.47210003454390517e+01
8.48034433234224991e+01
8.52838177788661937e+01
8.54654429786882588e+01
8.55271035338843149e+01
8.58095806779606392e+01
8.62131723823722780e+01
8.64494279465128557e+01
8.65694309848270223e+01
8.74773570296626417e+01
8.76903512367872509e+01
8.79052359169147906e+01
8.86029374892692658e+01
8.89152801116707963e+01
8.89744449491213629e+01
8.91212649694110723e+01
9.02938981742202884e+01
9.06765767199570121e+01
9.07124022653723614e+01
9.19508139799810067e+01
9.21294473819305040e+01
9.22331199788684160e+01
9.34357582471660066e+01
9.40498295377083195e+01
9.41402116298424971e+01
9.46655343242308618e+01
9.54614567578884419e+01
9.56438359661926256e+01
9.59313685810563186e+01
9.62363477653193513e+01
9.64158922457505980e+01
9.64380841852902790e+01
9.65553298052423656e+01
9.69878597575183790e+01
9.78284536758573893e+01
9.79309796447653582e+01
9.83353462712217663e+01
9.89260128410071786e+01
1.00114536719896137e+02
1.00524910788333671e+02
1.00600907592617062e+02
1.01293831046209590e+02
1.01619005830587810e+02
1.02587156505471199e+02
1.02898895710615705e+02
1.03061076154251253e+02
1.03820448857655379e+02
1.04014650249680471e+02
1.04205011718554033e+02
1.04350065139575577e+02
1.04469334920254767e+02
1.05062570846545583e+02
1.06624817165882206e+02
1.06709599557672135e+02
1.07059532263954253e+02
1.07384499234693862e+02
1.07427511909588020e+02
1.07614736741079753e+02
1.07860122005070508e+02
1.08077763620769474e+02
1.09344984463868400e+02
1.09847274626629911e+02
1.10279481480595081e+02
1.10365903785963496e+02
1.11774448123144452e+02
1.12177287968198868e+02
1.12968667523400001e+02
1.13244644502598618e+02
1.13867245370177244e+02
1.13936462040859425e+02
1.14301292612782873e+02
1.14696573067347373e+02
1.15070836711566045e+02
1.15817121163286032e+02
1.16256589725082023e+02
1.16667641684136726e+02
1.17328393452759201e+02
1.17983692241621128e+02
1.18412059831905509e+02
1.18445946176020016e+02
1.19183997813100490e+02
1.19536670140492504e+02
1.19609630292031483e+02
1.19875285785837661e+02
1.19975533064597869e+02
1.20224611373623333e+02
1.20259551391756531e+02
1.20770374911113748e+02
1.23431617306824165e+02
1.23628423199613536e+02
1.24177302926123048e+02
1.24520044728179244e+02
1.24650999047084042e+02
1.25094947874763278e+02
1.25319404999553910e+02
1.25553782210041248e+02
1.25699207097743908e+02
1.26218215137026618e+02
1.26463190127155912e+02
1.28210201387790562e+02
1.28614915360831532e+02
1.30811572841725706e+02
1.31020655147969819e+02
1.31319749523423894e+02
1.31678799860936749e+02
1.31885938285069926e+02
1.32218999955985367e+02
1.32512214599420162e+02
1.33497330986556221e+02
1.34725052251632519e+02
1.34752406879924763e+02
1.35760733672760495e+02
1.36189218358784046e+02
1.36866764666454003e+02
1.37529962384979342e+02
1.39209542599933314e+02
1.40527827889001543e+02
1.40793333077499796e+02
1.41142867790037144e+02
1.41325190121335595e+02
1.42123466977967723e+02
1.42303546029037989e+02
1.42480980192236046e+02
1.42856319840047178e+02
1.43707739104934575e+02
1.44268613061219526e+02
1.44577229783734111e+02
1.45022052916039684e+02
1.45589505149594288e+02
1.46121285907854173e+02
1.46489781059093360e+02
1.47278810410235877e+02
1.48363569559865965e+02
1.48496884695352321e+02
1.49166256173043678e+02
1.49239713440352688e+02
1.51473913886378114e+02
1.51987087983814149e+02
1.52121582852813390e+02
1.52486155437357553e+02
1.53020132256464279e+02
1.53581599626282099e+02
1.53748986330574581e+02
1.54288370225044190e+02
1.54529085639834875e+02
1.55283572618069343e+02
1.56043354954513688e+02
1.56408277771542998e+02
1.57159284973136266e+02
1.57820663764000585e+02
1.57879656392709308e+02
1.58256866989667742e+02
1.58467989566368544e+02
1.59157254725794758e+02
1.59362327748262885e+02
1.60136407502007160e+02
1.60582437820002497e+02
1.63232967218184456e+02
1.63495484080544145e+02
1.64169930190818718e+02
1.64505217358435345e+02
1.64551369887166288e+02
1.65404758118144343e+02
1.67269478973450930e+02
1.67676209424070521e+02
1.68075050391941602e+02
1.69177732369860848e+02
1.69269322695163567e+02
1.69379462468775444e+02
1.69978350701879663e+02
1.70065516446314859e+02
1.70184888817461797e+02
1.72350728408143709e+02
1.73272257358061438e+02
1.73488043060384143e+02
1.73835966464865407e+02
1.74265541092918681e+02
1.75060939401467635e+02
1.75920628561679621e+02
1.76263116384691330e+02
1.76903727492542657e+02
1.77752851300373152e+02
1.77999707219797074e+02
1.78093242892039541e+02
1.78764672822605178e+02
1.78896644153927070e+02
1.79047394625641118e+02
1.79343483565542556e+02
1.80956869298210279e+02
1.81335539817654080e+02
1.81718056104320226e+02
1.82945996851870973e+02
1.84094264040549888e+02
1.84277250106529323e+02
1.84461427536641338e+02
1.86844560118990785e+02
1.87375421640423838e+02
1.87542818465201378e+02
1.87952336886016724e+02
1.88328554473867086e+02
1.89259456670678958e+02
1.89346232980158334e+02
1.89864055973962650e+02
1.89967919311640344e+02
1.90608423220337670e+02
1.91462018526958673e+02
1.92008170865936222e+02
1.92564243950764478e+02
1.92977774041103487e+02
1.93124213283570896e+02
1.93458993105953027e+02
1.93592836456106113e+02
1.94337394179460148e+02
1.94424315497967086e+02
1.95432629440073185e+02
1.95706562545873510e+02
1.96115708481957768e+02
1.97633029608888876e+02
1.98289056982984675e+02
1.99279421306432823e+02
1.99993626557004859e+02
2.00682178938885102e+02
2.02170356042414483e+02
2.02681119031445974e+02
2.03171908330722260e+02
2.03274386946722188e+02
2.04217942076134250e+02
2.05092210579068251e+02
2.05136884369450286e+02
2.05841715908692834e+02
2.06354833551629213e+02
2.07216744218536519e+02
2.07660721934913397e+02
2.08280264866878326e+02
2.08430122140115998e+02
2.09388997959820131e+02
2.11412745447405143e+02
2.12387395490424808e+02
2.12508889927906012e+02
2.13125524374572649e+02
2.13481081707239866e+02
2.15336866351683000e+02
2.17025391777728714e+02
2.17506776491094172e+02
2.18181609115455728e+02
2.18763658730551697e+02
2.18887524078905301e+02
2.19417382972491623e+02
2.19584436830749041e+02
2.20209809231163490e+02
2.20981274098312440e+02
2.21338997544008635e+02
2.22212752357902673e+02
2.22822604648448589e+02
2.23737136061179626e+02
2.23786129728426317e+02
2.24464111579750636e+02
2.25677730328678138e+02
2.26004653947093402e+02
2.26552143979968150e+02
2.26721143336298667e+02
2.28194067415263305e+02
2.29017403312511988e+02
2.29652582381732486e+02
2.29826107707072083e+02
2.29952684844757414e+02
2.30109648597472528e+02
2.31000866314456459e+02
2.31377853322845397e+02
2.31654238781611923e+02
2.32589438428523749e+02
2.33573509329572971e+02
2.35534821907987691e+02
2.36100910077523281e+02
2.36334682694635489e+02
2.36730522605799706e+02
2.37773439598967457e+02
2.39247267300655835e+02
2.39369710507190916e+02
2.40587804605803854e+02
2.41708942300792785e+02
2.41835851348814742e+02
2.42187086680802338e+02
2.43260935883950424e+02
2.43646999873510367e+02
2.44099906893984553e+02
2.45355846453330685e+02
2.46265345464883239e+02
2.46814066860704031e+02
2.46871245078961920e+02
2.47506292091210753e+02
2.48145318242899577e+02
2.50030545616673464e+02
2.50157268407649667e+02
2.52694992728843602e+02
2.53652097066491251e+02
2.54315437766346463e+02
2.54951045783018913e+02
2.55170501355247552e+02
2.55635214752758316e+02
2.56131914107794273e+02
2.56214351929540214e+02
2.56351576649696540e+02
2.57097986793475229e+02
2.57572058149687848e+02
2.57636157179238182e+02
2.58839878876508976e+02
2.61400188822330279e+02
2.63047708367329903e+02
2.63299717677880835e+02
2.63950110105154636e+02
2.65309335100863052e+02
2.66439089008794895e+02
2.67337169956665548e+02
2.67417457744321155e+02
2.67927525462008020e+02
2.69519565903861519e+02
2.70189203219947672e+02
2.70271841548168311e+02
2.71291093679922142e+02
2.72870358002317118e+02
2.73171111721745547e+02
2.74757485076281341e+02
2.74878302835551608e+02
2.75401857129096413e+02
2.77853463902922613e+02
2.78745081858869071e+02
2.79046397820792606e+02
2.80925999419809386e+02
2.81042287032630099e+02
2.81469159260509286e+02
2.82603994925106804e+02
2.82698609532186026e+02
2.83191171982843230e+02
2.84387388316957583e+02
2.84743223956321287e+02
2.86331610960213879e+02
2.86398131054409362e+02
2.87864596989615052e+02
2.89313486943842804e+02
2.89965082350182058e+02
2.90715233613149451e+02
2.91753688141849125e+02
2.92435621925697774e+02
2.92974290709475326e+02
2.94796720911791397e+02
2.95892888282492038e+02
2.96304315038756783e+02
2.96610371811558821e+02
2.96814282069337139e+02
2.98259940945216670e+02
2.99157152891158432e+02
2.99555673597437249e+02
2.99862351379980680e+02
3.00546691130358965e+02
3.01278996473758696e+02
3.02206170942649862e+02
3.03061035803106563e+02
3.04363572520438083e+02
3.04546787227191146e+02
3.04625197152507837e+02
3.05589486952572315e+02
3.06061101807716852e+02
3.06519584051754180e+02
3.07829031602019768e+02
3.08297620656288302e+02
3.09914168460879637e+02
3.10908538045841283e+02
3.11033722210200096e+02
3.13788542387496534e+02
3.13995940698418792e+02
3.14094656860309954e+02
3.14643795537856647e+02
3.15030306753529374e+02
3.16341687275086429e+02
3.17015535068609267e+02
3.18580162435930504e+02
3.19156423690188376e+02
3.19376135870340534e+02
3.21384303135016751e+02
3.22569701178981518e+02
3.24027867827002183e+02
3.24137050469516225e+02
3.24915566385702448e+02
3.25573899041119603e+02
3.26173368532381744e+02
3.27533827013795303e+02
3.28327578519167616e+02
3.28445494734022304e+02
3.30468764595381856e+02
3.30830987462758287e+02
3.34341406187322661e+02
3.34817388870074126e+02
3.34910574062554247e+02
3.35109945114972277e+02
3.35967297016388045e+02
3.36052804171515675e+02
3.36651389147887073e+02
3.37006025295442726e+02
3.37380829330873496e+02
3.37527903172866729e+02
3.38748386706686176e+02
3.42542565047865708e+02
3.42795400300523795e+02
3.43583736744584485e+02
3.44384072473869480e+02
3.44467540892011925e+02
3.44607111876028853e+02
3.45125601348716032e+02
3.45325122548960394e+02
3.46213712694467517e+02
3.48519950708213912e+02
3.50671506252010943e+02
3.50981944962213049e+02
3.51835472330582434e+02
3.52994998895204901e+02
3.54128452245516542e+02
3.54385631733468642e+02
3.54831483325309307e+02
3.55938666759871012e+02
3.56494460905982066e+02
3.57532303822458175e+02
3.57900223673559822e+02
3.58294100884172622e+02
3.61775526447382049e+02
3.64572554170755041e+02
3.65005129258499665e+02
3.65785336058463827e+02
3.66014616866698702e+02
3.66556849225363749e+02
3.67532598064905869e+02
3.67706555362434074e+02
3.68184638371683036e+02
3.69119337054879509e+02
3.69289286299931689e+02
3.71864441351978996e+02
3.72427255671621765e+02
3.73113670740310454e+02
3.73401232494442581e+02
3.73918779106343095e+02
3.74878398441495960e+02
3.75205947393924191e+02
3.76217074945942727e+02
3.76539449639587133e+02
3.76922690291257709e+02
3.77049288617427862e+02
3.79532079666182085e+02
3.82337347864829326e+02
3.83141425580014698e+02
3.83735019632193314e+02
3.85065905609729327e+02
3.85294437229744631e+02
3.86573251634902249e+02
3.87773696557908863e+02
3.89200058626642772e+02
3.90235290056589122e+02
3.91647215584334788e+02
3.94218931174141005e+02
3.94671777998235427e+02
3.95455082925405577e+02
3.96577830485719289e+02
3.96724610462631233e+02
3.97999668029985855e+02
4.00274876472730057e+02
4.01551877040329202e+02
4.01824854793540965e+02
4.03437802567935137e+02
4.04259635908841915e+02
4.06048662062192705e+02
4.08579515070117793e+02
4.08848426093457704e+02
4.09884287623984392e+02
4.10313296246126981e+02
4.10525056699375853e+02
4.11210204587933902e+02
4.11554250637013752e+02
4.11702614202803375e+02
4.12721592786614792e+02
4.13011448138537844e+02
4.14254611702595071e+02
4.14844332792006526e+02
4.15025146086398081e+02
4.15176463600808006e+02
4.16740942820877081e+02
4.17805393039945784e+02
4.18623292242672051e+02
4.19987743738728000e+02
4.20122191008808727e+02
4.20481355886046003e+02
4.20603061972531577e+02
4.21758512313609117e+02
4.22430611351302559e+02
4.23483499437975979e+02
4.23915876276884774e+02
4.24724476763689268e+02
4.28286060565819525e+02
4.29244296232933607e+02
4.30517309834382672e+02
4.30922637858565281e+02
4.31251024758309882e+02
4.31370205289191631e+02
4.32312512567135400e+02
4.32566198351235130e+02
4.32747777129349856e+02
4.32906994189071042e+02
4.34334142620129342e+02
4.37163895128164427e+02
4.38577996192674846e+02
4.39083706057995755e+02
4.39954215219128059e+02
4.40131522172493192e+02
4.40276985073162905e+02
4.40547876446377472e+02
4.41322282685258187e+02
4.41516638223152427e+02
4.41751492017368719e+02
4.42027699228737333e+02
4.42216142102504023e+02
4.45132714656081362e+02
4.45353673505506322e+02
4.45602130833752653e+02
4.46048142199686708e+02
4.46437116760109689e+02
4.46644698215693893e+02
4.46912582699091786e+02
4.47108434600258533e+02
4.47327084166247573e+02
