0.00000000000000000e+00
3.58154324006889624e-01
3.60069111899164795e-01
3.70204625184385350e-01
5.27285018702352204e+00
7.85854694017606903e+00
1.00080336757334720e+01
1.11664309257050292e+01
1.33578684600168600e+01
1.43293023570189746e+01
1.52300438413862764e+01
1.66955250101485575e+01
1.73749456550235521e+01
1.81780394792514954e+01
2.00647428091296831e+01
2.09102643827370969e+01
2.09378998748663037e+01
2.20820568616031352e+01
2.26836932445817894e+01
2.53263121144329801e+01
2.54916787991582936e+01
2.56714100521500654e+01
2.57913742915617661e+01
2.74912706417725587e+01
2.78758769957186274e+01
2.85015131269889253e+01
2.92351565668602404e+01
3.04230246175820298e+01
3.06759466493381012e+01
3.13703062149803600e+01
3.20382063428421304e+01
3.36059784271895126e+01
3.37332979492986453e+01
3.37763057124792567e+01
3.45549691041914002e+01
3.56838572660587090e+01
3.58223026868656120e+01
3.58474518036890402e+01
3.58604474352400757e+01
3.58731334867406133e+01
3.59164553012754482e+01
3.59329415932744212e+01
3.59893663448190182e+01
3.60512428521406605e+01
3.60699703465239168e+01
3.60890951897320349e+01
3.61753834206752458e+01
3.62078096522248245e+01
3.65118151739251005e+01
3.73862433985313487e+01
3.76776030761577374e+01
3.91411993238160676e+01
3.92434306884181581e+01
3.96051349522107614e+01
4.03994943964393940e+01
4.04228769165331130e+01
4.04998569456310520e+01
4.18418652484355391e+01
4.26075886040167973e+01
4.30147754849040496e+01
4.33202383760535668e+01
4.47451951142899986e+01
4.53563049266317364e+01
4.61429603980163847e+01
4.69459110236232675e+01
4.70909071321931378e+01
4.76174446647244736e+01
4.77532608205315796e+01
4.79335729877147685e+01
4.79998867277249701e+01
4.82208299317999263e+01
4.84698286125907032e+01
4.97405040720786644e+01
4.98792265639625896e+01
5.01950498219344752e+01
5.09576293436070671e+01
5.20897341648553436e+01
5.26073020888362350e+01
5.33689114368092987e+01
5.42462028912142671e+01
5.43470008709620060e+01
5.46938654123973720e+01
5.50774996702541273e+01
5.54120341957237486e+01
5.57648020083228459e+01
5.58386253637988830e+01
5.61263201635076996e+01
5.70834176852950748e+01
5.75915126785606901e+01
5.78770120175775844e+01
5.80582590026470200e+01
5.87529989731199862e+01
5.94622611982124170e+01
6.04529971147177605e+01
6.12969207932984546e+01
6.15045385081594134e+01
6.20107782156701717e+01
6.22857399475942088e+01
6.25713683138629051e+01
6.37450262859960333e+01
6.43526685203971454e+01
6.45025060230300937e+01
6.46498205817094913e+01
6.49501011999054185e+01
6.49874972093323606e+01
6.54129921878834182e+01
6.60735040721837095e+01
6.61746064023108431e+01
6.66056692995227024e+01
6.74904189705121951e+01
6.79520085626832042e+01
6.94141706706791695e+01
6.99566668855868272e+01
7.00120285909624158e+01
7.07196385704930606e+01
7.08383392686127991e+01
7.09250602428872980e+01
7.15572562475944380e+01
7.16821122593193252e+01
7.20837275076352739e+01
7.24264905825639289e+01
7.31025744123952563e+01
7.34935345636349950e+01
7.35819339289653556e+01
7.40122991352101849e+01
7.41734264117810369e+01
7.41922695853488676e+01
7.45031317861654259e+01
7.48634289640058341e+01
7.55027654547420184e+01
7.58421466992659248e+01
7.60803592663906727e+01
7.62002474650681734e+01
7.79616509184250219e+01
7.80791227307410054e+01
7.84253167467148558e+01
7.84569787667499838e+01
7.87105934129868672e+01
7.94079708876107588e+01
7.95405145265378906e+01
7.96351637420598593e+01
7.97120792225995274e+01
8.00896664100881424e+01
8.02807637953174265e+01
8.06447536845385287e+01
8.16128637608454142e+01
8.19761545682390533e+01
8.24177070036541011e+01
8.26035697212283253e+01
8.32180263192672669e+01
8.45238384071863038e+01
8.46265938436338558e+01
8.51123074952672596e+01
8.52295792118071063e+01
8.57071978048712992e+01
8.59080024122416148e+01
8.60560158267432200e+01
8.67666937797705202e+01
8.71056370381052716e+01
8.75769032645428638e+01
8.78512935784889351e+01
8.81418020856551720e+01
8.86116473390493127e+01
8.87103164568850104e+01
8.90669900949143312e+01
9.03880841254974996e+01
9.06339640424839388e+01
9.12180609203337553e+01
9.12921015267712619e+01
9.17310474911525660e+01
9.19457348351239148e+01
9.19845392464370946e+01
9.21282507830568420e+01
9.34063666100329613e+01
9.49874431080988586e+01
9.52495629232742260e+01
9.54925754265853470e+01
9.56804516347369827e+01
9.57503874352837556e+01
9.59361949052808427e+01
9.61450220007212977e+01
9.67135512426979744e+01
9.70305275042040307e+01
9.76187523278086360e+01
9.76977472159611864e+01
9.82042937308682156e+01
9.91460736295319691e+01
9.97481672725867554e+01
1.00486489524430510e+02
1.00700093837309851e+02
1.00739235056701659e+02
1.00888231776097172e+02
1.01810344777304323e+02
1.02001580567316779e+02
1.02089007006045961e+02
1.02601613613748896e+02
1.03062312354415752e+02
1.03593434081264917e+02
1.04470036797268364e+02
1.04959647881535801e+02
1.05026578512435805e+02
1.06687578510137541e+02
1.06823802517825015e+02
1.07158284400394621e+02
1.07445232409709917e+02
1.07469252642138144e+02
1.07801741482195183e+02
1.07834054996212473e+02
1.08157602341948319e+02
1.08334739636618565e+02
1.08878376208361288e+02
1.10039442758333195e+02
1.10269395028925857e+02
1.10495888606793187e+02
1.12086824748894941e+02
1.12157899755772320e+02
1.12345151233654860e+02
1.12679142736840504e+02
1.12814122721003230e+02
1.12948846235803529e+02
1.13533134868820554e+02
1.14238373570949960e+02
1.14355080002476456e+02
1.14426519711103310e+02
1.14459523149100164e+02
1.15204412706636845e+02
1.15661205506612021e+02
1.16707568286225609e+02
1.17476650605804167e+02
1.18114344836688616e+02
1.18262335084889060e+02
1.18603523958711634e+02
1.18920925447661546e+02
1.18955625276790215e+02
1.19907288329677357e+02
1.19999924929097688e+02
1.20536533143155140e+02
1.20932386017897500e+02
1.21036004950860701e+02
1.21070018327424890e+02
1.22886493226558940e+02
1.23653682922678456e+02
1.24142423134792296e+02
1.24413912608591090e+02
1.25135232093571432e+02
1.25331012541193843e+02
1.25659589425150102e+02
1.26301507018999587e+02
1.26597228385619360e+02
1.26808423897426536e+02
1.27961334050794648e+02
1.28055761741942689e+02
1.29699705812126666e+02
1.30209877280393783e+02
1.30428268246950751e+02
1.30961048887456059e+02
1.31513183017214430e+02
1.32095905331701459e+02
1.32153800035825441e+02
1.32432830952236600e+02
1.32775910053587751e+02
1.33086740841322808e+02
1.33893713389575709e+02
1.34189645679814873e+02
1.34400005929388243e+02
1.34503810560306050e+02
1.35518609800413998e+02
1.35981298716869105e+02
1.37564755808898099e+02
1.37778033560467435e+02
1.37902643148006121e+02
1.38531416860103832e+02
1.39751596301430141e+02
1.39951208720117791e+02
1.41754334772019661e+02
1.42211563954864772e+02
1.42265323130492988e+02
1.42825063183943854e+02
1.43643664822561618e+02
1.43708167243785738e+02
1.43776805613132240e+02
1.44064378908557671e+02
1.44484747250364762e+02
1.44792142881209855e+02
1.44973439830513684e+02
1.45035601547412710e+02
1.46119083161081903e+02
1.46437803105285013e+02
1.46735898018401912e+02
1.46872259600202625e+02
1.47464790082316398e+02
1.47610292412654701e+02
1.47924694326371309e+02
1.48937193063913867e+02
1.50346703586117911e+02
1.51053562618397279e+02
1.52337630879068286e+02
1.52641554887774532e+02
1.52979591447652240e+02
1.53351177930079615e+02
1.53485073484669670e+02
1.53704008837052214e+02
1.53862883423282739e+02
1.54786065858738567e+02
1.55545772035848984e+02
1.55776136231252110e+02
1.56515676147015711e+02
1.57663296689339745e+02
1.57759392186983064e+02
1.58121126176171060e+02
1.58241877044423973e+02
1.58420656649261048e+02
1.60441510970025263e+02
1.60501438582058654e+02
1.60963464534123887e+02
1.61041623126968148e+02
1.61469346154921254e+02
1.62353770985646463e+02
1.63569549710218382e+02
1.64901190065617527e+02
1.65850622261762965e+02
1.66041540186097052e+02
1.66377191478201610e+02
1.66434307150201562e+02
1.66669685448568373e+02
1.67447447824974120e+02
1.67709273420150907e+02
1.68524148824860561e+02
1.69266094904148417e+02
1.69432887024355239e+02
1.70880430787913383e+02
1.72811863939764919e+02
1.72926526100067974e+02
1.73177824276325509e+02
1.73938500642008307e+02
1.74026841387780905e+02
1.75075211639138331e+02
1.75234426669574702e+02
1.76375419324764152e+02
1.77185791372961376e+02
1.77615139091355047e+02
1.78567893590848712e+02
1.78769463201023598e+02
1.79154282757354338e+02
1.79538894255472940e+02
1.80658070253697133e+02
1.80759517632024370e+02
1.80956923840636819e+02
1.81896493485607152e+02
1.82621296944699736e+02
1.83196246109863978e+02
1.83321767204869843e+02
1.84151241974805600e+02
1.84460053386359903e+02
1.85341955874032976e+02
1.86302766193359730e+02
1.86644512024989410e+02
1.87597949263387363e+02
1.88156857018719734e+02
1.88666035701344526e+02
1.89368612607825128e+02
1.90078578515504603e+02
1.90671879319022139e+02
1.91846645802959813e+02
1.92667762761581173e+02
1.93237836201415178e+02
1.93411324080548411e+02
1.93729553618525301e+02
1.93840075836298354e+02
1.93946723092169293e+02
1.94317147398344048e+02
1.94472319249075497e+02
1.94585971916008248e+02
1.95487579519029566e+02
1.96943586387771973e+02
1.97653584978323920e+02
1.97963683315459036e+02
1.98767011050886026e+02
2.01340259174234063e+02
2.02733230092844337e+02
2.02833679410517504e+02
2.02979519930064441e+02
2.03448551685484460e+02
2.04087392730173065e+02
2.04336811141266196e+02
2.05443111528056136e+02
2.06199044545224069e+02
2.07142794803118932e+02
2.09036888543229622e+02
2.09257049500204573e+02
2.10607888194690531e+02
2.10815751799114651e+02
2.11107957141690122e+02
2.11947914606062000e+02
2.12724264836236955e+02
2.14661837808530777e+02
2.15754190096035927e+02
2.16358877000726977e+02
2.17898282459765767e+02
2.18309664819107070e+02
2.18742213821095447e+02
2.19059580450022793e+02
2.19106946963489122e+02
2.19637597150109059e+02
2.20125596668249955e+02
2.21145647584535254e+02
2.21718492852773750e+02
2.21778274547560784e+02
2.22154709253316298e+02
2.24218870633957067e+02
2.25024765644203796e+02
2.26469477129204336e+02
2.27415773748676600e+02
2.27684959726994350e+02
2.28634192665662738e+02
2.29257948787662713e+02
2.29387848048487569e+02
2.29655346479288994e+02
2.30652146070430717e+02
2.31122335971256632e+02
2.32401449469731460e+02
2.32724781786061271e+02
2.33821785364531536e+02
2.33920207736879433e+02
2.35542010113256083e+02
2.36427546381859372e+02
2.36923751904064034e+02
2.37128038261971540e+02
2.39169537768620387e+02
2.39335017425153239e+02
2.40090519331181213e+02
2.40818216019504632e+02
2.41989551263881708e+02
2.42571603986123080e+02
2.43194451925424175e+02
2.44122906048621701e+02
2.44635544010563422e+02
2.44759016124156688e+02
2.46196810717136316e+02
2.46942981514913811e+02
2.47106478383167996e+02
2.47685869067451904e+02
2.47959198123923045e+02
2.51150695898774018e+02
2.52086294614610381e+02
2.52749999073541517e+02
2.53213339408514742e+02
2.54753743181257391e+02
2.54857579731441547e+02
2.55432073106897690e+02
2.55974809470653952e+02
2.56207809333963553e+02
2.56660395609392481e+02
2.56996842121081215e+02
2.57310887461435414e+02
2.57648130413620152e+02
2.59465016079601185e+02
2.60148962503241535e+02
2.62049093432420818e+02
2.62195264191834042e+02
2.62888262188193153e+02
2.63424858820924385e+02
2.63806996664534097e+02
2.64409010574488434e+02
2.65393334655897775e+02
2.67043891534523709e+02
2.67138324675954777e+02
2.68151342408606467e+02
2.68612879607792593e+02
2.68910794887466125e+02
2.69540550442554263e+02
2.69873994696499096e+02
2.71521572822025291e+02
2.71650912854942646e+02
2.71851428524694882e+02
2.72304233194038375e+02
2.75106869570359834e+02
2.75179154257909602e+02
2.75330770583804451e+02
2.77561845653763100e+02
2.78956479622390646e+02
2.80005104808781937e+02
2.80312320833098397e+02
2.80932047109477253e+02
2.82065760163956270e+02
2.83317787177050548e+02
2.83383206965339696e+02
2.83563503008230157e+02
2.85118673180360304e+02
2.86422699106848881e+02
2.86702046175288046e+02
2.87982585996582486e+02
2.88256456047845802e+02
2.88552703556049721e+02
2.88779806557842960e+02
2.89144769652546529e+02
2.90511235067761902e+02
2.90983128709649691e+02
2.91258801223154251e+02
2.91547279283639966e+02
2.92965557812594682e+02
2.93732696966567175e+02
2.93863703876043189e+02
2.94708146599806696e+02
2.97414326729102243e+02
2.98536484586857341e+02
2.98971058754256262e+02
2.99361115069013181e+02
2.99592599835061776e+02
3.00305067868643789e+02
3.00981244962602489e+02
3.01547494718949338e+02
3.03900796532780873e+02
3.04093730499926949e+02
3.04593597185772524e+02
3.06044369307436568e+02
3.06969223953167727e+02
3.08592947000963875e+02
3.08780422525949632e+02
3.08930026375230057e+02
3.09281617598904120e+02
3.10481400372456108e+02
3.12480015263458597e+02
3.12892055201106928e+02
3.14159742876215432e+02
3.15206560790865467e+02
3.16636046506302421e+02
3.17618381306923254e+02
3.17807518452311513e+02
3.19093563753046055e+02
3.19331661347808051e+02
3.19715858835948836e+02
3.20560588769580875e+02
3.21598904638143779e+02
3.22484014039406134e+02
3.24059205137268293e+02
3.24375374471143004e+02
3.25048397818709873e+02
3.26065559263812247e+02
3.27609670643897005e+02
3.29758006893825211e+02
3.30120744867227529e+02
3.30670142932844044e+02
3.31401328029334707e+02
3.32829863782258997e+02
3.34143022901654831e+02
3.34732862003856724e+02
3.35293123925573866e+02
3.35922190146302285e+02
3.36553040404401486e+02
3.37319749394016753e+02
3.37801049901166209e+02
3.38131338781996305e+02
3.41611185146488651e+02
3.41740712665850538e+02
3.43578377298861426e+02
3.43661169949406371e+02
3.44863815007778953e+02
3.45740168400753419e+02
3.45941673663165943e+02
3.46084787989430765e+02
3.46962509051243444e+02
3.47437253701341660e+02
3.48676629779804216e+02
3.49090226322587910e+02
3.52260860801880881e+02
3.53299117758393095e+02
3.53952213555465619e+02
3.55318959749698649e+02
3.55443023489411246e+02
3.55681470159202945e+02
3.55903577573879147e+02
3.56529668290153893e+02
3.58580189736199429e+02
3.61426408236584507e+02
3.62100445940943018e+02
3.64923823941564194e+02
3.65562899848382756e+02
3.65787509405923117e+02
3.66324634769642671e+02
3.66591862309079829e+02
3.66831735354916134e+02
3.67827889045577592e+02
3.68819065265265010e+02
3.69160670351713804e+02
3.71843506469503325e+02
3.72515907876605752e+02
3.73068416015854780e+02
3.73202582737641933e+02
3.74440311930368296e+02
3.74756787794863158e+02
3.75035086283039959e+02
3.75169601380832546e+02
3.75928550110487265e+02
3.76165723263975224e+02
3.76640977323932589e+02
3.78150328783837097e+02
3.78929838262643784e+02
3.79801432738473125e+02
3.83709157879905263e+02
3.83845731341123724e+02
3.83975003230522304e+02
3.84217424657852462e+02
3.85289331477122289e+02
3.86955072120782745e+02
3.87163834293149193e+02
3.88888841848334778e+02
3.89348745574268321e+02
3.90488242182825957e+02
3.92916605499308844e+02
3.93192790374051469e+02
3.94696739091067059e+02
3.94857399699229973e+02
3.96973610140031496e+02
3.97458127873927765e+02
3.98195405481057492e+02
3.99242290735139306e+02
3.99892253548900726e+02
4.00024711011605859e+02
4.00722865792426717e+02
4.02188253179719879e+02
4.04767152469841562e+02
4.06091634650596632e+02
4.07826734104490129e+02
4.08390093160123001e+02
4.08611127969311895e+02
4.08977121292798131e+02
4.10915109730456777e+02
4.11805497486824720e+02
4.12076664887279435e+02
4.12423798473341435e+02
4.12955416015482228e+02
4.13241274514403585e+02
4.13511334465566051e+02
4.14226864801017200e+02
4.14629410856065419e+02
4.16032360789101062e+02
4.17881467162137824e+02
4.18583511044123952e+02
4.18761930731550592e+02
4.19196233637696082e+02
4.19366452484142656e+02
4.20405828643427071e+02
4.21210936505650011e+02
4.22023538163710327e+02
4.22354705710421513e+02
4.23605789698792364e+02
4.25760620000119275e+02
4.27839481700958800e+02
4.28390069614581080e+02
4.29434081034574433e+02
4.29619299726750455e+02
4.30257590747449740e+02
4.30772112519525649e+02
4.31262114670123992e+02
4.31737270204587958e+02
4.31888322330046890e+02
4.32139559387933105e+02
4.33460962276212967e+02
4.34324769049368456e+02
4.37790528754513844e+02
4.38403829817696305e+02
4.39067975378309370e+02
4.39794000250554859e+02
4.40073836070975631e+02
4.40332294231765445e+02
4.40534223306845092e+02
4.40713611668362546e+02
4.41516658476676639e+02
4.42540366416127767e+02
4.45547537591609739e+02
4.45787667818088380e+02
4.46078791338942892e+02
4.46458342265970259e+02
4.46673614052521089e+02
4.46834814325642469e+02
4.46992788882646778e+02
4.47230821044658114e+02
4.47430643969803555e+02
