2.62348059480217444e-02
3.58005600966976090e-01
3.58614415656717256e-01
3.59379553585256417e-01
3.60054463123958612e-01
3.60888170945571574e-01
5.27285018702410468e+00
7.85854694017544375e+00
1.00080336757289245e+01
1.11664309257062513e+01
1.33578684600210522e+01
1.43293023570123665e+01
1.52300438413968919e+01
1.66955250101307939e+01
1.73749456550159067e+01
1.81780394792686195e+01
2.00647428091173623e+01
2.09102643827594363e+01
2.09378998748930769e+01
2.20820568614987565e+01
2.26836932445449833e+01
2.53263121144461394e+01
2.54916787992492004e+01
2.56714100521348314e+01
2.57913742915430788e+01
2.74912706413802965e+01
2.78758769956076264e+01
2.85015131271244115e+01
2.92351565669889055e+01
3.04230246175565355e+01
3.06759466492545982e+01
3.13703062149442076e+01
3.20382063430352275e+01
3.36059784280962219e+01
3.37332979521316076e+01
3.37763057078896907e+01
3.45549691009028948e+01
3.58040758884442596e+01
3.58604473878127408e+01
3.58914088246490621e+01
3.59543421725342682e+01
3.59670558720870304e+01
3.59846038131487092e+01
3.60206955124399713e+01
3.60484308374766158e+01
3.60714772733664120e+01
3.61339043841722685e+01
3.61753834779706835e+01
3.65118152020725404e+01
3.73862433951943274e+01
3.76776030794349026e+01
3.91411993047287297e+01
3.92434306708681504e+01
3.96051349478883310e+01
4.03994943847499144e+01
4.04228769132412253e+01
4.04998569424063248e+01
4.18418652609072410e+01
4.26075886151320731e+01
4.30147755261542670e+01
4.33202383772429300e+01
4.47451950825016240e+01
4.53563049001643037e+01
4.61429603324097286e+01
4.69459111010039862e+01
4.70909071822933640e+01
4.76174447616548093e+01
4.77532608283709976e+01
4.79335730948648120e+01
4.79998867928458992e+01
4.82208299782366225e+01
4.84698287382074682e+01
4.97405041086123276e+01
4.98792265154479253e+01
5.01950497324180844e+01
5.09576291676611959e+01
5.20897341566332841e+01
5.26073020713889434e+01
5.33689114614879259e+01
5.42462037927411131e+01
5.43470013557214600e+01
5.46938665716384094e+01
5.50774996699919654e+01
5.54120342697371200e+01
5.57648022409042028e+01
5.58386253237765686e+01
5.61263194354942243e+01
5.70834171851391829e+01
5.75915129972726731e+01
5.78770118291400308e+01
5.80582583095600739e+01
5.87529953505812443e+01
5.94622607235692158e+01
6.04529967752669677e+01
6.12969187823112804e+01
6.15045504895660713e+01
6.20107786364771130e+01
6.22857385812424127e+01
6.25713674834429412e+01
6.37450186446630198e+01
6.43526629413476314e+01
6.45025016905366044e+01
6.46498175984709746e+01
6.49500966423858017e+01
6.49874973572186150e+01
6.54129932067424988e+01
6.60734993594950311e+01
6.61746060422695734e+01
6.66056731168490614e+01
6.74904410588085284e+01
6.79520134920918792e+01
6.94141573315667415e+01
6.99566668820936002e+01
7.00120354125820086e+01
7.07196505554810244e+01
7.08383333337282863e+01
7.09249961416446695e+01
7.15573038464572733e+01
7.16822054477762833e+01
7.20837704878542809e+01
7.24264573021439446e+01
7.34934774033621352e+01
7.35819540767312787e+01
7.40123602664336318e+01
7.41735300879007866e+01
7.41922842643365925e+01
7.45031415726136288e+01
7.48634534644165228e+01
7.55017764218977163e+01
7.58364265664837376e+01
7.60748642085385711e+01
7.61897786128286327e+01
7.79608229966245005e+01
7.80075782912643945e+01
7.83759910476673838e+01
7.86042145778157249e+01
7.93704109780717317e+01
7.93896914966962015e+01
7.95608720031725625e+01
7.95827645016976533e+01
7.99150473266319636e+01
8.00214418547009529e+01
8.04094852808895268e+01
8.09364837483348083e+01
8.12999371512985931e+01
8.23425102686946957e+01
8.24200352582477365e+01
8.25829669172077274e+01
8.31986105514499457e+01
8.34894176998018054e+01
8.45969535981501224e+01
8.48171444458433825e+01
8.50263068527747237e+01
8.52361359728445223e+01
8.55759035172907545e+01
8.59053057537474558e+01
8.64134644222666566e+01
8.64429525664259586e+01
8.69391057923781148e+01
8.75990942683868070e+01
8.78562121507202676e+01
8.82316208669580249e+01
8.83132066509296294e+01
8.86292799159831759e+01
8.88375715103244943e+01
8.91233869041512321e+01
9.02863659416690041e+01
9.08782279914756543e+01
9.13202801311044823e+01
9.18719241125489816e+01
9.19708493723259153e+01
9.21517564654948274e+01
9.36850212785172971e+01
9.39267086227904144e+01
9.39551129036678390e+01
9.43827547663036341e+01
9.52582611151487129e+01
9.54663944038581747e+01
9.59215583440540343e+01
9.60510561053520178e+01
9.61023547522056845e+01
9.63979425816081346e+01
9.67127936914210409e+01
9.71182150254328747e+01
9.71807019067691158e+01
9.85183357935688093e+01
9.96040944351193787e+01
9.96894293307958890e+01
9.98132508499122650e+01
1.00147594421264046e+02
1.00945664222163259e+02
1.01334187043536474e+02
1.01591834459891714e+02
1.01748826147519452e+02
1.02745459735523639e+02
1.03057767427782323e+02
1.03350670680593083e+02
1.03847421714041872e+02
1.04178739724399975e+02
1.04264525209862427e+02
1.04949208269275687e+02
1.05789403724934346e+02
1.06040308430706574e+02
1.06579415037130190e+02
1.06908965853489178e+02
1.06983428965477884e+02
1.07055448412003898e+02
1.07337351744903970e+02
1.07912644541026140e+02
1.08272124434025756e+02
1.08547335694298226e+02
1.09460801271771544e+02
1.09677356383050181e+02
1.09716433198267623e+02
1.10235987612747664e+02
1.11623873522199773e+02
1.12180957476099024e+02
1.12207178968679244e+02
1.12324138824905219e+02
1.12876098711217423e+02
1.12936567022463549e+02
1.13649548051289798e+02
1.14123069043362364e+02
1.14194827344625907e+02
1.14453639105075922e+02
1.14944251764729955e+02
1.15470334276938701e+02
1.15594092111172955e+02
1.16095633718195785e+02
1.16900896596994386e+02
1.16981617374808934e+02
1.18012399776727847e+02
1.18451931415740944e+02
1.19068087899635600e+02
1.19236840428816066e+02
1.19379068632997445e+02
1.19688796555175145e+02
1.19793249932835238e+02
1.20460619967441403e+02
1.21046744128698151e+02
1.21387298532495919e+02
1.21600021933975995e+02
1.23217845067263710e+02
1.24091970350564168e+02
1.24152390593760060e+02
1.24560425739551192e+02
1.25982679452028037e+02
1.26413708178670248e+02
1.26564453786655690e+02
1.26641665822828372e+02
1.28789848112804975e+02
1.29019891344349872e+02
1.29129933953763327e+02
1.29814930256533444e+02
1.30532397606269825e+02
1.30566783764161130e+02
1.31338882382761199e+02
1.31429502954202150e+02
1.31475632906437369e+02
1.31955562182261815e+02
1.32588662010981949e+02
1.32807686230094902e+02
1.33478787074795434e+02
1.34161634153625869e+02
1.34544775117659157e+02
1.36223052068008570e+02
1.36963394393009878e+02
1.38147030710746009e+02
1.38920173255976039e+02
1.39387925505877234e+02
1.39495524628300160e+02
1.40143507985695976e+02
1.40458472121175419e+02
1.41099943907527233e+02
1.42173885114168399e+02
1.42925298925009088e+02
1.43190011040454323e+02
1.44213465751106810e+02
1.44504564525368693e+02
1.44792852997449046e+02
1.45231781103890711e+02
1.45305905352200085e+02
1.45732693092932692e+02
1.46016709459286801e+02
1.46224907304718528e+02
1.46468547310594545e+02
1.47118216330719576e+02
1.47154030405559752e+02
1.48250933355586625e+02
1.48798557776133492e+02
1.49335694113315952e+02
1.50808389010491425e+02
1.50887580149926151e+02
1.51561894161538930e+02
1.52889267439424287e+02
1.52981508006870769e+02
1.53331886962666289e+02
1.53538556522053824e+02
1.53989589209007477e+02
1.54533874505695366e+02
1.54656830704673695e+02
1.55239685918830531e+02
1.55599353675727343e+02
1.56634495474301616e+02
1.57346965797939390e+02
1.57412418781233612e+02
1.57915284449444300e+02
1.58249641620367015e+02
1.59101321631411452e+02
1.59591028864243128e+02
1.60059293500504111e+02
1.60584704596965764e+02
1.61188628007958584e+02
1.61861187547279883e+02
1.62405439367629697e+02
1.63193242569332369e+02
1.65251312524835555e+02
1.65305924387185826e+02
1.65483164120334493e+02
1.66334236323370078e+02
1.66402575242204819e+02
1.66524125670735316e+02
1.66931753168717080e+02
1.67366221773256257e+02
1.67580138665571098e+02
1.67822312908898539e+02
1.69657358801256407e+02
1.70823910787290913e+02
1.70951634786803538e+02
1.71920113152494821e+02
1.72206713574289608e+02
1.73011661947360153e+02
1.73377248456373309e+02
1.73730104776576638e+02
1.74020694711666181e+02
1.74609919345626167e+02
1.76391668183292609e+02
1.76614761214886528e+02
1.77879680149241267e+02
1.78396035860567736e+02
1.79235014597283168e+02
1.79389320701372242e+02
1.80011063805260164e+02
1.80924226647959472e+02
1.80972919611258760e+02
1.82652949419166191e+02
1.83347433675460991e+02
1.83633925501794238e+02
1.84881436309084165e+02
1.86227117439125436e+02
1.86442790155501712e+02
1.87373201337264447e+02
1.87486480271428945e+02
1.88003684126047233e+02
1.88491634514457246e+02
1.89098009853249323e+02
1.89462474730478618e+02
1.89572060504319779e+02
1.91703314476123069e+02
1.92700362728336358e+02
1.92823837459683773e+02
1.92864884947322594e+02
1.93030751689289389e+02
1.93090795995371707e+02
1.95232833890724578e+02
1.95805008908391926e+02
1.96694511520976050e+02
1.96859731050836103e+02
1.97666610359228571e+02
1.98015392007181845e+02
1.98075708922590877e+02
1.99905658659566370e+02
2.00412961809398098e+02
2.01429833274911573e+02
2.01581733624589958e+02
2.02278077154750463e+02
2.02342695291399025e+02
2.03331323915448763e+02
2.04572014676043580e+02
2.04733694704267691e+02
2.04862537450015111e+02
2.06175007650158761e+02
2.06794249215459160e+02
2.06851854114863386e+02
2.07999284471221927e+02
2.08271071290409964e+02
2.08326871122005002e+02
2.10849554751986773e+02
2.11466832704149965e+02
2.12281099215073937e+02
2.12327610908530801e+02
2.14502598187102365e+02
2.14857788141526214e+02
2.15927011047204303e+02
2.16846881323889022e+02
2.17186383111502039e+02
2.17583906080004454e+02
2.18722082713069085e+02
2.19743870986289608e+02
2.19859017246024962e+02
2.19990818150609414e+02
2.20361940987652645e+02
2.21088800067890361e+02
2.22090857892522990e+02
2.22716654708177941e+02
2.24689858982791463e+02
2.25142433601838434e+02
2.25433113875331401e+02
2.25897452568628125e+02
2.26974039455490185e+02
2.27470998277882131e+02
2.27672456694934283e+02
2.28752666573011936e+02
2.29760341193291140e+02
2.29829309404920537e+02
2.30416440946397756e+02
2.30834318037168998e+02
2.31749283478344864e+02
2.32113007978676023e+02
2.34174266937038567e+02
2.36085833788933883e+02
2.36328319087596640e+02
2.36887059867503922e+02
2.37830372918631156e+02
2.38240966252866599e+02
2.38723109608815832e+02
2.39887058057211561e+02
2.40058117363050599e+02
2.41528378726601659e+02
2.42096897309909252e+02
2.42782974011584656e+02
2.43320675359995846e+02
2.43719940228913060e+02
2.45001499132280230e+02
2.45128591402195866e+02
2.46833139842875255e+02
2.47408974006771587e+02
2.47777051246761118e+02
2.48469461771683370e+02
2.49119706718085013e+02
2.50443567414951076e+02
2.51351240771208722e+02
2.51411493431751410e+02
2.54493575933299894e+02
2.55037799559129326e+02
2.55110099517488834e+02
2.56294595329406263e+02
2.56382895290132865e+02
2.57282453714578935e+02
2.57358479709934443e+02
2.58327075709155906e+02
2.59333752943739796e+02
2.59490352395944115e+02
2.60131004120908301e+02
2.61559311045816571e+02
2.63721300525803713e+02
2.63796946929250623e+02
2.64858218562786533e+02
2.65367602836274500e+02
2.66403614930460151e+02
2.67287781420197973e+02
2.68312706149607266e+02
2.69673953297821470e+02
2.69881297152000570e+02
2.71159502434253397e+02
2.71409493714923542e+02
2.72250245673484471e+02
2.72543126314941560e+02
2.72768799266806184e+02
2.74242343488858410e+02
2.78044991757165633e+02
2.78578069632962638e+02
2.79312253773606017e+02
2.79818058176539580e+02
2.80993948976095567e+02
2.82510649269728560e+02
2.83128972234913647e+02
2.84372322682033484e+02
2.84745519482779173e+02
2.85413078243013501e+02
2.86444890485645772e+02
2.87314784109057200e+02
2.87797686827267114e+02
2.88234767312507699e+02
2.89350619563113412e+02
2.90660977315206082e+02
2.90954358563819937e+02
2.91078272639472573e+02
2.92178314003385537e+02
2.92319804603479440e+02
2.92715842061480544e+02
2.93918562207123443e+02
2.95134779193869235e+02
2.95520278739829450e+02
2.97359534558004441e+02
2.97868581035825230e+02
2.98371479352651193e+02
2.99434198466882322e+02
3.00150714295227942e+02
3.00274874587039790e+02
3.00459772266711354e+02
3.01723772712963012e+02
3.03615769684168356e+02
3.03767085402075679e+02
3.04933336467353286e+02
3.05727875560614393e+02
3.07143106903660509e+02
3.07233628529475936e+02
3.07339348459663086e+02
3.07498537357218254e+02
3.08851282803152685e+02
3.10210176641466603e+02
3.12133205594098399e+02
3.13689729117289687e+02
3.13769138360999193e+02
3.15512161768240333e+02
3.15915286616563094e+02
3.16874290780280205e+02
3.18401584839894610e+02
3.19613437776225510e+02
3.20295366570841736e+02
3.20808579889179271e+02
3.22143319923705576e+02
3.23139260348679159e+02
3.23742417802013506e+02
3.24770789342511307e+02
3.25204998537726851e+02
3.26330611302235013e+02
3.27233902345524882e+02
3.28742928519507814e+02
3.29855441101349527e+02
3.30204070405473999e+02
3.30676268031594986e+02
3.32045401882855799e+02
3.32438416882571175e+02
3.34662198620104050e+02
3.34881538536900791e+02
3.35319989441341590e+02
3.35545145739744441e+02
3.35901781093556565e+02
3.36072230757483851e+02
3.36879806241514700e+02
3.38089404347591199e+02
3.38262460850544642e+02
3.43153649950182057e+02
3.43266500289698683e+02
3.43473725864129278e+02
3.43756714589590558e+02
3.44424921290873556e+02
3.44955787320400191e+02
3.45115276755207674e+02
3.46124641544547330e+02
3.47618337418944122e+02
3.47787905855525537e+02
3.48447432605329823e+02
3.51192358311359556e+02
3.51654172065612215e+02
3.52546826979705259e+02
3.53002360190582465e+02
3.54212787751142741e+02
3.54624581126653368e+02
3.55417018410920548e+02
3.55641198873867836e+02
3.55912962804788435e+02
3.57931430630261275e+02
3.62512428370734540e+02
3.62645748134919302e+02
3.63881523161361258e+02
3.64878924160742770e+02
3.65727667592238276e+02
3.66618764611412359e+02
3.66756301140075379e+02
3.67090565311712908e+02
3.67436499568783006e+02
3.68555199794799194e+02
3.70386708300522230e+02
3.73148470223521542e+02
3.73270153718314475e+02
3.74266531563781768e+02
3.74608785724355755e+02
3.75201069989394398e+02
3.76343603688942551e+02
3.76748111690278165e+02
3.76929067886788289e+02
3.77950166835588163e+02
3.80599056406440752e+02
3.81897726609186464e+02
3.83401782213329511e+02
3.83811198806432799e+02
3.84379416493614428e+02
3.85810263627432789e+02
3.86015000210396124e+02
3.87262807829107089e+02
3.88705733071639315e+02
3.88946851508724421e+02
3.90571258933561808e+02
3.90936831198675634e+02
3.92010065775028693e+02
3.92724084943194669e+02
3.94563042044883730e+02
3.94913996393496518e+02
3.96470668617801493e+02
3.97181558713815377e+02
3.98501736201006338e+02
3.99753989815376201e+02
4.00899396242156854e+02
4.01342200643099147e+02
4.02979178785961778e+02
4.05212681457232236e+02
4.06109478311261682e+02
4.07524610456037408e+02
4.07739633473173171e+02
4.09560844742666802e+02
4.10091871021783902e+02
4.10388704966337514e+02
4.11185462196745846e+02
4.11462634155799890e+02
4.11703982382344577e+02
4.11988408633792176e+02
4.13002630822357446e+02
4.13148105071990699e+02
4.13707322351995572e+02
4.14323191995998627e+02
4.17098771794254844e+02
4.17836644596061547e+02
4.18197932321237317e+02
4.19333915032462301e+02
4.19583398553132838e+02
4.20462253142950885e+02
4.21868891448166664e+02
4.22430896357180472e+02
4.23419060250475695e+02
4.25426211339639053e+02
4.26499347862198761e+02
4.28383795251377592e+02
4.29300865517831312e+02
4.29858418734128804e+02
4.30089881480338363e+02
4.30541566286926695e+02
4.30739155868076864e+02
4.31804393013550339e+02
4.32578368780445089e+02
4.33031880468430700e+02
4.33143866974704110e+02
4.34967643977587727e+02
4.38054501218901123e+02
4.38456428132597352e+02
4.38632631894576548e+02
4.39203819999347957e+02
4.39598698863559662e+02
4.40086979683897425e+02
4.40728320945045311e+02
4.40871587200898830e+02
4.42041420098192134e+02
4.42233080935726093e+02
4.42962345101422670e+02
4.44827609657512767e+02
4.45449914383367513e+02
4.45692843229374148e+02
4.45827833826511210e+02
4.46062269587742094e+02
4.46421630651911869e+02
4.46570030146076419e+02
4.46813853837323791e+02
4.47018490708599529e+02
4.47390865210980337e+02
