0.00000000000000000e+00
3.58204060922943768e-01
3.58875050942160101e-01
3.59590634905487150e-01
3.61214197032239781e-01
3.66016916581841656e-01
5.27285018702328045e+00
7.85854694017490374e+00
1.00080336757351631e+01
1.11664309257086103e+01
1.33578684600161210e+01
1.43293023570161040e+01
1.52300438413770109e+01
1.66955250101493391e+01
1.73749456550345940e+01
1.81780394792463511e+01
2.00647428091257325e+01
2.09102643827599195e+01
2.09378998748737359e+01
2.20820568615077235e+01
2.26836932445630737e+01
2.53263121144214267e+01
2.54916787991103178e+01
2.56714100521303124e+01
2.57913742915181814e+01
2.74912706416694448e+01
2.78758769956121029e+01
2.85015131271406119e+01
2.92351565670612672e+01
3.04230246176568642e+01
3.06759466493026309e+01
3.13703062147672256e+01
3.20382063426687012e+01
3.36059784275226150e+01
3.37332979494740073e+01
3.37763057136027953e+01
3.45549691016160807e+01
3.58364650485914353e+01
3.58604474163531108e+01
3.58783005648174935e+01
3.58965678635434529e+01
3.59106648314418919e+01
3.59638587899684410e+01
3.59851128133126679e+01
3.60009271430408830e+01
3.61030635091019860e+01
3.61753834557490848e+01
3.63431417568060908e+01
3.64338562065861993e+01
3.65118152045202180e+01
3.70900893885468292e+01
3.73862434010318907e+01
3.76776030874793264e+01
3.91411993232493955e+01
3.92434306633605274e+01
3.96051349472259346e+01
4.03994943967011011e+01
4.04228769058758814e+01
4.04998569417888632e+01
4.18418652560373232e+01
4.26075886161287656e+01
4.30147754915912230e+01
4.33202383778360627e+01
4.47451951011918254e+01
4.53563049153004556e+01
4.61429603294113519e+01
4.69459111195784260e+01
4.70909071444264669e+01
4.76174446889534408e+01
4.77532608729483741e+01
4.79335731067238555e+01
4.79998867531779467e+01
4.82208299029079228e+01
4.84698286064520119e+01
4.97405040625905883e+01
4.98792266010296146e+01
5.01950495068918485e+01
5.09576292042509067e+01
5.20897342599349997e+01
5.26073016668138962e+01
5.33689114384514767e+01
5.42462035786485330e+01
5.43470011831151112e+01
5.46938657091052391e+01
5.50774992935432124e+01
5.54120339673891067e+01
5.57648021216330960e+01
5.58386254884346442e+01
5.61263201941868886e+01
5.70834149684649503e+01
5.75915127131140139e+01
5.78770109264745543e+01
5.80582584162873729e+01
5.87529954672919530e+01
5.94622593533980819e+01
6.04530034026078056e+01
6.12969240453123234e+01
6.15045437096295871e+01
6.20107762190554865e+01
6.22857357616866523e+01
6.25713651118949770e+01
6.37450148943328827e+01
6.43526664152963122e+01
6.45024990612673719e+01
6.46498183097452852e+01
6.49500984616667267e+01
6.49874948590017425e+01
6.54129941597275604e+01
6.60734993470919676e+01
6.61746050472893046e+01
6.66056762340267596e+01
6.74904403193132225e+01
6.79520191492221386e+01
6.94141438900432775e+01
6.99566612884175356e+01
7.00120212963966821e+01
7.07196388746168054e+01
7.08383310429806556e+01
7.09250262001292811e+01
7.15573710158257086e+01
7.16822286059319538e+01
7.20837804873913512e+01
7.24264922108609142e+01
7.34934848136734331e+01
7.35819460220721169e+01
7.40123586522561538e+01
7.41735319365045029e+01
7.41922598668364799e+01
7.45031363039864516e+01
7.48634599341274054e+01
7.55029943128587888e+01
7.58271006733156128e+01
7.60807573062331812e+01
7.62104616299300517e+01
7.79385241396413733e+01
7.80784355125257150e+01
7.83517020375161053e+01
7.86218821661961442e+01
7.91987946389435251e+01
7.94530802050161640e+01
7.96179894135548523e+01
7.97217428722484556e+01
7.99804326659078697e+01
8.03547278866527392e+01
8.08580650659185949e+01
8.12449936053326383e+01
8.19002663256621872e+01
8.19905035441114762e+01
8.25662616546041477e+01
8.26721995841314765e+01
8.28191864757739609e+01
8.44499459701414423e+01
8.45695497674406340e+01
8.49758785612664553e+01
8.50535735239718917e+01
8.54114081690566138e+01
8.57258941575286144e+01
8.59824512703701771e+01
8.64684234459548406e+01
8.71519151546029320e+01
8.74559239906894561e+01
8.76174524770888752e+01
8.79179041924400622e+01
8.80873913158895618e+01
8.81732159835232778e+01
8.87934349398543361e+01
8.92974007405420309e+01
9.01982866904488390e+01
9.16218970790364153e+01
9.17288163781019534e+01
9.17802931326208409e+01
9.20549372633348639e+01
9.21782462785822929e+01
9.25830565476046843e+01
9.42650354919066444e+01
9.43046750176953310e+01
9.45421370445123159e+01
9.47049075153847184e+01
9.49423811499492274e+01
9.53582032804563084e+01
9.54651404789019011e+01
9.57682843974879177e+01
9.60003938454147203e+01
9.65069268193203982e+01
9.67802427651553216e+01
9.76513524594375326e+01
9.80745837965060900e+01
9.84084276409247138e+01
9.87794180070407606e+01
1.00499271426718224e+02
1.00644039495220795e+02
1.00723985698217462e+02
1.00950884152321038e+02
1.01307483267735847e+02
1.01608729784134511e+02
1.02563480590468146e+02
1.03053994863695010e+02
1.03213737477055759e+02
1.03930820807448526e+02
1.04074021923909299e+02
1.04974563532646897e+02
1.05084045170270599e+02
1.05479533825279731e+02
1.05789320845575929e+02
1.06564239613430118e+02
1.06609849889432326e+02
1.06965432379322465e+02
1.07142877774575283e+02
1.07344191495777523e+02
1.07898400517140431e+02
1.08059556559141413e+02
1.08893725929707529e+02
1.09091787716914951e+02
1.09661705901482804e+02
1.10657432356393201e+02
1.10739771100240858e+02
1.11096493217492053e+02
1.12111619684514295e+02
1.12200616649055291e+02
1.12542120428934197e+02
1.12955711606379396e+02
1.13736670283608703e+02
1.14015364604009562e+02
1.14426850237655856e+02
1.14526245647673107e+02
1.14749744001973994e+02
1.15146987130833566e+02
1.16941187774630009e+02
1.17051579854136691e+02
1.17369596219808670e+02
1.17507467606432300e+02
1.17786990328642446e+02
1.18285116086561516e+02
1.18915208637815311e+02
1.18990170442554927e+02
1.19814708895592787e+02
1.20298884036694517e+02
1.20862178129179370e+02
1.21345399899543082e+02
1.21931737504171679e+02
1.22819893772442327e+02
1.23034722788236905e+02
1.23646056877341749e+02
1.23780833885295522e+02
1.24430186970016422e+02
1.24715932462488098e+02
1.24807056510363822e+02
1.24970921591167723e+02
1.25339261966468825e+02
1.26317383941537287e+02
1.26649432274457894e+02
1.26900991815095409e+02
1.27031254123010200e+02
1.28918824801873200e+02
1.30611663815474998e+02
1.30740211855177051e+02
1.31206443497619659e+02
1.31259570148030178e+02
1.31430169613825484e+02
1.31688252536023100e+02
1.32744666767407608e+02
1.33726077582288866e+02
1.34028755728006246e+02
1.34482231738506357e+02
1.34651783856732180e+02
1.35642835299349855e+02
1.35746913558354521e+02
1.36614294110499657e+02
1.37046926700892755e+02
1.37358747441708516e+02
1.38397169928560260e+02
1.39016502141321041e+02
1.39476825213569668e+02
1.39817281072674376e+02
1.41965262437418374e+02
1.42165699692429456e+02
1.43002075694138739e+02
1.43513221208434146e+02
1.43909012436757536e+02
1.44531874011558216e+02
1.44755659844835805e+02
1.44956950601719285e+02
1.45034685266490101e+02
1.45195348131664588e+02
1.45556391060476045e+02
1.45632385003547370e+02
1.45902163982771413e+02
1.46458401858004407e+02
1.46699623201535474e+02
1.47664627016538077e+02
1.47921993773235187e+02
1.48407862054738416e+02
1.48704659980017396e+02
1.50476770951135279e+02
1.51508761929847225e+02
1.51948009964467531e+02
1.52701361513403015e+02
1.53090681697916835e+02
1.53377229672243658e+02
1.53835100711609385e+02
1.53929573643711308e+02
1.54245125022191331e+02
1.54647070725450789e+02
1.54950766993654639e+02
1.56213358527434025e+02
1.56333660367759251e+02
1.56402413247773779e+02
1.57423057778228099e+02
1.57606404547293835e+02
1.58284250794268928e+02
1.59243787062193007e+02
1.59353209621943790e+02
1.59832048599642576e+02
1.60059582985724205e+02
1.60888768825559453e+02
1.61621187391287037e+02
1.61934327503341819e+02
1.62698688446444521e+02
1.63932906147233609e+02
1.64887021592841734e+02
1.65328940996322217e+02
1.66776167012138785e+02
1.66824538102961299e+02
1.67196477503669257e+02
1.67564502309041643e+02
1.68550899333553559e+02
1.68894727252323776e+02
1.69019851515241385e+02
1.70296306499779348e+02
1.70420424788873106e+02
1.72929603960864426e+02
1.73581756589252166e+02
1.73716288565481193e+02
1.74070651561609054e+02
1.75255253544448180e+02
1.75995898583413236e+02
1.76069733836028263e+02
1.77150796515868365e+02
1.77800538820533575e+02
1.77898677914943960e+02
1.79108237519703152e+02
1.79236278202605149e+02
1.79350139500351247e+02
1.80484968445259199e+02
1.80721314586932067e+02
1.81850156470761078e+02
1.82263066170063553e+02
1.83021960263296080e+02
1.83064702947831393e+02
1.83955184958431403e+02
1.85143718916816795e+02
1.86341166660746751e+02
1.86516765708771231e+02
1.87338246144636116e+02
1.87539868631908121e+02
1.87810324302407707e+02
1.87862780531488681e+02
1.88338751273173841e+02
1.88453699027313348e+02
1.89034575617203870e+02
1.89988887536693255e+02
1.90432362850950597e+02
1.90559288037389024e+02
1.91023290628284030e+02
1.92324749037011827e+02
1.92830099023867263e+02
1.92966251423049641e+02
1.93067511992601226e+02
1.93691802080042521e+02
1.94211658542960322e+02
1.95207870190941321e+02
1.96381701718062061e+02
1.98493040803365147e+02
1.98850771465893445e+02
1.99498616518738572e+02
1.99693708286230276e+02
2.01101198538263077e+02
2.01395574913655025e+02
2.01787002970228798e+02
2.02602043295392320e+02
2.02768412078777146e+02
2.03057168899584269e+02
2.03873586760716705e+02
2.04422436070792969e+02
2.05351111225975615e+02
2.06380218491996516e+02
2.06618983370979890e+02
2.06930281349890208e+02
2.07656955437190675e+02
2.07932629235352124e+02
2.08091807084113668e+02
2.08929758187843163e+02
2.10028159130179120e+02
2.12085427723550197e+02
2.12681167811292823e+02
2.12856803277953077e+02
2.13936954325799775e+02
2.14273344182997221e+02
2.16725482946591967e+02
2.16864113967124354e+02
2.17319610356019723e+02
2.17908730197260411e+02
2.18105079912513361e+02
2.18990794537624936e+02
2.19516650546214237e+02
2.19755495850302907e+02
2.20693007821886056e+02
2.20797914711907936e+02
2.21982777567274240e+02
2.22288660291113899e+02
2.24374690239689983e+02
2.25417310295179789e+02
2.26053658988793018e+02
2.27844140732151288e+02
2.28245940278250998e+02
2.28570065226278530e+02
2.28802884405747250e+02
2.29276997007488205e+02
2.29538002735624048e+02
2.30251295555201978e+02
2.30721333540164039e+02
2.31418928135878161e+02
2.33524640969803215e+02
2.34322527965466179e+02
2.35121988829936129e+02
2.35922585160305744e+02
2.36022385163417425e+02
2.36334145007916050e+02
2.39156195288128117e+02
2.39703781355412957e+02
2.39981720735925308e+02
2.40967613196405523e+02
2.41351869445017030e+02
2.41471572349226676e+02
2.42837283836533004e+02
2.43687541253299855e+02
2.44126477003796651e+02
2.44777439521049246e+02
2.44845024381195287e+02
2.45704159618888468e+02
2.46351789561727685e+02
2.46900761070961096e+02
2.48135498126297534e+02
2.48247941889949459e+02
2.49153737041615045e+02
2.50535256822347606e+02
2.50809622087021808e+02
2.53221486490955840e+02
2.54683265095450054e+02
2.55033225062741678e+02
2.55160837735800101e+02
2.55966890141908493e+02
2.56455258554709530e+02
2.56823380211586596e+02
2.57439292074711375e+02
2.58091089480408016e+02
2.58321897297475175e+02
2.59259193338701948e+02
2.60674317909196475e+02
2.62410411583991220e+02
2.62676576830823080e+02
2.63494389861672119e+02
2.63972865179415237e+02
2.65139999675670538e+02
2.65830537571791297e+02
2.66090976814935289e+02
2.67794580034438923e+02
2.68244404664350498e+02
2.68369473869201556e+02
2.69932956243183185e+02
2.70041925297539649e+02
2.71097861609275924e+02
2.71441905230821590e+02
2.72077240849901386e+02
2.72946850530015865e+02
2.73478805196542339e+02
2.73626791877979940e+02
2.74947990066731450e+02
2.77457040776156703e+02
2.80486220069971409e+02
2.80829075048795971e+02
2.81147843330602711e+02
2.81243344711672592e+02
2.82024351319922516e+02
2.83171593381603884e+02
2.83738238702774026e+02
2.84998224944397521e+02
2.85731995592693067e+02
2.87119087260524566e+02
2.87509214937074944e+02
2.87964412722919405e+02
2.88766744975044446e+02
2.90366703266658249e+02
2.90479072945330245e+02
2.91793112159973646e+02
2.92400497410018545e+02
2.92994244140280045e+02
2.93579033769524301e+02
2.94185478576443927e+02
2.94434651316435520e+02
2.94816298871234380e+02
2.97092324312803498e+02
2.98794977989619042e+02
2.99117800255484724e+02
2.99396310280370130e+02
3.00169315733615974e+02
3.00323597589543567e+02
3.00675866154192931e+02
3.01644394239019618e+02
3.02587987943143560e+02
3.02686917667313253e+02
3.03795600168031683e+02
3.04537743364552796e+02
3.04792107159379327e+02
3.05004046849372116e+02
3.05935924314643216e+02
3.06778871754394402e+02
3.07172255990496296e+02
3.08001731949217117e+02
3.09310084619583790e+02
3.11558283458376252e+02
3.12043016212519206e+02
3.14610854601993537e+02
3.15013706463085555e+02
3.16194480619688363e+02
3.16811809395397461e+02
3.18217204043373158e+02
3.18404956746272262e+02
3.19761695092122693e+02
3.22189809012822025e+02
3.22422994376329086e+02
3.23131153825607612e+02
3.24938085743190015e+02
3.26338665838530119e+02
3.27148194499375961e+02
3.27573967280141858e+02
3.28708305249207228e+02
3.29776468707083382e+02
3.30087915805518548e+02
3.31709758506582773e+02
3.32228358470210708e+02
3.33771748623661153e+02
3.34816574429697823e+02
3.35667936532766475e+02
3.36361804567564036e+02
3.36960369295449198e+02
3.37110284293657401e+02
3.37557812025843873e+02
3.37685414584108912e+02
3.39609282072765780e+02
3.40842500383868867e+02
3.42393344468127793e+02
3.42811022654938427e+02
3.43331086713899253e+02
3.43722814792028373e+02
3.44644543848981755e+02
3.45036893558588019e+02
3.45655158759490405e+02
3.45861087641885092e+02
3.47986736714752340e+02
3.48911463114532694e+02
3.49740881371741466e+02
3.52186952676032774e+02
3.52498241492009697e+02
3.53483561688917973e+02
3.53625666001743298e+02
3.53820972868757735e+02
3.54950102351541659e+02
3.55356115646301646e+02
3.55700643780804285e+02
3.56676861925737455e+02
3.56934715816720541e+02
3.61163778989127138e+02
3.63591630252818732e+02
3.64828052552688291e+02
3.65443158535909276e+02
3.65536419155848535e+02
3.66223094975424772e+02
3.66728098442796693e+02
3.67066962869350618e+02
3.67183554988383719e+02
3.67660597453203138e+02
3.68573726961973421e+02
3.68907687079703294e+02
3.72500483033426576e+02
3.73399570100090614e+02
3.73983488432667684e+02
3.74493287806638136e+02
3.74614550717688019e+02
3.74750718883196839e+02
3.75019001293879285e+02
3.75599604369779115e+02
3.76103390448059372e+02
3.76339508917375724e+02
3.77496333147163000e+02
3.77818911186105026e+02
3.78313321753685045e+02
3.81575791759643209e+02
3.82334403428383837e+02
3.83694974207623432e+02
3.84848835633105978e+02
3.84950027930844101e+02
3.85903002647631865e+02
3.86690707509724518e+02
3.87643358993308652e+02
3.88787866942812059e+02
3.89089577728269944e+02
3.90577452117530299e+02
3.91045342017598387e+02
3.94211686082427434e+02
3.94775385793385794e+02
3.95399794967031539e+02
3.96555774019815317e+02
3.97556948695330163e+02
3.98231259712110329e+02
3.98797640114192745e+02
4.01899582732679391e+02
4.02149012015297046e+02
4.03449220235158350e+02
4.05335646037016431e+02
4.07616965172649827e+02
4.08663958065181930e+02
4.08861678361488487e+02
4.09490983784692503e+02
4.10827828016652916e+02
4.11049696457140215e+02
4.11486954075741096e+02
4.11794914042982100e+02
4.12238777615875051e+02
4.12394868097555332e+02
4.12761626696114604e+02
4.13334169972102245e+02
4.13774857780802790e+02
4.16112192835338078e+02
4.17146825461906019e+02
4.17527683634396112e+02
4.18809463258122150e+02
4.19718763402223658e+02
4.20222291463395436e+02
4.20573883209470750e+02
4.21186244415655892e+02
4.21932098754269987e+02
4.22585854992599025e+02
4.22725416810103184e+02
4.23740662847717090e+02
4.25678643995062771e+02
4.28260172491362937e+02
4.28730052524694202e+02
4.29283582629272814e+02
4.29720125397334186e+02
4.30240115041302715e+02
4.30777540463907030e+02
4.30896045610370720e+02
4.31276781558782659e+02
4.32270939336603760e+02
4.32831434491891400e+02
4.33699591814654809e+02
4.35375432424606402e+02
4.37636469418760612e+02
4.39086359553421062e+02
4.39364279716038709e+02
4.39598467723254203e+02
4.39949586496937172e+02
4.40270093284835184e+02
4.40961345216744803e+02
4.41313085532839636e+02
4.41550693563044433e+02
4.41879958168196936e+02
4.42457159270060743e+02
4.45185879010540361e+02
4.45431348627045509e+02
4.45762075203033078e+02
4.45938183925051703e+02
4.46161160995862588e+02
4.46299810062986239e+02
4.46763743322552955e+02
4.47111748654221401e+02
4.47290719127657553e+02
4.47590952932904543e+02
