1.2164265256983693e+02
1.2218855723184512e+02
1.2293477066012640e+02
1.2342871718335084e+02
1.2363109897381966e+02
1.2373912033542089e+02
1.2425895814098703e+02
1.2427681965549701e+02
1.2494522225286551e+02
1.2503510258884462e+02
1.2526909120207145e+02
1.2580166741124874e+02
1.2642516074691936e+02
1.2656460312224047e+02
1.2671551918818659e+02
1.2690478227433948e+02
1.2699659365667455e+02
1.2820470554072071e+02
1.2930584982886583e+02
1.2948668803520604e+02
1.2981506012925314e+02
1.3001466112665071e+02
1.3021713450501818e+02
1.3067515117222860e+02
1.3075603045107471e+02
1.3080787103342320e+02
1.3093060889807288e+02
1.3136063766062071e+02
1.3146683604161075e+02
1.3168471981952416e+02
1.3182168586236347e+02
1.3198120614008047e+02
1.3204496836299131e+02
1.3303168356794305e+02
1.3314474401151318e+02
1.3350801192125402e+02
1.3360321580819431e+02
1.3382260350587848e+02
1.3395818399990486e+02
1.3449413803668415e+02
