0.0000000000000000e+00
9.8689348505540693e+00
2.0198733808192628e+01
2.0335050890273124e+01
3.3302089335109486e+01
3.5577031916371197e+01
4.8500128671585117e+01
4.8909683617137489e+01
4.9297161720369331e+01
5.0818176007222064e+01
5.8709627958880446e+01
6.0147164726771734e+01
6.6426669962940650e+01
6.6666478081777313e+01
6.7116059154785034e+01
8.4156046084859554e+01
8.5436501184551162e+01
8.6423308053828805e+01
8.7823828440767102e+01
8.9371351350902842e+01
1.1001889908710291e+02
1.1034036735921836e+02
1.1063712192875755e+02
1.1167439711629777e+02
1.1421110356881763e+02
1.1549487934875287e+02
1.3631625914205870e+02
1.3668465181990905e+02
1.3723714960364669e+02
1.5707814997101741e+02
1.6233982481522980e+02
1.6318685739119974e+02
1.6459223738903893e+02
1.6549402985280540e+02
1.8172144821089751e+02
1.8411523136406322e+02
1.8748805555398940e+02
1.8890125457960312e+02
1.9010770100137233e+02
1.9067302743647815e+02
1.9130008841184826e+02
1.9634993433382624e+02
1.9911897538554331e+02
2.0035494923423175e+02
2.0081847373457640e+02
2.0142880241604507e+02
2.0238185715676082e+02
2.1242531481791957e+02
2.2802917169148714e+02
2.2944635032621227e+02
2.3085433221913263e+02
2.3228659594937562e+02
2.3343583017429046e+02
2.3597614030275508e+02
2.5750592396591310e+02
2.5994484663601543e+02
2.6215193676330455e+02
2.6264557665316534e+02
2.6328110520374321e+02
2.6534533391510195e+02
2.7489786449046369e+02
2.7758648873093989e+02
2.7802536865728325e+02
2.7872411635427125e+02
2.7922812973023611e+02
2.8116541563247301e+02
2.8215323750462630e+02
2.9983483108767905e+02
3.0124996278824256e+02
3.0191666465106755e+02
3.0350105240330595e+02
3.0785373131432425e+02
3.2002576872043210e+02
3.2097926953360002e+02
3.2384848427886027e+02
3.2732991293250598e+02
3.2995546358050342e+02
3.3407811937164297e+02
3.3506043987706289e+02
3.4005862667158362e+02
3.4142433892942427e+02
3.4646277132166506e+02
3.4699968281077963e+02
3.4753408598838723e+02
3.5500236837312332e+02
3.5661646270345955e+02
3.5795498888067232e+02
3.5940931757396538e+02
3.6213106454188164e+02
3.6397595579016343e+02
3.6452135459137571e+02
3.7422205206060971e+02
3.7765217823650892e+02
3.7896899207710885e+02
3.8034663324336361e+02
3.8368776319020253e+02
3.8432498778266745e+02
4.0411003844727384e+02
4.0843410199031132e+02
4.0988342150203607e+02
4.1040012480079167e+02
4.1170414724713919e+02
4.1227730904521377e+02
4.1294587380122175e+02
4.2052775407430818e+02
4.2265625412311419e+02
4.2892859444446731e+02
4.2986173391703414e+02
4.3125126351053041e+02
4.3300889509018452e+02
4.3454238291082584e+02
4.3696916819527178e+02
4.3974310502338267e+02
4.6388402289331134e+02
4.6556198162237342e+02
4.6623997014660927e+02
4.6747215964790303e+02
4.6857977767478587e+02
4.6940606772633691e+02
4.7046784100981313e+02
4.7571353850514060e+02
4.7647982109929217e+02
4.7758929272769092e+02
4.8032713427464114e+02
4.8145081366076556e+02
4.8378180759760653e+02
4.8710822670834750e+02
4.9143901042096331e+02
4.9359740167038763e+02
5.0096930066078130e+02
5.0280535956478343e+02
5.1021821467664631e+02
5.1556148392649629e+02
5.1725117917321768e+02
5.1971418565999556e+02
5.2679042817950176e+02
5.3127306091371429e+02
5.3225380109174512e+02
5.3521482228942114e+02
5.4119374593936664e+02
5.5746188269358754e+02
5.5958504261279450e+02
