1.4423321829162083e+02
1.4442664121990629e+02
1.4445228268262338e+02
1.4451331184523255e+02
1.4459248526479513e+02
1.4471507205918397e+02
1.4475625431479185e+02
1.4494014554091956e+02
1.4496111752971746e+02
1.4504105285241678e+02
1.4540458745419636e+02
1.4586076950389173e+02
1.4625902136745128e+02
1.4636179632088346e+02
1.4679358058696207e+02
1.4684211952441677e+02
1.4690078764141791e+02
1.4699718823644602e+02
1.4797899379721193e+02
1.4800691400252521e+02
1.4839066433795023e+02
1.4849589072962215e+02
1.4879889372910006e+02
1.4919108854647936e+02
1.4942547621656954e+02
1.5104567180895756e+02
1.5113242589665046e+02
1.5169217464152871e+02
1.5176455379153319e+02
1.5223831683717341e+02
1.5251689733812537e+02
1.5256604789165584e+02
1.5272509624300469e+02
1.5336671046894088e+02
1.5346114025070207e+02
1.5358730640587325e+02
1.5361526079957540e+02
1.5384582454948122e+02
1.5387410698347449e+02
1.5413426630603888e+02
1.5420897130938005e+02
1.5481492314438628e+02
1.5498666275935784e+02
1.5519597358754538e+02
1.5560495312133750e+02
1.5585621325440911e+02
1.5599252057508497e+02
1.5628462116565740e+02
1.5632498945271996e+02
1.5654951251551591e+02
1.5664532773009728e+02
1.5686086589542717e+02
1.5689568917156475e+02
1.5781893798121567e+02
1.5783719268951054e+02
1.5832781434768179e+02
1.5839895808806043e+02
1.5853480414038597e+02
1.5867247884593849e+02
