8.1177877810909905e+01
8.1766125393576857e+01
8.2347556114306300e+01
8.2543262512009662e+01
8.2677923818557630e+01
8.3157137607468471e+01
8.4334409285774726e+01
8.4407428391419302e+01
8.4597726226022630e+01
8.4791770508184030e+01
8.5047108386149603e+01
8.5510133481067271e+01
8.5685728172205899e+01
8.6050003022467152e+01
8.6456587391777759e+01
8.7213686602034883e+01
8.7276069856375486e+01
8.7830856095589809e+01
8.7876909606944508e+01
8.8232644635893081e+01
8.8327385469224481e+01
8.8974877492469986e+01
8.9339507553035290e+01
8.9424421932027514e+01
9.0325107056146692e+01
9.1284956931366438e+01
9.1759675567091634e+01
9.1815172711596503e+01
9.1880058186676024e+01
9.2119864230033301e+01
