2.2514315037851375e+02
2.2516568928021911e+02
2.2549120261502398e+02
2.2614855560906489e+02
2.2617472551694723e+02
2.2676805046433557e+02
2.2710337707896034e+02
2.2712667733667394e+02
2.2738243956920874e+02
2.2743174067178379e+02
2.2774420918023861e+02
2.2781818601466452e+02
2.2792798091720016e+02
2.2866006981039982e+02
2.2876902138094164e+02
2.2881083902824136e+02
2.2904964908809700e+02
2.2911499171665238e+02
2.2925874503552248e+02
2.2968237273586254e+02
2.2982159552489207e+02
2.2987713419300113e+02
2.3010829822812468e+02
2.3029529575867531e+02
2.3088084202297819e+02
2.3097600160467888e+02
2.3105102912783448e+02
2.3111548526684567e+02
2.3120006903940268e+02
2.3128525111789938e+02
2.3172043296719551e+02
2.3217782724609984e+02
2.3249763300418576e+02
2.3268484906170090e+02
2.3293389992158967e+02
2.3346944569749789e+02
2.3361667105113546e+02
2.3374762128599508e+02
2.3382986745878264e+02
2.3393979025668150e+02
2.3419285708708364e+02
2.3426796328969670e+02
2.3435870966363740e+02
2.3498380611856419e+02
2.3501034635403818e+02
2.3517487551395658e+02
2.3543683568105155e+02
2.3604545349017494e+02
2.3633081525090583e+02
2.3637886210834750e+02
2.3643526404709812e+02
2.3674211594965934e+02
2.3679087097643068e+02
2.3730021113022829e+02
2.3737099362067161e+02
2.3779237213153141e+02
2.3823464542661441e+02
2.3837018304325233e+02
2.3895739055691163e+02
2.3910022489276514e+02
2.3921903497258671e+02
2.3928642749778464e+02
2.3933035608010374e+02
2.3974306561101483e+02
2.3982093815891719e+02
2.3987905136109737e+02
2.4013740035055767e+02
2.4048570465620207e+02
2.4056966090719254e+02
2.4062386500029717e+02
2.4082258568290027e+02
2.4091889022015786e+02
2.4096790419377044e+02
2.4116521898683956e+02
2.4156475818718945e+02
2.4218211893386959e+02
2.4253137879399702e+02
2.4262322993977315e+02
2.4268174797559973e+02
2.4323502612025732e+02
2.4327382229164019e+02
2.4334061426505238e+02
