1.0008263081408064e+02
1.0029194287473165e+02
1.0049712119438090e+02
1.0063786478783111e+02
1.0117956118532815e+02
1.0163888492461130e+02
1.0172652283921231e+02
1.0195396715176734e+02
1.0236610644598287e+02
1.0273360518130887e+02
1.0308379525582015e+02
1.0321429846542830e+02
1.0429830135280447e+02
1.0440094382951391e+02
1.0445268048379594e+02
1.0530358607249107e+02
1.0540036745586629e+02
1.0634687573698261e+02
1.0670105890562007e+02
1.0676466120184038e+02
1.0677803526537740e+02
1.0719660400603975e+02
1.0745688463191986e+02
1.0756390557070479e+02
1.0784531883053515e+02
1.0786700285839743e+02
1.0848958152791521e+02
1.0919036432066621e+02
1.0951389422826732e+02
1.0989537890796872e+02
1.1004511390007822e+02
1.1007178399796653e+02
1.1034015547929846e+02
1.1190522924363135e+02
1.1197122162846287e+02
1.1199310393056959e+02
1.1219214292110837e+02
