2.5608233929941946e+02
2.5634737306183126e+02
2.5668645590409943e+02
2.5705161340310190e+02
2.5754510378103129e+02
2.5775922703948521e+02
2.5817896521488257e+02
2.5856603185523250e+02
2.5907369217874395e+02
2.5915845084905260e+02
2.6004508705867192e+02
2.6021439046059152e+02
2.6069877286340733e+02
2.6073305806776642e+02
2.6078728195360759e+02
2.6092194911275971e+02
2.6155618349025457e+02
2.6161487966214787e+02
2.6230735447402276e+02
2.6254903079024064e+02
2.6275808142377190e+02
2.6299512517314673e+02
2.6342413983121077e+02
2.6359567126630537e+02
2.6385082874884597e+02
2.6409688348088594e+02
2.6432248490867357e+02
2.6445767926825124e+02
2.6459777485145423e+02
2.6540488861327435e+02
2.6557212857031374e+02
2.6568200461878507e+02
2.6595036171170335e+02
2.6649285648221797e+02
2.6664590802377433e+02
2.6690507103669432e+02
2.6723188205853222e+02
2.6754340411833607e+02
2.6824056353812239e+02
2.6883598596817711e+02
2.6901555356314771e+02
2.6960421484915292e+02
2.7033140995234447e+02
2.7052840530603987e+02
2.7058160915249215e+02
2.7067635915182592e+02
2.7097225790750008e+02
2.7121469424750666e+02
2.7152978487311970e+02
2.7170224376584576e+02
2.7212420505446494e+02
2.7244326464072242e+02
2.7254664305240323e+02
2.7304916305461461e+02
2.7350660712947996e+02
2.7363966194095718e+02
2.7401052370298368e+02
2.7427620916925969e+02
2.7459821249334101e+02
2.7506789054433813e+02
2.7519829024843187e+02
