2.4048586115830699e+02
2.4056963322110767e+02
2.4062396363122153e+02
2.4082258898697276e+02
2.4091885489673987e+02
2.4118712908408469e+02
2.4156476227746307e+02
2.4218213776233188e+02
2.4253141285787262e+02
2.4262339619907419e+02
2.4268172983360847e+02
2.4333999006928025e+02
2.4357350361830780e+02
2.4368312929587836e+02
2.4389201994457221e+02
2.4416972977391592e+02
2.4430277833209291e+02
2.4488284185583228e+02
2.4515228711722639e+02
2.4529445819114591e+02
2.4576092628039927e+02
2.4603928762858953e+02
2.4630725154447714e+02
2.4654353051045504e+02
2.4678726531719730e+02
2.4733300740745111e+02
2.4739264535468320e+02
2.4757270233107803e+02
2.4831963178314146e+02
2.4864580873258490e+02
2.4872349172633383e+02
2.4884056441630381e+02
2.4904432353291489e+02
2.4927905652045223e+02
2.4944419716025689e+02
2.4963454461667419e+02
2.4975001446231329e+02
2.4993757014743809e+02
2.5093026142710821e+02
2.5099524316346918e+02
2.5172500650855469e+02
2.5188691660879851e+02
2.5291270268725049e+02
2.5329757231724622e+02
2.5363286676829389e+02
2.5374648143494505e+02
2.5407726433408160e+02
2.5436321032596118e+02
2.5458259800652391e+02
2.5467638884011308e+02
2.5481990172630509e+02
2.5488841466877273e+02
2.5527628341649455e+02
2.5531977338622065e+02
2.5584209657558216e+02
2.5608233608310576e+02
2.5634736934668371e+02
2.5668645559992689e+02
2.5705161574034167e+02
2.5754510274974814e+02
2.5775922399636016e+02
2.5817896385949052e+02
2.5856603150177210e+02
2.5907369313327661e+02
2.5915844977631457e+02
