3.0650507211555396e+02
3.0667415457393423e+02
3.0677294909653250e+02
3.0787243843360613e+02
3.0855328173994474e+02
3.0907272199838269e+02
3.0937383974960039e+02
3.0959550137400106e+02
3.0989433733167709e+02
3.1074583885673576e+02
3.1113034877466345e+02
3.1147367615515441e+02
3.1177469922197923e+02
3.1196627626971951e+02
3.1222303795304094e+02
3.1272138100232991e+02
3.1300321192218820e+02
3.1373401690703651e+02
3.1405221753577183e+02
3.1436509035354186e+02
3.1474947365791616e+02
3.1504190005697353e+02
3.1540587891403715e+02
3.1696739071599518e+02
3.1714931627017882e+02
3.1756269473410953e+02
3.1856590292788394e+02
3.1898147420072115e+02
3.1954022472349828e+02
3.1961696792527420e+02
3.2024129688204096e+02
3.2073482296356451e+02
3.2139516234601655e+02
3.2165615216187899e+02
3.2238861375179926e+02
3.2285236828038063e+02
3.2319916691875181e+02
3.2333884946077990e+02
3.2380820745533350e+02
3.2482375327444640e+02
3.2550675837086891e+02
3.2602978190682154e+02
3.2681576604511758e+02
3.2760335019091298e+02
