5.27426556133564617e+00
7.86084564945489461e+00
1.00111671997669109e+01
1.11699652909290101e+01
1.33623027663099929e+01
1.43327978090222459e+01
1.52352640253421079e+01
1.67013706422509323e+01
1.73810565518768527e+01
1.81828264756031999e+01
2.00721674962399810e+01
2.09180120320984422e+01
2.09438178152768444e+01
2.20903812424723611e+01
2.26901325384340389e+01
2.53361839092898613e+01
2.54994564497078926e+01
2.56816597284138979e+01
2.58015032668732935e+01
2.75024300831168063e+01
2.78845219720581952e+01
2.85093721263952133e+01
2.92447251273315025e+01
3.04356223406920883e+01
3.06860956041929107e+01
3.13835352689070248e+01
3.20520513106344112e+01
3.36207263011370685e+01
3.37436245822879073e+01
3.37878993828239373e+01
3.45673540045642795e+01
3.58761841007055011e+01
3.61914079628967400e+01
3.65251120601480395e+01
3.73986474164999265e+01
3.76949399265157723e+01
3.91596620324941682e+01
3.92585951478990651e+01
3.96185760002610365e+01
4.04150576943338109e+01
4.04421529332702931e+01
4.05157482243194593e+01
4.18616240434052855e+01
4.26280164821534129e+01
4.30321852037320696e+01
4.33361977287099478e+01
4.47678947669319172e+01
4.53756997626156178e+01
4.61604404729357256e+01
4.69702040878052500e+01
4.71113722244331967e+01
4.76347847820523853e+01
4.77740117543288889e+01
4.79586737448112999e+01
4.80193035946381102e+01
4.82453201498739048e+01
4.84946649062314847e+01
4.97667228524326006e+01
4.98997501661758065e+01
5.02177512304121905e+01
5.09811650843564479e+01
5.21142643669050116e+01
5.26368122611377345e+01
5.33918288994690258e+01
5.42688466713803379e+01
5.43733868836412029e+01
5.47187997562121069e+01
5.51078414826696701e+01
5.54438597349276066e+01
5.57961016328699131e+01
5.58663265502261694e+01
5.61587760882952622e+01
5.71099808844804713e+01
5.76254519080367373e+01
5.79070228171029342e+01
5.80877393202191357e+01
5.87794918896267262e+01
5.94935151376406424e+01
6.04836286127570020e+01
6.13316083821158315e+01
6.13359446781499003e+01
6.15336653275421170e+01
6.20425936690110476e+01
6.23198191302417968e+01
6.23350510353215768e+01
6.26094672325865247e+01
6.37845989599296175e+01
6.43892097484275610e+01
6.45438870587309168e+01
6.46867343128368901e+01
6.49846416052866687e+01
6.50294033347370970e+01
6.54506744907011466e+01
6.61074348940332328e+01
6.62183128374526859e+01
6.66442078147205024e+01
6.75303848453437467e+01
6.79907821186555026e+01
6.94515484001721148e+01
6.99965209599735090e+01
7.00107188656611470e+01
7.00581003164745653e+01
7.07674115576402727e+01
7.08886577548483814e+01
7.09691716614623260e+01
7.15975950831780068e+01
7.17207624991083179e+01
7.21295846240331713e+01
7.24772179131398957e+01
7.35383778466619873e+01
7.36295016495891730e+01
7.40555613325744702e+01
7.42222117233297354e+01
7.42460150493192117e+01
7.45570120632289957e+01
7.49116773950291872e+01
7.55562784239965168e+01
7.58855089228569568e+01
7.61250970825295497e+01
7.62400042044181703e+01
7.80223980603989133e+01
7.80424957850920578e+01
7.84114040008354465e+01
7.86413397930803200e+01
7.93986004268401899e+01
7.94469578264819916e+01
7.95976418330828892e+01
7.96637881266563141e+01
7.97663585785035423e+01
8.03413659407219711e+01
8.04848546005931524e+01
8.13034247790197497e+01
8.18883761856863401e+01
8.24593264784087410e+01
8.26423629396496153e+01
8.27834822877360779e+01
8.32686835881713137e+01
8.44527272916707972e+01
8.45403483693049083e+01
8.47292177471295105e+01
8.49055244102623590e+01
8.51497206112664742e+01
8.56363368895458876e+01
8.56457048816518380e+01
8.58065257338901120e+01
8.61602378845734904e+01
8.65852787319435890e+01
8.73247780831482743e+01
8.74096849195599646e+01
8.79516578307177923e+01
8.80039336381057069e+01
8.83479984514240897e+01
8.84378563639806288e+01
8.91152146220063059e+01
8.94704256701908349e+01
8.95479145921101605e+01
9.04600206806063341e+01
9.14217047602004271e+01
9.18842407207391432e+01
9.19541335789124332e+01
9.20323622422263128e+01
9.22573147200162822e+01
9.25685953994587862e+01
9.27294828707661623e+01
9.38847653448437995e+01
9.43499367007460989e+01
9.49994186020512643e+01
9.51994521618377689e+01
9.53507017931256655e+01
9.54256860819965169e+01
9.55369070907111393e+01
9.57310474083849385e+01
9.57708833194186866e+01
9.61150994602515141e+01
9.64005670586181367e+01
9.64876468594070928e+01
9.70667075336579472e+01
9.71725062507646982e+01
9.73135770851447148e+01
9.76666676726519967e+01
9.77556300506318365e+01
9.79594307860535025e+01
9.91008989515781735e+01
9.93323767827809974e+01
1.00230997241873638e+02
1.00450583536417994e+02
1.00665399539785668e+02
1.00782155718145901e+02
1.01350109215836113e+02
1.01795501828127769e+02
1.01896007558506327e+02
1.02126651210343780e+02
1.02529137201408474e+02
1.02924223160636231e+02
1.03239846734669712e+02
1.03383331005682791e+02
1.04457284668120423e+02
1.04475129889050535e+02
1.04586130861390771e+02
1.04655008013148930e+02
1.05485986656251598e+02
1.05592091917497470e+02
1.06535676767957597e+02
1.06886727961813548e+02
1.06907738651235803e+02
1.06966805064862470e+02
1.06970933397409013e+02
1.07396320390396113e+02
1.07636226637059778e+02
1.07657809318994225e+02
1.07735884506031212e+02
1.08023739319372709e+02
1.08080237325318990e+02
1.08680837412686131e+02
1.09389258627264070e+02
1.09695481247340851e+02
1.10101950350680426e+02
1.10251426426358620e+02
1.10260506494800595e+02
1.10545814459475977e+02
1.12109199243179560e+02
1.12169899042257470e+02
1.12202451901138616e+02
1.12388745680694157e+02
1.12988759919103856e+02
1.13038426341277926e+02
1.13230372603584087e+02
1.13803905977918859e+02
1.14353852878860593e+02
1.14549143880660253e+02
1.14577675806489481e+02
1.14588544832014549e+02
1.14751025174799693e+02
1.15297727609097976e+02
1.15467446579348874e+02
1.16059130392612644e+02
1.16515160859983268e+02
1.17031794586241219e+02
1.17401303542383431e+02
1.17528179078208510e+02
1.18059175079990041e+02
1.18270185384465478e+02
1.18397628370452793e+02
1.18409335089853030e+02
1.18989702519912640e+02
1.19027176855511627e+02
1.19033483569938994e+02
1.19466361084573094e+02
1.19568667435432985e+02
1.19776184521887657e+02
1.20135960595092726e+02
1.20259899475150348e+02
1.20343794329336518e+02
1.20348227544801560e+02
1.20413195887272323e+02
1.20750610536900538e+02
1.21082307025538739e+02
1.21909574826232387e+02
1.22431723487751384e+02
1.23193428582998834e+02
1.23674215030224289e+02
1.23871136220522089e+02
1.24002547230991027e+02
1.24518765386335673e+02
1.24537852597368442e+02
1.24553067913439151e+02
1.25217352565772288e+02
1.25290027452896339e+02
1.25543315495000854e+02
1.26071307843430688e+02
1.26674859044214898e+02
1.26834355292650272e+02
1.26835185051773664e+02
1.27011703943289248e+02
1.27187434323263730e+02
1.27256143534784442e+02
1.28487997406333562e+02
1.29582984170034962e+02
1.29756189594490706e+02
1.30117394517734198e+02
1.30309758444656524e+02
1.30491280502815272e+02
1.30981681230121950e+02
1.31061198957251065e+02
1.31077825027322064e+02
1.31141305878567920e+02
1.31219092138957649e+02
1.31652727382247377e+02
1.31680269037891293e+02
1.31697893885276130e+02
1.31770496363435285e+02
1.31986694842827461e+02
1.32126237029896458e+02
1.32288566766299851e+02
1.32345888172157288e+02
1.33329465511821695e+02
1.33477405664570227e+02
1.33818091430033604e+02
1.33891812865489243e+02
1.34131186751422945e+02
1.34288090981317566e+02
1.34812855827583491e+02
1.34848578736434206e+02
1.34885937001534160e+02
1.35177404892442013e+02
1.35331463429675551e+02
1.35612810860972814e+02
1.35662769805511317e+02
1.36485928597262500e+02
1.36695458452879251e+02
1.36830347967335911e+02
1.37309259438415836e+02
1.37454069885958205e+02
1.37672844225995732e+02
1.38098787578895724e+02
1.38869826826580294e+02
1.38988340492449055e+02
1.39101004663618852e+02
1.39632802159488222e+02
1.40236430692720546e+02
1.40246981485874812e+02
1.40864809998844436e+02
1.41587401193833500e+02
1.41825937323980867e+02
1.41852121947225015e+02
1.42072785316049988e+02
1.42308778651243330e+02
1.42474736172692531e+02
1.42519795343208727e+02
1.42529924365934193e+02
1.43290928581754429e+02
1.44185018111522027e+02
1.44317610389317309e+02
1.44587974974939357e+02
1.44775451235221198e+02
1.44825713669887563e+02
1.44877674676275035e+02
1.44977246444355330e+02
1.44986268464332198e+02
1.45093066281161953e+02
1.45124644386589807e+02
1.45320920849720693e+02
1.45338687025841864e+02
1.45447263540145912e+02
1.45753320919253184e+02
1.46245557314724209e+02
1.46628483777779991e+02
1.46742806048026893e+02
1.47160945954717363e+02
1.47255240729666411e+02
1.47294558013855095e+02
1.47404221055892549e+02
1.48361347687719075e+02
1.48405563203308901e+02
1.48778734072389682e+02
1.48867924199246573e+02
1.49197138839728893e+02
1.49577047877567821e+02
1.49833312491177566e+02
1.51469075370733663e+02
1.51549550816526960e+02
1.52113703548351992e+02
1.52178732149257399e+02
1.52659686786862039e+02
1.52909548728961596e+02
1.52968152029632790e+02
1.53013375205897034e+02
1.53150090398055966e+02
1.53811968886398091e+02
1.53874382041611199e+02
1.54035929224836309e+02
1.54039960997392456e+02
1.54297229189877640e+02
1.54306526107313630e+02
1.54546199945854823e+02
1.54614259111254171e+02
1.54656682921581307e+02
1.55251391602514445e+02
1.55421198459638134e+02
1.55652618368644454e+02
1.56032290939975553e+02
1.56278210223212341e+02
1.56440732407133908e+02
1.56730990577480753e+02
1.56784695298096523e+02
1.57005054632977561e+02
1.57089606861814985e+02
1.57288271508324186e+02
1.57351218651263423e+02
1.58262736998322396e+02
1.58284790123016762e+02
1.58309504991695206e+02
1.58787550465395555e+02
1.58883937214350965e+02
1.58891010199874614e+02
1.59005895537782749e+02
1.59141297429101598e+02
1.59143355315881109e+02
1.59835141128053948e+02
1.60397309684662076e+02
1.60437993266268251e+02
1.60932049083171421e+02
1.60988987047889822e+02
1.61266632054970501e+02
1.61551962455137158e+02
1.61698730301059015e+02
1.61733631386191178e+02
1.61741547465597279e+02
1.61771644034832121e+02
1.62891881993657847e+02
1.63574971547922814e+02
1.64121262112850076e+02
1.64509396016540137e+02
1.64608076920178860e+02
1.64640207861855600e+02
1.65769204168406901e+02
1.65891802464297967e+02
1.66071446242621704e+02
1.66129382056724921e+02
1.66212629698635169e+02
1.66422774966216451e+02
1.66569456268940854e+02
1.67063056773732853e+02
1.67228097328430039e+02
1.67303591691031983e+02
1.67376131624621905e+02
1.67485972772874504e+02
1.67727857917879874e+02
1.67867192758187826e+02
1.67950909588396286e+02
1.68140072341306933e+02
1.68415601908201211e+02
1.68675121497782072e+02
1.68951946370715802e+02
1.69208629448131319e+02
1.69463792245747243e+02
1.69495812033875325e+02
1.69980007424182219e+02
1.70106030106882599e+02
1.70535436564843479e+02
1.71019429531296794e+02
1.71098760030039045e+02
1.71452561796511873e+02
1.71477870963508764e+02
1.72619103666162971e+02
1.72739436273781877e+02
1.73211124039533615e+02
1.73405877462971006e+02
1.73409053411645118e+02
1.73510339231307853e+02
1.73592892926146732e+02
1.73662330991693011e+02
1.73799235873753076e+02
1.73803756048424958e+02
1.73959256159467714e+02
1.74242191958157150e+02
1.74328801593124837e+02
1.74483935864443708e+02
1.74955752721029000e+02
1.75027102213045964e+02
1.75070403347058317e+02
1.75878469048768153e+02
1.75906928709553313e+02
1.75956874125595306e+02
1.76703522955851810e+02
1.76731781086377907e+02
1.76865545433667620e+02
1.76889998152059349e+02
1.78069472046833198e+02
1.78116818616804920e+02
1.78211914885814053e+02
1.78375965798158262e+02
1.78509421291893688e+02
1.78761590904343308e+02
1.79200487886130929e+02
1.79295063358170040e+02
1.79470514438446656e+02
1.79485783423456070e+02
1.79572977238614868e+02
1.79646239391360780e+02
1.79951652358603212e+02
1.80325040103338040e+02
1.80445747137003309e+02
1.80768169501477558e+02
1.81019288443448346e+02
1.81197947828199545e+02
1.81381277719706787e+02
1.81534739705129965e+02
1.81806352083202228e+02
1.81889324955143252e+02
1.82294518661773452e+02
1.82313534518191148e+02
1.82417759391992774e+02
1.83454571464830082e+02
1.83562813191723905e+02
1.83654302173061893e+02
1.84072557289474020e+02
1.84160574541405282e+02
1.84388134005607185e+02
1.84821543899461858e+02
1.84940203821476103e+02
1.84974667927835526e+02
1.85567674039140456e+02
1.86225078992164583e+02
1.86324602754964104e+02
1.86628965612749170e+02
1.86829657073662048e+02
1.87067925302477875e+02
1.87290887284020016e+02
1.87877613350985882e+02
1.87940325603209146e+02
1.87948055639459000e+02
1.88178859427667192e+02
1.88538417884050460e+02
1.88548199690426998e+02
1.88617583490882140e+02
1.88663872416689770e+02
1.88848280956753030e+02
1.88987353654150269e+02
1.89227152650278555e+02
1.89339414760369692e+02
1.89597697339851692e+02
1.89758601089227909e+02
1.89943534461272350e+02
1.90735850081925264e+02
1.90764655476062188e+02
1.90831413617620058e+02
1.91054283911078301e+02
1.91239195054694704e+02
1.92088319059779678e+02
1.92110853663815135e+02
1.92192918413846684e+02
1.92524736114727659e+02
1.92678359440229315e+02
1.92719166986997323e+02
1.93071573244315289e+02
1.93083872908194394e+02
1.93201058105048276e+02
1.93336736675740894e+02
1.93426701893064177e+02
1.94015067810289082e+02
1.94037838290239790e+02
1.94084456755917216e+02
1.94372157250465762e+02
1.94645206206412126e+02
1.94952697047705243e+02
1.95042122173466822e+02
1.95277928032033515e+02
1.95298211854093068e+02
1.95796618587112818e+02
1.95801636746934918e+02
1.96460901314184127e+02
1.96801549290007557e+02
1.97041996207923944e+02
1.97290662675098503e+02
1.97449924435213006e+02
1.97849176143220035e+02
1.97890607105865115e+02
1.97950635445643826e+02
1.98423243205875110e+02
1.98829751615201928e+02
1.98966671289234142e+02
1.99273900715864073e+02
1.99309702319349071e+02
1.99386351305141091e+02
1.99883952875885313e+02
2.00089275006418177e+02
2.00769457887279856e+02
2.01163072652318561e+02
2.01334036767677986e+02
2.01600229791199723e+02
2.02083254852443389e+02
2.02097024989594530e+02
2.02442739967152761e+02
2.02485641917042727e+02
2.02523964121756848e+02
2.02698555722234829e+02
2.02804000850736912e+02
2.03112325099804650e+02
2.03302395208875481e+02
2.03431421142563806e+02
2.03850009215372125e+02
2.03909107504194111e+02
2.03975904170178296e+02
2.04058972934916483e+02
2.04147503279469845e+02
2.04294539050559507e+02
2.04299239382509086e+02
2.04329471662301103e+02
2.04359827020229176e+02
2.04360970735548818e+02
2.04431351331353568e+02
2.05796617024446959e+02
2.05821691289169650e+02
2.06142527098864946e+02
2.06193577004930404e+02
2.06337078945182157e+02
2.06347981482785826e+02
2.06382198207300888e+02
2.07096194266055733e+02
2.07175112405339632e+02
2.07356622216457794e+02
2.07443397504007265e+02
2.07552822200118783e+02
2.07619209602019595e+02
2.08380449338027375e+02
2.08763869432624233e+02
2.08792107973761915e+02
2.08827889693269810e+02
2.09198550768432852e+02
2.09203182118194633e+02
2.09306831072193177e+02
2.09400706629498615e+02
2.09445297517175732e+02
2.09689713197069835e+02
2.09866671576052539e+02
2.09995142065669000e+02
2.10270665543327965e+02
2.11301553834463050e+02
2.11482682191834726e+02
2.11951138156700125e+02
2.12488390193947254e+02
2.12687547723731825e+02
2.12853513647624169e+02
2.12944212454612256e+02
2.12960926712276404e+02
2.13136123283088892e+02
2.13242205959775873e+02
2.13512173893619462e+02
2.13583836835464012e+02
2.13830964140737109e+02
2.14290698117222632e+02
2.14544820504518043e+02
2.15444554202682241e+02
2.15450658921163921e+02
2.15873081192316391e+02
2.15919039030856396e+02
2.15962577893018135e+02
2.16257087219342765e+02
2.16450026094120773e+02
2.16714432540122885e+02
2.16935024309935443e+02
2.17174476318005844e+02
2.17218199276630514e+02
2.17290129063981880e+02
2.17511408832652620e+02
2.17633377708339282e+02
2.17829035120186091e+02
2.17900482420723506e+02
2.18122959392604230e+02
2.18183006177563783e+02
2.18313580019290328e+02
2.18442260954061737e+02
2.18718812253980133e+02
2.19074242838079755e+02
2.19131016265475068e+02
2.19813517253061860e+02
2.20124430920104373e+02
2.20309774846716778e+02
2.20502510183966677e+02
2.20606833818194616e+02
2.20636589014647029e+02
2.20653576272083285e+02
2.20670152901203039e+02
2.20673343855566372e+02
2.20675210088283563e+02
2.20681881035798824e+02
2.20806000925106105e+02
2.20873340843346824e+02
2.20994701126174334e+02
2.21134860186485639e+02
2.21597860152809915e+02
2.22650017168429713e+02
2.22746384643111298e+02
2.22761767509537606e+02
2.23180024312321279e+02
2.23554244468944631e+02
2.23575504512845896e+02
2.24027438951750980e+02
2.24225296698260053e+02
2.24255552424192842e+02
2.24342437739526616e+02
2.24403239512008923e+02
2.24901658094034900e+02
2.25255863988341332e+02
2.25533055468713115e+02
2.25721854259760534e+02
2.26019612483159364e+02
2.26071516383970049e+02
2.26255012191010820e+02
2.26278812039489168e+02
2.26318999103764156e+02
2.26634346709904690e+02
2.27250953822967404e+02
2.27295214127492073e+02
2.27923596608611291e+02
2.28240342982333203e+02
2.28246135144709257e+02
2.28531951189110600e+02
2.28590532833190679e+02
2.28882196320461844e+02
2.28939104417047105e+02
2.28970442459282879e+02
2.29091950842997903e+02
2.29812728888272829e+02
2.29921992117438833e+02
2.29975072338825640e+02
2.30235870307954428e+02
2.30256212493067579e+02
2.30441665943637901e+02
2.30899557127634694e+02
2.31017432875420525e+02
2.31041510453830000e+02
2.31317091687263684e+02
2.31475709107368601e+02
2.32040880104676120e+02
2.32155494052823599e+02
2.32271287265605395e+02
2.32298585456222099e+02
2.32383575315586938e+02
2.32393682754238512e+02
2.32486817008139923e+02
2.32927105301793404e+02
2.33406983193190996e+02
2.33725646497316632e+02
2.33895633966976106e+02
2.34160870173180484e+02
2.34704759348365968e+02
2.34901267581944609e+02
2.34992267677806183e+02
2.35062290344770815e+02
2.35113231784789349e+02
2.35166019993902239e+02
2.35462716951153539e+02
2.35474057556251694e+02
2.35475208847569121e+02
2.35590751903370602e+02
2.36241027791935721e+02
2.36305787496980088e+02
2.36448816625135294e+02
2.36701885045606133e+02
2.37361574255455309e+02
2.37605009095450669e+02
2.37609282195541653e+02
2.37664699289624849e+02
2.37677656997902545e+02
2.37744669736658892e+02
2.38036664392055968e+02
2.38066229559904485e+02
2.38599951814742468e+02
2.38707339481868729e+02
2.39080176052641292e+02
2.39528569876263020e+02
2.39669444841716484e+02
2.39736091999336196e+02
2.40239428715192560e+02
2.40452872042212931e+02
2.40520186078863446e+02
2.40597043140445379e+02
2.40629583205832745e+02
2.40997466136061803e+02
2.41155599733881076e+02
2.41225276957978281e+02
2.41515624456993720e+02
2.41840140289758693e+02
2.41911667199012157e+02
2.41937531213902417e+02
2.41946773571941151e+02
2.42146828926135129e+02
2.42240080049575937e+02
2.42295728497183120e+02
2.42484117015410504e+02
2.42499906507211136e+02
2.42532704044364607e+02
2.42927954671093175e+02
2.43552099642088251e+02
2.43921514711372879e+02
2.43996443070576419e+02
2.44084861314403014e+02
2.44591635029564657e+02
2.44626668094874702e+02
2.44634180726367020e+02
2.44679662357081156e+02
2.44943320586082592e+02
2.45069483350489890e+02
2.45278297964287646e+02
2.45533696526792141e+02
2.45709014421690767e+02
2.46285643715534775e+02
2.46524285255810383e+02
2.46739524801220199e+02
2.47159840898876382e+02
2.47419030086525197e+02
2.47450023509577392e+02
2.47494045642377387e+02
2.47707728887074381e+02
2.47716839288611709e+02
2.47964971898301599e+02
2.48064665463742529e+02
2.48222832737930844e+02
2.48766081841702402e+02
2.48845025110355323e+02
2.49033375161164940e+02
2.49719201844436554e+02
2.49755378369384346e+02
2.49873614952071279e+02
2.50156508318134655e+02
2.50168665552700702e+02
2.50346359741782265e+02
2.50476956860211573e+02
2.50798753624322075e+02
2.50854668096494549e+02
2.50908246921421664e+02
2.50915445521701429e+02
2.51088752092831868e+02
2.51211118032335378e+02
2.51417616989359942e+02
2.52471600731982022e+02
2.52498201022195673e+02
2.53218396909442589e+02
2.53399898360924880e+02
2.53432390874150059e+02
2.54448767298824094e+02
2.54790970846754163e+02
2.55168006636639092e+02
2.55175866192015718e+02
2.55186678416521772e+02
2.55276207744689771e+02
2.55295699006289539e+02
2.55300088521048735e+02
2.55316442938522101e+02
2.55399275491614787e+02
2.55499973184299137e+02
2.55524001282010261e+02
2.55562834429407928e+02
2.55669582242519340e+02
2.55712926406645323e+02
2.55901520669138421e+02
2.56154609130928918e+02
2.56214893490135637e+02
2.56416907879260748e+02
2.56466239402049723e+02
2.56817600988791469e+02
2.56874181849283161e+02
2.57363858742832974e+02
2.57376822880341876e+02
2.57403248413188464e+02
2.57602068877950671e+02
2.57687299726773404e+02
2.57900686997280843e+02
2.57983592418463900e+02
2.58287671180579423e+02
2.58605413805295200e+02
2.58654453279778750e+02
2.58657354996709330e+02
2.59126053388011314e+02
2.59363109759742315e+02
2.59753882894781214e+02
2.59823959989900288e+02
2.59887505751436095e+02
2.59930415632651034e+02
2.60207817021832398e+02
2.60679764196317251e+02
2.60753943164460168e+02
2.60798732806225701e+02
2.61421023575568256e+02
2.61639538877127791e+02
2.61711965742168218e+02
2.61876282907459881e+02
2.62310696224802086e+02
2.62376759999540752e+02
2.62383367535599291e+02
2.62470272316769467e+02
2.62586447358731050e+02
2.63192448852252426e+02
2.63260909518263020e+02
2.63969424142606840e+02
2.64193157167750428e+02
2.64241149432327347e+02
2.64446957545267765e+02
2.64683814557502956e+02
2.65118629596243693e+02
2.65283354299789323e+02
2.65381732641296537e+02
2.65509948406404305e+02
2.65790853732095570e+02
2.65800260161097754e+02
2.65849328004586994e+02
2.65870510836442008e+02
2.66036854046244173e+02
2.66079422597173220e+02
2.66153656369868600e+02
2.66365075055414195e+02
2.66447752547088044e+02
2.67198038999623463e+02
2.67323611952022361e+02
2.67388359605852997e+02
2.67440355925160873e+02
2.67501414040725990e+02
2.67577272204433484e+02
2.68256950901388961e+02
2.68405230828037475e+02
2.68664510620616397e+02
2.68850706363126562e+02
2.68985765381207557e+02
2.69000965521596640e+02
2.69043394972105773e+02
2.69066705038842201e+02
2.69366420521230509e+02
2.69982960598794705e+02
2.70065415405886370e+02
2.70573805186378820e+02
2.70592796194363473e+02
2.70764010660850090e+02
2.70807878007460829e+02
2.71421054753904400e+02
2.72131277345033425e+02
2.72243924695791065e+02
2.72385229881380951e+02
2.72414695532071391e+02
2.72502364620478602e+02
2.72510494547925987e+02
2.72585866284989152e+02
2.72762142748502527e+02
2.72854829959681695e+02
2.72861682783346680e+02
2.72872156201054509e+02
2.73095183558746669e+02
2.73126807847601981e+02
2.73366591383865114e+02
2.73377128143380901e+02
2.73545067745479344e+02
2.73559927606147596e+02
2.73966031180673156e+02
2.74275445153279520e+02
2.74357126430999244e+02
2.74425489635905308e+02
2.74447321388306818e+02
2.74935165762246015e+02
2.74981530400874306e+02
2.75375876477788609e+02
2.75385921756675202e+02
2.75499999711969906e+02
2.75827243357808925e+02
2.75860752219998517e+02
2.75869681674215656e+02
2.75893613507055875e+02
2.76206301658803568e+02
2.76477631845259509e+02
2.76906290387417016e+02
2.76987009144822423e+02
2.77086803970118410e+02
2.77437525913631134e+02
2.77556576673505788e+02
2.77927282073529625e+02
2.77945933807537870e+02
2.78755976321993842e+02
2.78932337343235076e+02
2.79198519206473691e+02
2.79298114504525586e+02
2.79628942451528587e+02
2.79697023067424709e+02
2.80327211384944576e+02
2.80823704287763462e+02
2.80869796099984626e+02
2.80889716109800816e+02
2.80961924847016860e+02
2.81133082839306383e+02
2.81134742039115395e+02
2.81227963668006907e+02
2.81429827598833128e+02
2.81492972377541946e+02
2.82052887580435026e+02
2.82068372162077765e+02
2.82176287396714713e+02
2.82190681519090333e+02
2.82388552142186427e+02
2.82502200545802395e+02
2.82728508700190389e+02
2.82967491102495615e+02
2.83503121195784388e+02
2.83573980356762036e+02
2.83901798417920531e+02
2.84200332097401599e+02
2.84268577622245402e+02
2.84296885496425716e+02
2.84302915418268640e+02
2.84361433386364297e+02
2.84486985094926752e+02
2.84500369107766971e+02
2.84842858034827714e+02
2.84845685685479111e+02
2.85560096675903992e+02
2.85794126373786810e+02
2.85836619484337916e+02
2.86226964530343423e+02
2.86284780602133424e+02
2.86307800791036527e+02
2.86467339870665796e+02
2.86533728230978113e+02
2.86617651056533646e+02
2.86623310638765361e+02
2.86953569772233493e+02
2.87029087581662964e+02
2.87035108003678999e+02
2.87168991148589271e+02
2.87459411391633296e+02
2.88054433641001935e+02
2.88106023375485961e+02
2.88564664393787325e+02
2.88965549034856281e+02
2.88977304273294408e+02
2.88990808862931317e+02
2.89140011358183585e+02
2.89497725535722338e+02
2.89926457164358737e+02
2.90167212571532048e+02
2.90198995947914341e+02
2.90317701639309746e+02
2.90597709172901489e+02
2.90866287927984445e+02
2.91115024004453232e+02
2.91363089258378807e+02
2.91436402496816129e+02
2.91711356030999752e+02
2.91738393015718998e+02
2.91816548981322399e+02
2.91916945372085877e+02
2.92017851593463263e+02
2.92054967618175226e+02
2.92195011590751562e+02
2.92209585803834727e+02
2.92416102907311142e+02
2.92427942666389015e+02
2.92442314233810919e+02
2.92469228224994026e+02
2.92490568853619720e+02
2.92897192100951315e+02
2.92958454762411634e+02
2.93175374320144442e+02
2.93225781317523513e+02
2.93883199803855462e+02
2.93917428031647205e+02
2.93954256239599601e+02
2.94145351050927445e+02
2.94171507895773857e+02
2.94384646952260653e+02
2.95028622378312207e+02
2.95841235418783356e+02
2.95927489160733217e+02
2.96377633673960020e+02
2.96496465795608287e+02
2.96668696758912915e+02
2.96740763766152327e+02
2.96746430005490083e+02
2.96805200876409117e+02
2.96834106024989865e+02
2.97137172449688364e+02
2.97172071917379469e+02
2.97413325530065833e+02
2.97750497718824704e+02
2.97833850847413089e+02
2.98271142996176820e+02
2.98637803421041951e+02
2.98675978694797493e+02
2.98925126984139126e+02
2.98934212976240417e+02
2.98946839365957146e+02
2.98983151063767764e+02
2.99129923723985655e+02
2.99134706911719491e+02
2.99253788760723694e+02
2.99557115763746822e+02
3.00067139240354891e+02
3.00172042808148831e+02
3.00195279678305042e+02
3.00656218119420203e+02
3.00849122134900142e+02
3.01099622582742711e+02
3.01144858515919850e+02
3.01550527208136259e+02
3.01887283933893855e+02
3.02038218528092386e+02
3.02098672586883708e+02
3.02118917934472847e+02
3.02140750792793085e+02
3.02157009246327391e+02
3.02243935032793445e+02
3.02344433307266115e+02
3.02384639915137484e+02
3.02607532398670799e+02
3.02626767653296554e+02
3.02766039941868030e+02
3.03122215412581511e+02
3.03460314200497294e+02
3.03765595548813565e+02
3.03876914330557156e+02
3.04198933069081818e+02
3.04480378688063126e+02
3.04738722549055183e+02
3.04935126027809019e+02
3.05166125576538434e+02
3.05443674000446151e+02
3.05598899819376015e+02
3.05737387318498577e+02
3.05758337695199714e+02
3.05865675780789104e+02
3.05954224301205443e+02
3.06266063896229753e+02
3.06282256411745607e+02
3.06321931233593773e+02
3.06381764654355720e+02
3.06433940205069121e+02
3.07204273921700519e+02
3.07509918008775458e+02
3.07800068014024930e+02
3.07818500176954444e+02
3.08008979595822154e+02
3.08182250319347304e+02
3.08351658824332901e+02
3.08472016215460258e+02
3.08577747219520631e+02
3.08998909669570708e+02
3.09012515432723944e+02
3.09201448016895426e+02
3.09242536615032122e+02
3.09315166404440447e+02
3.09458382465391082e+02
3.09674119011823848e+02
3.09716335967883197e+02
3.09783615465154355e+02
3.09853290048445388e+02
3.10125154273773092e+02
3.10152293200271117e+02
3.10443859865412151e+02
3.11092230109741422e+02
3.11114860138408972e+02
3.11476036292387619e+02
3.11663653905476394e+02
3.11681119430771275e+02
3.11842365113649407e+02
3.11962154516231067e+02
3.11985452647580473e+02
3.12202860068178381e+02
3.12534341772334642e+02
3.13320002892210880e+02
3.13366223575400340e+02
3.13785140677062316e+02
3.14116649434467718e+02
3.14448279613240288e+02
3.14521344390435274e+02
3.14533816581167912e+02
3.14609438761894921e+02
3.14618592685406270e+02
3.14735233336071133e+02
3.14771832036585977e+02
3.14928711555010580e+02
3.15207979462860919e+02
3.15388153595540473e+02
3.15651051715871461e+02
3.15660324158501680e+02
3.15702713964419956e+02
3.15780327254892256e+02
3.16138832965131883e+02
3.16244594439693515e+02
3.16363838112928818e+02
3.16412208717483338e+02
3.16533028005143251e+02
3.16576558140264751e+02
3.16737595370382905e+02
3.16747541232032347e+02
3.17011187949330520e+02
3.17129028012525339e+02
3.17331924649083817e+02
3.17391929428679475e+02
3.17478417531084972e+02
3.17785923984998135e+02
3.18138068040184123e+02
3.18201747948010620e+02
3.18749557453085288e+02
3.19316753938990985e+02
3.19548976239513820e+02
3.19574740930228870e+02
3.19583447511993086e+02
3.19663847496431174e+02
3.19733073875204468e+02
3.19861618998194956e+02
3.20085964807248558e+02
3.20324044974073729e+02
3.20403906852500540e+02
3.20532045766346357e+02
3.20707405786427330e+02
3.20757078579768176e+02
3.21068061816622276e+02
3.21271426386746896e+02
3.21402091215526809e+02
3.21423673096873756e+02
3.21443534284361476e+02
3.21851541145139663e+02
3.22004086963122290e+02
3.22053658061167255e+02
3.22351922251010137e+02
3.22399496866321556e+02
3.22920695040385056e+02
3.23130342166164723e+02
3.23166164306981216e+02
3.23172814429556865e+02
3.23260768655242714e+02
3.23574539870120930e+02
3.23679496520448879e+02
3.24229854231319848e+02
3.24325357323459798e+02
3.24344691061560354e+02
3.24525796157910293e+02
3.24647669901617746e+02
3.24990797190730518e+02
3.25310575184715503e+02
3.25325521806952054e+02
3.25643291097048632e+02
3.25654706170195425e+02
3.25729960933378834e+02
3.25857143915383290e+02
3.26131938635493611e+02
3.26307871116441902e+02
3.26399825589853947e+02
3.26773502490779038e+02
3.26795462799484426e+02
3.26813476440567626e+02
3.27470373049709053e+02
3.27535564296879897e+02
3.27596746618999475e+02
3.27617806943216351e+02
3.27657969445496974e+02
3.27777288819192393e+02
3.27804786269061765e+02
3.27984753658217471e+02
3.28326381904789912e+02
3.28382653994072484e+02
3.28419505079002533e+02
3.28524727243823122e+02
3.28677798467303262e+02
3.29017342872458414e+02
3.29120814543515564e+02
3.29811482499590682e+02
3.29873368374275685e+02
3.29999406866333970e+02
3.30193284980037106e+02
3.30636389656731126e+02
3.31104240569612728e+02
3.31142493409020744e+02
3.31204922307710547e+02
3.31296940390342854e+02
3.31322083161008663e+02
3.31759555262056210e+02
3.31815183598577221e+02
3.32128192346674780e+02
3.32170399662062664e+02
3.32999053409339126e+02
3.33011768606606097e+02
3.33036275620410379e+02
3.33060016141282745e+02
3.33091242408235360e+02
3.33123180086581726e+02
3.33220940088025486e+02
3.33285741971905225e+02
3.33548096227382359e+02
3.33591347575269936e+02
3.33825053924543340e+02
3.33898528661037687e+02
3.33911322867421006e+02
3.34813404023321993e+02
3.34840750242272520e+02
3.34976084767105078e+02
3.35178508283210419e+02
3.35271018604815765e+02
3.35498005772433885e+02
3.35511027371511489e+02
3.35560557438199453e+02
3.35773194057908825e+02
3.35840267149431213e+02
3.35860955659164119e+02
3.36061432601424826e+02
3.36246001396620727e+02
3.36325546374887381e+02
3.36381298398343858e+02
3.36588836643103036e+02
3.36626636655645086e+02
3.36726551658661492e+02
3.36808187804065142e+02
3.36955128850572976e+02
3.37062474197785207e+02
3.37154125799590986e+02
3.37167506198742274e+02
3.37206013578650982e+02
3.37427825260791451e+02
3.38229184271953841e+02
3.38969408495305800e+02
3.39194580300038922e+02
3.39274739429986653e+02
3.39300288893476591e+02
3.39364306881962420e+02
3.39422502289094098e+02
3.39482034070757607e+02
3.39500301462605478e+02
3.39554967155975476e+02
3.39607616083630433e+02
3.39731571443748294e+02
3.40051354031558219e+02
3.40080916757282750e+02
3.40136867594640250e+02
3.40509084879611066e+02
3.40813617636126139e+02
3.40886231057790098e+02
3.41258275587245180e+02
3.41272370831636636e+02
3.41400808998077196e+02
3.41538727508928332e+02
3.41913943485100503e+02
3.42320227003410764e+02
3.42352762797728644e+02
3.42406161515547581e+02
3.42933677638087545e+02
3.43126356712777977e+02
3.43180140272666222e+02
3.43613127717568602e+02
3.44411095145024490e+02
3.44643459697852620e+02
3.44833091205725395e+02
3.45310733987098388e+02
3.45489879115194810e+02
3.45554665630821546e+02
3.45802181092937701e+02
3.45815167567568665e+02
3.46109179660295467e+02
3.46159518945766763e+02
3.46249727168286029e+02
3.46256516923581046e+02
3.46276588996477926e+02
3.46362365524067286e+02
3.46400014867156926e+02
3.46432246894792286e+02
3.46565947477391376e+02
3.46976696399420177e+02
3.47039210448391543e+02
3.47145298138586497e+02
3.47179901100117206e+02
3.47233127526606324e+02
3.47334270794596080e+02
3.47517449697001439e+02
3.47620412494020457e+02
3.47655661398086806e+02
3.47975368266513556e+02
3.47983165291094735e+02
3.48262437948211868e+02
3.48561536663395032e+02
3.48603675640877327e+02
3.48712359629294724e+02
3.48740552998703265e+02
3.48860229105342910e+02
3.48892204403970140e+02
3.49113145082989433e+02
3.49559497601879571e+02
3.49577808516080324e+02
3.49649855337837494e+02
3.50065229008754557e+02
3.50152528107532191e+02
3.50225537799395056e+02
3.50659254653356015e+02
3.50716092845368394e+02
3.51066392066008859e+02
3.51136721470610723e+02
3.51376665407218184e+02
3.51419154804013033e+02
3.51696235283494616e+02
3.51734437102440438e+02
3.52090042373699987e+02
3.52107608743724370e+02
3.52234956281315988e+02
3.52282455334148835e+02
3.52428803499642243e+02
3.52539675062453057e+02
3.52567390285393003e+02
3.52943307395992520e+02
3.53007912490332501e+02
3.53149247287160449e+02
3.53572867768960862e+02
3.53576222887195229e+02
3.53709375686046997e+02
3.53857241626988866e+02
3.54160145210136761e+02
3.54213562790602055e+02
3.54433623200436500e+02
3.54581557466277843e+02
3.54628765083315898e+02
3.54730861680518728e+02
3.54896604785722332e+02
3.55107182404629327e+02
3.55446020386188877e+02
3.55451651798396711e+02
3.55504190288936684e+02
3.56012910542903171e+02
3.56322541349250002e+02
3.56341043908430322e+02
3.56502301288504214e+02
3.56512222963026090e+02
3.56541386770097120e+02
3.56571963833678637e+02
3.56646261682031877e+02
3.56785813691604119e+02
3.56855248433603379e+02
3.56869211848727332e+02
3.56963291874562913e+02
3.57073159795823472e+02
3.57367554742186996e+02
3.57590570296575208e+02
3.57671176419154335e+02
3.58146553824229557e+02
3.58161429574157410e+02
3.58387352963758360e+02
3.58578835721389339e+02
3.58586511854325124e+02
3.58764648727814802e+02
3.58778464281942775e+02
3.59017116603626505e+02
3.59334405630261983e+02
3.59401456458517714e+02
3.59990798207230284e+02
3.60034819209299769e+02
3.60058516846843304e+02
3.60256915349557914e+02
3.60285778201889912e+02
3.60486972599826345e+02
3.60850528702217559e+02
3.61249011105007810e+02
3.61325600380602623e+02
3.61351012702991113e+02
3.61641414234762806e+02
3.61760941794746429e+02
3.61899950704150399e+02
3.62391404914277359e+02
3.62481875333179801e+02
3.62672925451605920e+02
3.62818345412730878e+02
3.63710286684896630e+02
3.63740480816474189e+02
3.63892138289820593e+02
3.63920519553731879e+02
3.63952614609017189e+02
3.64010220237592705e+02
3.64578038788664117e+02
3.64737959890761601e+02
3.65440143201405476e+02
3.65577208123357252e+02
3.65606519236758913e+02
3.65872789770379541e+02
3.65974835353101128e+02
3.66274174527690263e+02
3.66698194880699248e+02
3.66784275120983125e+02
3.66999392433653099e+02
3.67070297820491533e+02
3.67108927994442183e+02
3.67229885593702249e+02
3.67239316726333186e+02
3.67300231725784215e+02
3.67323852180283438e+02
3.67355302413561390e+02
3.67384241821060243e+02
3.67657086368938280e+02
3.67739002823071587e+02
3.67800929084503196e+02
3.67821266867603583e+02
3.67852010156215499e+02
3.68297867186217672e+02
3.68335501673226588e+02
3.68658777910986146e+02
3.68694499875453005e+02
3.68729007974537183e+02
3.68840338603249336e+02
3.68851304340482557e+02
3.69081219169211693e+02
3.69592978914075900e+02
3.69807004816966810e+02
3.69847946523328005e+02
3.69871803870822646e+02
3.69890911493462113e+02
3.69942787241140309e+02
3.70142003120639458e+02
3.70218435584637518e+02
3.70702008461250102e+02
3.70845080777714543e+02
3.70984327476758324e+02
3.71131205073342585e+02
3.71334421741638835e+02
3.71469653482783144e+02
3.71651672072752604e+02
3.71733630736868349e+02
3.72029560397440434e+02
3.72138103197457326e+02
3.72166899725042072e+02
3.72182576659717768e+02
3.72267836066659697e+02
3.72352228156386275e+02
3.72371972114169296e+02
3.72388377925381576e+02
3.72903146449092617e+02
3.73493238215578685e+02
3.73593739069691821e+02
3.73728534791679863e+02
3.73951852784825121e+02
3.73994976474991461e+02
3.74347712857799422e+02
3.74377831081400927e+02
3.74408574850799994e+02
3.74456592392129210e+02
3.74466884989405571e+02
3.74657228104824867e+02
3.74700390937885857e+02
3.75009060591088996e+02
3.75066381238005135e+02
3.75141955253266588e+02
3.75295022207662612e+02
3.75342672956051786e+02
3.75448501029950592e+02
3.76105054817762039e+02
3.76160315777082076e+02
3.76169861314603281e+02
3.76524864634747416e+02
3.76586782481876924e+02
3.76638044475545712e+02
3.76860893695294976e+02
3.77047189672556328e+02
3.77289220158664932e+02
3.77303386579169171e+02
3.77356488450146855e+02
3.77583442482716293e+02
3.77736130643373485e+02
3.78048510520776176e+02
3.78193167299769129e+02
3.78625288404479704e+02
3.78711621274435515e+02
3.78777682476946609e+02
3.78905937865467934e+02
3.78960047054384063e+02
3.79190067696273331e+02
3.79495861852477958e+02
3.79539634026516580e+02
3.79545697087098461e+02
3.79729097496135012e+02
3.79746532273529795e+02
3.79754992812311400e+02
3.79810561407479724e+02
3.79831453020806180e+02
3.79880195351012446e+02
3.79972073296445672e+02
3.80056061002959211e+02
3.80374647704100994e+02
3.80614839818840323e+02
3.80894919908495694e+02
3.80907364822204954e+02
3.81248807216858097e+02
3.81323295211528261e+02
3.82212865620690309e+02
3.82329998675185720e+02
3.82337482341236864e+02
3.82414783374964941e+02
3.82599359631730920e+02
3.82633220002321934e+02
3.82683865818575498e+02
3.82703107657112241e+02
3.82741045496028391e+02
3.83716053033723711e+02
3.83813440162380857e+02
3.84261149384897010e+02
3.84571098238419211e+02
3.84592339252290230e+02
3.84828782809737788e+02
3.85356200895377583e+02
3.85445040346025166e+02
3.85454761430623535e+02
3.85469144783492141e+02
3.85597868566080251e+02
3.85655255841265841e+02
3.85661141245858971e+02
3.85698442944538328e+02
3.85939231352655668e+02
3.86086607378036263e+02
3.86153938694974840e+02
3.86164440513710701e+02
3.86316501596779176e+02
3.86615844367882403e+02
3.86761601282733182e+02
3.87051782540593194e+02
3.87105584341531369e+02
3.87215916530878587e+02
3.87397449930365838e+02
3.87905328046020998e+02
3.88088185217376463e+02
3.88224377601037759e+02
3.88435258447222907e+02
3.88475027107039637e+02
3.88980157235165336e+02
3.89077528091672207e+02
3.89209246238462640e+02
3.89279120263310745e+02
3.89311944369613229e+02
3.89334300580401305e+02
3.89337039522305417e+02
3.89348233558202026e+02
3.89373178711092976e+02
3.89678388652552826e+02
3.89888440318162225e+02
3.89955668820228141e+02
3.90036184357353875e+02
3.90977143510293217e+02
3.91242225705211524e+02
3.91287569078252261e+02
3.91293623933558138e+02
3.91618228876367027e+02
3.91647409139026990e+02
3.91875970942479796e+02
3.91884559942713793e+02
3.91987643531951051e+02
3.92398147820966358e+02
3.92401641446850704e+02
3.92444425916950934e+02
3.92501959126818804e+02
3.92786128855146046e+02
3.92815600606764519e+02
3.92992318286307011e+02
3.92999379859384248e+02
3.93584715727084813e+02
3.94013100545266582e+02
3.94018060993469362e+02
3.94049163482115034e+02
3.94084956614133660e+02
3.94118237379844629e+02
3.94170908140852703e+02
3.94484510971345173e+02
3.94495542749995934e+02
3.94531280854351451e+02
3.94553071128065199e+02
3.94595653260015752e+02
3.95263151138633418e+02
3.95363873529617763e+02
3.95382906464329210e+02
3.95608740732213846e+02
3.95787948568447803e+02
3.95848792560800689e+02
3.96042058515572194e+02
3.96051079393165480e+02
3.96071490813297316e+02
3.96236439279922763e+02
3.96325701204437792e+02
3.96393208830359697e+02
3.96471253434379094e+02
3.96543094102924726e+02
3.96554219127234660e+02
3.96668916849137361e+02
3.96816203949826445e+02
3.97212954675014430e+02
3.97685932213754995e+02
3.97937709859665915e+02
3.98168463504908175e+02
3.98192420401275569e+02
3.98212398769489084e+02
3.98249505093631626e+02
3.98355244336593842e+02
3.98395905189984717e+02
3.98441181115946222e+02
3.98581553373140196e+02
3.98881653569300397e+02
3.99222842294384009e+02
3.99298358403626253e+02
3.99560462632995268e+02
3.99578190984014100e+02
3.99611196462895123e+02
3.99684940824906334e+02
3.99715077493849321e+02
3.99775190881979370e+02
3.99812100237256629e+02
3.99903182446366031e+02
4.00155375069745048e+02
4.00185078546766363e+02
4.00837358223489957e+02
4.01082650443337968e+02
4.01179653485027075e+02
4.01226049262048321e+02
4.01237630517121829e+02
4.01278271201916823e+02
4.01365154801463518e+02
4.01477206955114355e+02
4.01644618342673311e+02
4.01745404329830819e+02
4.02725929383882203e+02
4.02968841967107892e+02
4.03473694141517115e+02
4.03514024773399967e+02
4.03570907864780679e+02
4.04134681473949058e+02
4.04642927379205105e+02
4.04704050544277777e+02
4.04726046558876760e+02
4.04775503900846161e+02
4.04786820659508976e+02
4.04875307233106753e+02
4.05163788744746114e+02
4.05333365338966018e+02
4.05562977664271443e+02
4.05615452267071475e+02
4.05723342909039673e+02
4.06058027588686627e+02
4.06105376909600466e+02
4.06160842745445166e+02
4.06369113740987473e+02
4.06388951730209044e+02
4.06665733515809734e+02
4.06706832617063412e+02
4.06766067536711603e+02
4.06872086666584835e+02
4.06934345526064646e+02
4.06937056692957071e+02
4.07332638414418852e+02
4.07487716951996845e+02
4.07692921055964860e+02
4.07837636548066598e+02
4.08084084787633572e+02
4.08356489287956776e+02
4.08775862010450851e+02
4.08988727276980853e+02
4.09007582638314659e+02
4.09078773296735221e+02
4.09123226178231050e+02
4.09251285984991796e+02
4.09285846340259184e+02
4.09461344401324425e+02
4.09502971217761001e+02
4.09521429363108382e+02
4.09558473335533449e+02
4.09981085128219320e+02
4.10075210062534211e+02
4.10649943235047147e+02
4.10768324574309020e+02
4.10799364323690213e+02
4.10868708717526488e+02
4.10993333531792075e+02
4.11101392707907848e+02
4.11132882116079713e+02
4.11572480442647645e+02
4.11711155853595130e+02
4.11735443074948762e+02
4.11934115256418693e+02
4.12003017087215369e+02
4.12086671929120030e+02
4.12212317170446227e+02
4.12282422992403951e+02
4.13050224424951580e+02
4.13078053830544775e+02
4.13257048432536749e+02
4.13734175640154263e+02
4.13783068577831443e+02
4.13983650953948427e+02
4.14159539032507325e+02
4.14204733988661076e+02
4.14218765483925210e+02
4.14336641333923865e+02
4.14398938173268277e+02
4.14723555884162806e+02
4.14759460985299597e+02
4.15003718711186025e+02
4.15092226212212438e+02
4.15127253876033649e+02
4.15365946408003424e+02
4.15439930814444040e+02
4.15596235289026936e+02
4.15680284802153210e+02
4.15691639490353623e+02
4.15822976143919391e+02
4.15871619177414516e+02
4.15988052331263134e+02
4.16020237788762472e+02
4.16069157597090793e+02
4.16199837637277824e+02
4.16793552479911000e+02
4.16798780981752941e+02
4.16840892451044226e+02
4.16892925750451639e+02
4.17027238619951106e+02
4.17069950430090614e+02
4.17254067197873326e+02
4.17385211855848695e+02
4.17394157262749786e+02
4.17420217376665278e+02
4.17744439544558361e+02
4.17842753777252881e+02
4.17993659198465821e+02
4.18060726831900752e+02
4.18158521873775385e+02
4.18254761081688230e+02
4.18376389059733299e+02
4.18552424622070987e+02
4.18797682351246124e+02
4.18831467818253827e+02
4.18956318642185011e+02
4.19145074651427478e+02
4.19307567243463211e+02
4.19386589139105070e+02
4.19475087541118228e+02
4.19614668694473380e+02
4.19755047496811017e+02
4.19828041237322111e+02
4.20128472957917893e+02
4.20420137786558598e+02
4.20472400862760765e+02
4.20566001093331067e+02
4.20620040876793325e+02
4.20646885448495766e+02
4.20766016669450835e+02
4.20938049342893066e+02
4.21002376817543279e+02
4.21254743975038423e+02
4.21304336907025800e+02
4.21513621386589364e+02
4.21562300513157027e+02
4.21662782175034067e+02
4.22001907825463547e+02
4.22414923919453940e+02
4.22588539535219581e+02
4.22626722369196671e+02
4.22647558401644460e+02
4.23232830735922164e+02
4.23265250659586172e+02
4.23335239057765079e+02
4.23527661727861528e+02
4.24474117513446686e+02
4.24717497443670311e+02
4.24758679462718078e+02
4.24768650527795728e+02
4.24903494135941855e+02
4.24924104686220687e+02
4.25006657853874856e+02
4.25323236968778019e+02
4.25357168381293889e+02
4.25526437014643534e+02
4.25558640300731327e+02
4.26291965293962903e+02
4.26355402116171149e+02
4.26449421183101776e+02
4.26613198684266763e+02
4.26648441531138985e+02
4.26833966774205749e+02
4.27428429993425482e+02
4.27433004272117671e+02
4.27592136772916263e+02
4.27597076423884232e+02
4.27836562185412731e+02
4.27863861454484038e+02
4.27918077231339737e+02
4.27951876630823506e+02
4.28160188961346933e+02
4.28220699796262238e+02
4.28252679363878201e+02
4.28299819061596736e+02
4.28351317707670887e+02
4.29184108933401376e+02
4.29223831750106967e+02
4.29586897179843163e+02
4.29641056520481641e+02
4.29662677971192579e+02
4.29707476881619925e+02
4.29781553983047957e+02
4.30303991566150614e+02
4.30344278887064490e+02
4.30355770300364725e+02
4.30408005806614142e+02
4.30518176439058664e+02
4.30911325474485068e+02
4.31089491073754857e+02
4.31151594007918447e+02
4.31747213054962060e+02
4.31890347166764457e+02
4.32354624506788468e+02
4.32430196173802983e+02
4.32446175786011565e+02
4.32548934851845218e+02
4.32556097036845074e+02
4.32580868736495802e+02
4.32598109325060818e+02
4.32788129110352941e+02
4.32816490166741460e+02
4.32987473074983029e+02
4.33016820515926497e+02
4.33326157305788854e+02
4.33439702347114235e+02
4.33488726305404896e+02
4.33804345351493112e+02
4.33913574991982728e+02
4.34015991329608369e+02
4.34025990247241225e+02
4.34074506237646631e+02
4.34241154646803011e+02
4.34492177618988705e+02
4.34655861233224300e+02
4.34867603524540584e+02
4.35306168968983286e+02
4.35394173153771931e+02
4.35446054260840299e+02
4.35636102529081711e+02
4.35735660452832406e+02
4.35785005268707550e+02
4.35857094016376948e+02
4.35892247846410385e+02
4.36317953527454563e+02
4.36334948978165585e+02
4.36445380877110722e+02
4.36548058217857658e+02
4.36823981911954206e+02
4.36943438556197805e+02
4.37002779246420630e+02
4.37134180147867369e+02
4.37198806388758328e+02
4.37243810200177904e+02
4.37435837511319335e+02
4.37730425380276984e+02
4.37773164361364081e+02
4.37940836951254482e+02
4.38216407748076335e+02
4.38730366334787732e+02
4.39038624494384067e+02
4.39145490930435187e+02
4.39165086483798177e+02
4.39256934487606884e+02
4.39313175544810520e+02
4.39687174252003047e+02
4.39756034822010577e+02
4.39844817910879954e+02
4.39888492845422263e+02
4.40313450756500970e+02
4.40385304061561669e+02
4.40687239791582044e+02
4.40858625974893187e+02
4.40954028368207389e+02
4.40989318390636640e+02
4.41017217570522689e+02
4.41094976103595684e+02
4.41184408506240118e+02
4.41429471748923561e+02
4.41472010966329890e+02
4.41553944052942086e+02
4.41802499864248318e+02
4.41914040207038340e+02
4.42064238524283553e+02
4.42190520215060246e+02
4.42214299262302291e+02
4.42224090162269931e+02
4.42306032390807673e+02
4.42452425127607455e+02
4.42500471732521760e+02
4.42548219942172807e+02
4.42796089825741149e+02
4.42950664664346391e+02
4.43061133151104514e+02
4.43143194636913449e+02
4.43593775989983840e+02
4.43691431615521253e+02
4.43966848845194136e+02
4.44043894031940738e+02
4.44157123521510186e+02
4.44320724790476447e+02
4.44454963312205336e+02
4.44701619940223793e+02
4.44953501004188638e+02
4.45100282488535868e+02
4.45148394304677424e+02
4.45210018534168796e+02
4.45347048456998607e+02
4.45405101697310101e+02
4.45433601841851896e+02
4.45530736342514444e+02
4.45879160019549659e+02
4.45953072598660128e+02
4.46050849562404551e+02
4.46097087987064981e+02
4.46144048734392470e+02
4.46165231650337262e+02
4.46335545457085743e+02
4.46490520028686547e+02
4.46624020407931766e+02
4.46761224778280507e+02
4.47276475819847064e+02
4.47866078301071695e+02
4.47886011580661886e+02
4.48246565225640268e+02
4.48393269333013677e+02
4.48608050038553415e+02
4.48692961823522978e+02
4.48949322520293151e+02
4.48964831295965041e+02
4.49010662471963428e+02
4.49145227930010208e+02
