5.27285018702279729e+00
7.85854694017625555e+00
1.00080336757334027e+01
1.11664309257070951e+01
1.33578684600197377e+01
1.43293023570160489e+01
1.52300438413809154e+01
1.66955250101446353e+01
1.73749456550227990e+01
1.81780394792655393e+01
2.00647428091282052e+01
2.09102643827563881e+01
2.09378998748790295e+01
2.20820568615089599e+01
2.26836932445793877e+01
2.53263121144477950e+01
2.54916787991263085e+01
2.56714100521166699e+01
2.57913742915596451e+01
2.74912706416812966e+01
2.78758769956527033e+01
2.85015131271557998e+01
2.92351565670754852e+01
3.04230246175392089e+01
3.06759466492324719e+01
3.13703062146710643e+01
3.20382063426197092e+01
3.36059784273839668e+01
3.37332979496023171e+01
3.37763057129596618e+01
3.45549691022714569e+01
3.58604475009081227e+01
3.61753833199450341e+01
3.65118151824327413e+01
3.73862433976450390e+01
3.76776030764331722e+01
3.91411993191423946e+01
3.92434306835399553e+01
3.96051349518271749e+01
4.03994943938313824e+01
4.04228769146191595e+01
4.04998569451873252e+01
4.18418652541036238e+01
4.26075886150282841e+01
4.30147754887901144e+01
4.33202383780477973e+01
4.47451951134146171e+01
4.53563049197416888e+01
4.61429603298213422e+01
4.69459110720507908e+01
4.70909071077118782e+01
4.76174446850932540e+01
4.77532608249404831e+01
4.79335730650317871e+01
4.79998867780125238e+01
4.82208299333431043e+01
4.84698286062308554e+01
4.97405040907067288e+01
4.98792265947299924e+01
5.01950498254422968e+01
5.09576292170587735e+01
5.20897342621800874e+01
5.26073020343377209e+01
5.33689114272975971e+01
5.42462034887253139e+01
5.43470009969295091e+01
5.46938664990120031e+01
5.50774996651181254e+01
5.54120341742854237e+01
5.57648021596448231e+01
5.58386254312356130e+01
5.61263199245244593e+01
5.70834181474717752e+01
5.75915127782804177e+01
5.78770118482568350e+01
5.80582584168314000e+01
5.87529954667591596e+01
5.94622602850652271e+01
6.04529952709419192e+01
6.12969185158213463e+01
6.13017215998984781e+01
6.15045372300940372e+01
6.20107762052246372e+01
6.22857361786689765e+01
6.22979610952973957e+01
6.25713677135549062e+01
6.37450263898260161e+01
6.43526716404698078e+01
6.45025032886782554e+01
6.46498184820514012e+01
6.49501013001363532e+01
6.49874973876472950e+01
6.54129939633687485e+01
6.60734997463793263e+01
6.61746055219098963e+01
6.66056739373809279e+01
6.74904333642497818e+01
6.79520117130398091e+01
6.94141421891936972e+01
6.99566638201538495e+01
6.99698619489481501e+01
7.00120267901112356e+01
7.07196439975160018e+01
7.08383369279913211e+01
7.09250391925037178e+01
7.15572903336737340e+01
7.16822093692599509e+01
7.20837684086232571e+01
7.24264664971261709e+01
7.34934838515620754e+01
7.35819527425956892e+01
7.40123595505515652e+01
7.41735403504015807e+01
7.41922814550844976e+01
7.45031408116463467e+01
7.48634612934684611e+01
7.54998940054449577e+01
7.58349868446767204e+01
7.60759385905632968e+01
7.61888489629775592e+01
7.79659325148003575e+01
7.79942418448565746e+01
7.83537749164931512e+01
7.85889051624364185e+01
7.93462143322031750e+01
7.93915764235544401e+01
7.95379133309299249e+01
7.96127596812990816e+01
7.97165908570101607e+01
8.02842742444080386e+01
8.04275256582353251e+01
8.12380140290458144e+01
8.18235308785378237e+01
8.23988870077034790e+01
8.25870045543011599e+01
8.27251516120772123e+01
8.32075571550282262e+01
8.43887791738943491e+01
8.44706178640182799e+01
8.46603326733343806e+01
8.48428873536093562e+01
8.50916903243759606e+01
8.55706387997458222e+01
8.55730958144507383e+01
8.57406508240426177e+01
8.60988132228319643e+01
8.65159799380054721e+01
8.72619283816541298e+01
8.73377651420253471e+01
8.78844416184647343e+01
8.79343241788410523e+01
8.82830934421524063e+01
8.83747630367382868e+01
8.90395566150202598e+01
8.93985707262918936e+01
8.94791022028042704e+01
9.03858496621833183e+01
9.13459512496203843e+01
9.18132621923628847e+01
9.18772288638786705e+01
9.19496485175795897e+01
9.21805284654548558e+01
9.24830158488823031e+01
9.26539497066785600e+01
9.38125994517663031e+01
9.42701421254537451e+01
9.49223295490617431e+01
9.51149707323916971e+01
9.52674791520609290e+01
9.53368324486754801e+01
9.54479472924643630e+01
9.56472002581245135e+01
9.56845167517816719e+01
9.60313547848706577e+01
9.63148014382914965e+01
9.63949292101649746e+01
9.69775007667907971e+01
9.70861277072107924e+01
9.72324490153737173e+01
9.75842575720995882e+01
9.76749301331245192e+01
9.78727136546607426e+01
9.90105270725582756e+01
9.92364362996558071e+01
1.00144499572951020e+02
1.00360243036323908e+02
1.00569865035912471e+02
1.00698017544795462e+02
1.01254409083372295e+02
1.01704440207998772e+02
1.01799569705818143e+02
1.02029259972357025e+02
1.02434849160271526e+02
1.02818276445082546e+02
1.03148710840029821e+02
1.03286328606736745e+02
1.04360297871886957e+02
1.04373678034785016e+02
1.04481948083043903e+02
1.04544761664621291e+02
1.05382854780913291e+02
1.05484230416213762e+02
1.06428451131874667e+02
1.06778364853144794e+02
1.06793978078668118e+02
1.06857513290852054e+02
1.06859777835835644e+02
1.07284657892003452e+02
1.07531212859854236e+02
1.07547567876061507e+02
1.07634555005786467e+02
1.07918965493336884e+02
1.07960841456889213e+02
1.08570077928808843e+02
1.09275557353933451e+02
1.09588031278899678e+02
1.09983331215155673e+02
1.10138997426513683e+02
1.10144425708808541e+02
1.10427509520504884e+02
1.11990518401995629e+02
1.12053620648742807e+02
1.12081264234431217e+02
1.12272608409442896e+02
1.12865773043367810e+02
1.12914372072457112e+02
1.13115057801316908e+02
1.13678595984101591e+02
1.14229734976225345e+02
1.14427352801846425e+02
1.14443087623321745e+02
1.14459494235088016e+02
1.14626109725335013e+02
1.15169475996754585e+02
1.15339964459698862e+02
1.15927476619843020e+02
1.16393439235811357e+02
1.16903194035460970e+02
1.17267787497972108e+02
1.17384397596344257e+02
1.17922935108653704e+02
1.18137401596992305e+02
1.18268811402348746e+02
1.18269689552560706e+02
1.18846758549898979e+02
1.18881479179097909e+02
1.18893127971860096e+02
1.19332542087032806e+02
1.19428441094710735e+02
1.19643719646860546e+02
1.19994656888627901e+02
1.20113473891485100e+02
1.20204948896808062e+02
1.20210480839053744e+02
1.20261861822796590e+02
1.20610760249664466e+02
1.20934524268455021e+02
1.21756082638924667e+02
1.22287548736558932e+02
1.23041517997004192e+02
1.23526969082664039e+02
1.23726598911453280e+02
1.23849441249381826e+02
1.24365454645034561e+02
1.24385884818704881e+02
1.24397774735719537e+02
1.25059076384856041e+02
1.25138139822369155e+02
1.25383327241286722e+02
1.25914134455492089e+02
1.26523451400288522e+02
1.26672344311157104e+02
1.26674326934976236e+02
1.26840905969962336e+02
1.27024262647717720e+02
1.27099513319330754e+02
1.28321508992545517e+02
1.29415725080387517e+02
1.29592166187033200e+02
1.29941772784444282e+02
1.30136310211557117e+02
1.30325345078251360e+02
1.30800794513122099e+02
1.30880779823186487e+02
1.30913261413873499e+02
1.30956387653716661e+02
1.31046051553725846e+02
1.31481371513289588e+02
1.31497341616965684e+02
1.31515791976470609e+02
1.31592646704737206e+02
1.31808632687751384e+02
1.31946827208876073e+02
1.32106844071655274e+02
1.32166550212494542e+02
1.33150511997053144e+02
1.33284401370722748e+02
1.33635158661071358e+02
1.33716128262992555e+02
1.33949104922603112e+02
1.34095035486629456e+02
1.34624671352662659e+02
1.34674143659020132e+02
1.34695159748799341e+02
1.34995822794827717e+02
1.35144581105226791e+02
1.35426375108052440e+02
1.35476399719262020e+02
1.36291995094705754e+02
1.36505146922336678e+02
1.36635269807101935e+02
1.37117102376895815e+02
1.37266894087988220e+02
1.37473541031399350e+02
1.37907174302644904e+02
1.38666366945300496e+02
1.38784365954546701e+02
1.38897290693122869e+02
1.39430629848272076e+02
1.40030159366089634e+02
1.40031321560047701e+02
1.40656796211325144e+02
1.41378088031469986e+02
1.41617834906091645e+02
1.41646264035108572e+02
1.41852329480134472e+02
1.42098506543038269e+02
1.42268145589672798e+02
1.42300184545431307e+02
1.42309072543701916e+02
1.43072144014606010e+02
1.43959319468806626e+02
1.44096504605123272e+02
1.44372713608300586e+02
1.44561054350023682e+02
1.44602667651622767e+02
1.44656407726025606e+02
1.44747540227819485e+02
1.44757046132952553e+02
1.44868586677128036e+02
1.44905486974559977e+02
1.45093202443472876e+02
1.45110811412293344e+02
1.45211639438066868e+02
1.45538257052259098e+02
1.46015535552433334e+02
1.46401591923176710e+02
1.46515566048975586e+02
1.46934615497002170e+02
1.47012013677067330e+02
1.47056946379531183e+02
1.47162619478063846e+02
1.48126529024561023e+02
1.48168359996389427e+02
1.48540893382641855e+02
1.48637319368653323e+02
1.48958602529028440e+02
1.49339142975656785e+02
1.49588828823716625e+02
1.51216014795274361e+02
1.51296533776934581e+02
1.51858555925567259e+02
1.51926096739525519e+02
1.52406698694722508e+02
1.52667749409678862e+02
1.52719403297722124e+02
1.52752539171129712e+02
1.52891477361088960e+02
1.53543672450923935e+02
1.53619144572818811e+02
1.53765648707336112e+02
1.53780358046692953e+02
1.54032339485490894e+02
1.54036938739909857e+02
1.54289404487771833e+02
1.54357687911079324e+02
1.54386921011622945e+02
1.54988498082748805e+02
1.55158841044229945e+02
1.55379239841857128e+02
1.55770918580578012e+02
1.56017162128817034e+02
1.56170584840861295e+02
1.56461264747344899e+02
1.56506415022338814e+02
1.56730908661787282e+02
1.56816993530868700e+02
1.57020823845392329e+02
1.57076173206683222e+02
1.57989199204206017e+02
1.58008912668523834e+02
1.58032364321457010e+02
1.58510081968203025e+02
1.58598981182489013e+02
1.58602354334514615e+02
1.58721804657066514e+02
1.58856157697995371e+02
1.58859073038695840e+02
1.59553230058824454e+02
1.60100081831201351e+02
1.60141771426071386e+02
1.60649298912189550e+02
1.60696554421574604e+02
1.60963992270367584e+02
1.61257854261625454e+02
1.61409194923956619e+02
1.61426770563349436e+02
1.61449318053755547e+02
1.61481831623464103e+02
1.62586207352438635e+02
1.63269035749012289e+02
1.63814417738342286e+02
1.64214256129946278e+02
1.64306835904768121e+02
1.64328141431609367e+02
1.65456284312570887e+02
1.65570521820593314e+02
1.65744439968579314e+02
1.65808995386701753e+02
1.65888559495712258e+02
1.66104806819579977e+02
1.66255591785321059e+02
1.66748164670668814e+02
1.66912421194933586e+02
1.66989500433598863e+02
1.67052168318644334e+02
1.67153944684274563e+02
1.67403354690231652e+02
1.67548714618933275e+02
1.67621385709220448e+02
1.67820884549478933e+02
1.68096097159405048e+02
1.68348264190311426e+02
1.68626411886426496e+02
1.68866381343588102e+02
1.69136503161803404e+02
1.69159118431644600e+02
1.69645210090805051e+02
1.69761460784701484e+02
1.70200986831273696e+02
1.70683974372068889e+02
1.70756648923863366e+02
1.71108629050098756e+02
1.71138299498066345e+02
1.72278355889612612e+02
1.72391247631473021e+02
1.72861223705181175e+02
1.73051079106648302e+02
1.73051323761773205e+02
1.73156383722427194e+02
1.73237902382698906e+02
1.73314040007751316e+02
1.73436567884493627e+02
1.73457525344097178e+02
1.73627619061696805e+02
1.73885016924502565e+02
1.73962977195554544e+02
1.74128314936732124e+02
1.74597344378410440e+02
1.74667005519261181e+02
1.74703040484515185e+02
1.75501306742090946e+02
1.75544200290440642e+02
1.75579642877970201e+02
1.76332390750745191e+02
1.76375435596830471e+02
1.76505118364404154e+02
1.76510127273066075e+02
1.77690338658074609e+02
1.77748389937903482e+02
1.77837610645722691e+02
1.77995614456319004e+02
1.78126880434885095e+02
1.78364708818966136e+02
1.78804518628448307e+02
1.78900385663652401e+02
1.79084234729514691e+02
1.79105761949228707e+02
1.79188198094548056e+02
1.79262522359055481e+02
1.79565904013853526e+02
1.79941734994565110e+02
1.80047535348308429e+02
1.80382157341107671e+02
1.80615221808983051e+02
1.80811623236499628e+02
1.80983434160727995e+02
1.81146838117419918e+02
1.81410080442717685e+02
1.81490838045387164e+02
1.81900332970483561e+02
1.81906051907349820e+02
1.82018898350467879e+02
1.83050565706129134e+02
1.83151887951520706e+02
1.83239228681175263e+02
1.83654652692322031e+02
1.83739083778438953e+02
1.83979562799026723e+02
1.84409140599889355e+02
1.84535986574673018e+02
1.84545769628551426e+02
1.85145525952580925e+02
1.85810681328304355e+02
1.85915914850995932e+02
1.86199904697906675e+02
1.86397860288205607e+02
1.86643956734409386e+02
1.86865470500071211e+02
1.87440215250952974e+02
1.87508178139703347e+02
1.87514729393085560e+02
1.87742598756875367e+02
1.88102872543961098e+02
1.88104293835712184e+02
1.88178260496801045e+02
1.88224237358385182e+02
1.88411573712275725e+02
1.88536688469714079e+02
1.88779017005039606e+02
1.88886460689980339e+02
1.89161676054335288e+02
1.89323948035817551e+02
1.89493489349581523e+02
1.90298887399081224e+02
1.90313954747968779e+02
1.90385124472089643e+02
1.90599774821935114e+02
1.90775106868107173e+02
1.91621809701369585e+02
1.91637610674967902e+02
1.91706510475718176e+02
1.92070392167504195e+02
1.92218004273990971e+02
1.92244009393006962e+02
1.92591272357376198e+02
1.92619434073001855e+02
1.92729768117407502e+02
1.92867497052587879e+02
1.92960089816216481e+02
1.93553239979082093e+02
1.93560976568772332e+02
1.93610239658367476e+02
1.93929284372604883e+02
1.94173853492287947e+02
1.94478910846078406e+02
1.94574214434219698e+02
1.94783256749124348e+02
1.94823280213767731e+02
1.95301322185767930e+02
1.95324814000668681e+02
1.95977821804107435e+02
1.96314230774276581e+02
1.96550299978513863e+02
1.96793948470952756e+02
1.96957476751386622e+02
1.97349693155212975e+02
1.97405549758440600e+02
1.97445457104723573e+02
1.97927433345881298e+02
1.98330141943015036e+02
1.98451468734600496e+02
1.98775972424591600e+02
1.98822990907468352e+02
1.98873066787043825e+02
1.99372183247541500e+02
1.99572255825084142e+02
2.00250770136924103e+02
2.00648208699203934e+02
2.00808696842337810e+02
2.01066783323895180e+02
2.01559437817664900e+02
2.01574759342213127e+02
2.01923626969684022e+02
2.01971532194516129e+02
2.01993793174792046e+02
2.02164507676640852e+02
2.02275970411945423e+02
2.02587510752352841e+02
2.02776893354855105e+02
2.02899130542189965e+02
2.03310203956999203e+02
2.03370763506528817e+02
2.03445525461191409e+02
2.03527029299602333e+02
2.03605172194144131e+02
2.03756594620733608e+02
2.03758772826633788e+02
2.03789800553781305e+02
2.03816792222495280e+02
2.03820583379592989e+02
2.03876571109523439e+02
2.05230083088044836e+02
2.05251283589669811e+02
2.05575544252156760e+02
2.05649270972018627e+02
2.05790608827693518e+02
2.05791015021896328e+02
2.05812394288910951e+02
2.06547555986667277e+02
2.06617954836615638e+02
2.06786231803427455e+02
2.06901189940499791e+02
2.06975261457463745e+02
2.07052043269285122e+02
2.07810537746659577e+02
2.08195599263704878e+02
2.08214256234148365e+02
2.08251395313401787e+02
2.08613021155932188e+02
2.08639466185976005e+02
2.08730781448940348e+02
2.08819061894520615e+02
2.08874065155599794e+02
2.09119985377571027e+02
2.09291351196352991e+02
2.09420722984981637e+02
2.09671451211497697e+02
2.10710412145304304e+02
2.10898146348342749e+02
2.11343715143815757e+02
2.11891678021038246e+02
2.12075960724878200e+02
2.12247893457987260e+02
2.12362244345562431e+02
2.12363629061702170e+02
2.12535143007019940e+02
2.12644032573290161e+02
2.12911448564755744e+02
2.12968060175132081e+02
2.13224315834260494e+02
2.13663830719723762e+02
2.13913037729169929e+02
2.14819894052901560e+02
2.14821526789700357e+02
2.15264976472040047e+02
2.15310412325994093e+02
2.15337687052830489e+02
2.15616930092390334e+02
2.15844741223453866e+02
2.16077550387782679e+02
2.16294395597579495e+02
2.16545960326366298e+02
2.16578100159837959e+02
2.16663711179776101e+02
2.16874940394596507e+02
2.16992720395547337e+02
2.17196258818934240e+02
2.17272278583767019e+02
2.17491274018386918e+02
2.17575352542682225e+02
2.17670911179592991e+02
2.17790643954147981e+02
2.18068459954366688e+02
2.18409181768903949e+02
2.18480456982993360e+02
2.19156188576636424e+02
2.19447805399041158e+02
2.19633024703056321e+02
2.19854616834334507e+02
2.19944516767719648e+02
2.19987973494251861e+02
2.19997224720030090e+02
2.19998549074110940e+02
2.20010356942414546e+02
2.20012338937770835e+02
2.20015305498279815e+02
2.20153428052535588e+02
2.20189554795059252e+02
2.20328215471917417e+02
2.20489991937657464e+02
2.20926309294501237e+02
2.21967824802932682e+02
2.22062269921447779e+02
2.22064004796498068e+02
2.22483811290485903e+02
2.22874427518150867e+02
2.22885793327327463e+02
2.23350372832091125e+02
2.23527847820646002e+02
2.23569792020901644e+02
2.23648288851771781e+02
2.23708684206341218e+02
2.24202109875837579e+02
2.24555512491819343e+02
2.24829116789718569e+02
2.25025385308374069e+02
2.25291191635943704e+02
2.25358553133325898e+02
2.25540156090591353e+02
2.25567632525734382e+02
2.25603203707411694e+02
2.25913078637191092e+02
2.26545816442371773e+02
2.26583666201212850e+02
2.27195954248593182e+02
2.27522720427014292e+02
2.27549906834682702e+02
2.27809421740691789e+02
2.27857269343216416e+02
2.28159986003502723e+02
2.28183373409830523e+02
2.28244266340754422e+02
2.28356624950268952e+02
2.29081049940871736e+02
2.29200644700235216e+02
2.29242885760228233e+02
2.29486155274921344e+02
2.29529277561885351e+02
2.29690603595797967e+02
2.30134635427388730e+02
2.30269008437085631e+02
2.30300173356255982e+02
2.30553778391748097e+02
2.30718640858567511e+02
2.31301053093848111e+02
2.31400228026495796e+02
2.31508518242458962e+02
2.31557911599932879e+02
2.31630124975274839e+02
2.31632233350459472e+02
2.31721346453447950e+02
2.32161213605302436e+02
2.32632802969508305e+02
2.32947811901840112e+02
2.33123464084472317e+02
2.33394239096860190e+02
2.33927324688906992e+02
2.34093454616459866e+02
2.34216021526108904e+02
2.34278692903227153e+02
2.34305849619316461e+02
2.34381724604918844e+02
2.34675129983392850e+02
2.34693970813831214e+02
2.34703860956942862e+02
2.34817952149366590e+02
2.35441387287397362e+02
2.35495709758181249e+02
2.35647020828979805e+02
2.35896561947218231e+02
2.36538905041483901e+02
2.36799953666369248e+02
2.36808030864977269e+02
2.36870812133514335e+02
2.36872642764480389e+02
2.36921328381463411e+02
2.37213183641675045e+02
2.37253282335439280e+02
2.37774921340349692e+02
2.37865698841976155e+02
2.38255136621413698e+02
2.38714183172522581e+02
2.38843907542831744e+02
2.38921150974931237e+02
2.39419515304098127e+02
2.39591060029631876e+02
2.39682957612327584e+02
2.39760573054727416e+02
2.39798045534419799e+02
2.40205976932367435e+02
2.40317313361849955e+02
2.40373637921715783e+02
2.40644633454305762e+02
2.40994128972330032e+02
2.41054398734673441e+02
2.41093643468201634e+02
2.41099482029550217e+02
2.41300322523919334e+02
2.41391418727538735e+02
2.41449201659159257e+02
2.41653849535099795e+02
2.41654361696507721e+02
2.41680187361384384e+02
2.42066991615884234e+02
2.42682137727528897e+02
2.43059865263537773e+02
2.43134316217574224e+02
2.43206392892567209e+02
2.43737980596970402e+02
2.43759052377029974e+02
2.43777949068092568e+02
2.43826980356042469e+02
2.44081197180995389e+02
2.44188996810288302e+02
2.44398351661910169e+02
2.44664457537048804e+02
2.44816905385604514e+02
2.45393974130070717e+02
2.45644100014197505e+02
2.45824887867013700e+02
2.46268509283641549e+02
2.46544504256604341e+02
2.46552724313348449e+02
2.46612189469111001e+02
2.46801205421288017e+02
2.46809534485399752e+02
2.47052391074823049e+02
2.47128650616528574e+02
2.47306797833020170e+02
2.47852627121851356e+02
2.47929882088474528e+02
2.48110156286120741e+02
2.48792183875857745e+02
2.48843191430163671e+02
2.48945269754550736e+02
2.49201934524290579e+02
2.49240418733933240e+02
2.49395949742377894e+02
2.49557063272777469e+02
2.49842000685806937e+02
2.49920136524579988e+02
2.49971386822293340e+02
2.49992010206253809e+02
2.50172883004167915e+02
2.50289951726414898e+02
2.50481699164359441e+02
2.51498347782976708e+02
2.51537351149447659e+02
2.52267218678220871e+02
2.52451316263977873e+02
2.52472306326579400e+02
2.53477909506118920e+02
2.53837182308190933e+02
2.54194454102152292e+02
2.54204243862265116e+02
2.54204950386313129e+02
2.54292639156989196e+02
2.54312643109152333e+02
2.54330066461767785e+02
2.54334411828057284e+02
2.54394544445132368e+02
2.54553483787249291e+02
2.54565348985749040e+02
2.54615022121311995e+02
2.54659814157357317e+02
2.54743281301302034e+02
2.54929600441833998e+02
2.55149927612005598e+02
2.55228339021773849e+02
2.55415110641248816e+02
2.55465793071432500e+02
2.55831772755391256e+02
2.55869934904478953e+02
2.56378047083141780e+02
2.56404611444423892e+02
2.56411758184056168e+02
2.56599132014079316e+02
2.56665213305293889e+02
2.56899510118969260e+02
2.56972606773519658e+02
2.57260157019170776e+02
2.57591301740514552e+02
2.57636907823334468e+02
2.57644610416768899e+02
2.58111930652122851e+02
2.58350810821141749e+02
2.58746504192107523e+02
2.58772225791129131e+02
2.58886881396135152e+02
2.58921613078948781e+02
2.59173576163869257e+02
2.59653479961146843e+02
2.59691743754165486e+02
2.59749408975924950e+02
2.60387514894031710e+02
2.60620425688860109e+02
2.60686456380211553e+02
2.60821344276197351e+02
2.61253121642994927e+02
2.61328953664881340e+02
2.61329568120002875e+02
2.61413271612399683e+02
2.61536145711316522e+02
2.62158164350555467e+02
2.62225862720811620e+02
2.62899439329425263e+02
2.63117040071042993e+02
2.63153344307089981e+02
2.63373168930334884e+02
2.63593582130615800e+02
2.64034363355618268e+02
2.64207730468296404e+02
2.64271606176429543e+02
2.64452361834611963e+02
2.64694734131260077e+02
2.64700047786378775e+02
2.64745056359166028e+02
2.64760912877392855e+02
2.64908248551871395e+02
2.64972642529853829e+02
2.65061862604968780e+02
2.65247282938234946e+02
2.65335474111593612e+02
2.66062134683981014e+02
2.66216548581981101e+02
2.66303627007094349e+02
2.66325360189278740e+02
2.66409672491846720e+02
2.66556399582937615e+02
2.67145579394120034e+02
2.67292172301354867e+02
2.67533133552586150e+02
2.67737570379706654e+02
2.67862732266393095e+02
2.67864419484653183e+02
2.67925782242843297e+02
2.67943280011511661e+02
2.68212999083877889e+02
2.68869780511406873e+02
2.68906865229126595e+02
2.69476912551723899e+02
2.69486651317862936e+02
2.69619794132612185e+02
2.69643141075407243e+02
2.70259182327282645e+02
2.70980851930912877e+02
2.71067370165445652e+02
2.71201550779073784e+02
2.71255825639701243e+02
2.71326103024463691e+02
2.71333529952458775e+02
2.71436985443140941e+02
2.71609221032799439e+02
2.71658771555715248e+02
2.71706672523532916e+02
2.71726562809884058e+02
2.71887100267859068e+02
2.71964262528852089e+02
2.72203666090112108e+02
2.72208968124554190e+02
2.72394601758805607e+02
2.72397827503488941e+02
2.72775827453559373e+02
2.73094844457421800e+02
2.73159473449049301e+02
2.73227596007269256e+02
2.73237858213522145e+02
2.73729481087760576e+02
2.73779207244701183e+02
2.74167547404348340e+02
2.74180000327122059e+02
2.74301213233818203e+02
2.74655840261233209e+02
2.74664511544440529e+02
2.74687056191365571e+02
2.74688507638480871e+02
2.74990868328473823e+02
2.75274381013081893e+02
2.75693467533695411e+02
2.75759364314239747e+02
2.75872979582076198e+02
2.76239203293019898e+02
2.76335508318304221e+02
2.76653964760387453e+02
2.76726930390586858e+02
2.77513554248755497e+02
2.77705908400058547e+02
2.77976228141581998e+02
2.78056916093260099e+02
2.78414806407396554e+02
2.78471274934722544e+02
2.79063087293653496e+02
2.79575264933717222e+02
2.79595915733026686e+02
2.79599793002863862e+02
2.79682339689199182e+02
2.79862141758694577e+02
2.79871008775315261e+02
2.79939031975592229e+02
2.80174580873113200e+02
2.80218145079771659e+02
2.80771074179372306e+02
2.80775836632101516e+02
2.80856759498105248e+02
2.80904642292332369e+02
2.81100410492216554e+02
2.81222600321825439e+02
2.81414545802208579e+02
2.81729588995229904e+02
2.82204872441967495e+02
2.82261914219003870e+02
2.82585274345834819e+02
2.82888229566580378e+02
2.82974779404629487e+02
2.83012141160488625e+02
2.83024430796378795e+02
2.83089544247120386e+02
2.83188257458836290e+02
2.83194382370380424e+02
2.83488939239898116e+02
2.83512200116998258e+02
2.84241934956182888e+02
2.84473346110405828e+02
2.84521761546872426e+02
2.84884189887561263e+02
2.84992399660297906e+02
2.85001286033322344e+02
2.85131782565954666e+02
2.85200610089880740e+02
2.85299458654547550e+02
2.85300143023514295e+02
2.85582191250943538e+02
2.85649239805028685e+02
2.85704406647471274e+02
2.85812241514505558e+02
2.86128013123835558e+02
2.86703206608195103e+02
2.86752898529082870e+02
2.87190708136024512e+02
2.87589806460262253e+02
2.87641704382364935e+02
2.87658396867875751e+02
2.87749119407710225e+02
2.88098397573578382e+02
2.88528886764074855e+02
2.88805167806384929e+02
2.88807178958990107e+02
2.88965856817843928e+02
2.89199840083933395e+02
2.89469519665775863e+02
2.89676349122331033e+02
2.89978279644368342e+02
2.90023369448088431e+02
2.90315140506252192e+02
2.90346506331418652e+02
2.90410315316127196e+02
2.90506764159182978e+02
2.90620265186983659e+02
2.90640331750729899e+02
2.90809800803930898e+02
2.90811374870182249e+02
2.91050122377769128e+02
2.91061864553240468e+02
2.91066992379377666e+02
2.91083828513382628e+02
2.91091536439077288e+02
2.91535173363813442e+02
2.91541904298856025e+02
2.91731248031478856e+02
2.91790163379550847e+02
2.92437876648710528e+02
2.92516696679947245e+02
2.92520437033984592e+02
2.92679938610681404e+02
2.92754132981909891e+02
2.92929145622227509e+02
2.93593225995585613e+02
2.94389431494892563e+02
2.94472142665360764e+02
2.94901166264266351e+02
2.95055550773111577e+02
2.95222744234299455e+02
2.95311881827528623e+02
2.95313585231872878e+02
2.95316002266061616e+02
2.95367546354381716e+02
2.95663890331507275e+02
2.95716448613207945e+02
2.95961931868029751e+02
2.96270708051357929e+02
2.96340399397463784e+02
2.96767575584204337e+02
2.97109461998080633e+02
2.97165987115672579e+02
2.97407250987760335e+02
2.97417351008742401e+02
2.97440858427284468e+02
2.97525887672414399e+02
2.97625835746549058e+02
2.97629219727392524e+02
2.97730533312280386e+02
2.98054866117039865e+02
2.98536314848648601e+02
2.98729207613492122e+02
2.98737964634637876e+02
2.99145447347945435e+02
2.99328292262353273e+02
2.99599337916961417e+02
2.99621982821195502e+02
2.99976447905746909e+02
3.00321868611142634e+02
3.00537621590867275e+02
3.00553342415402199e+02
3.00560993286673693e+02
3.00593254124301211e+02
3.00630897157095717e+02
3.00669430280354277e+02
3.00807789703034302e+02
3.00842301314733675e+02
3.01108528525702070e+02
3.01117583124596649e+02
3.01226364844047055e+02
3.01593301593734509e+02
3.01905470435499353e+02
3.02182974272469608e+02
3.02301558117505408e+02
3.02607190271478942e+02
3.02877052329503272e+02
3.03157263144113131e+02
3.03338427646458001e+02
3.03550253430609075e+02
3.03816375076328143e+02
3.04020404539017761e+02
3.04196695524587881e+02
3.04210399158888379e+02
3.04256439600137128e+02
3.04385368355756157e+02
3.04641959266818219e+02
3.04692130218773798e+02
3.04723944420780867e+02
3.04789712059139902e+02
3.04808114078777692e+02
3.05553098331126478e+02
3.05910959913276713e+02
3.06202197061516642e+02
3.06204085291912861e+02
3.06369948635869434e+02
3.06563199917139571e+02
3.06707393179619089e+02
3.06857781456560645e+02
3.07001388558457847e+02
3.07366694660693497e+02
3.07398593079465911e+02
3.07564580044868649e+02
3.07575890258103186e+02
3.07676796905230503e+02
3.07807890480750132e+02
3.08080212864543114e+02
3.08114400795420124e+02
3.08130998578473395e+02
3.08187337039894658e+02
3.08451543857009540e+02
3.08462050493442405e+02
3.08783529613216956e+02
3.09417818399236012e+02
3.09466598178850063e+02
3.09793534275625632e+02
3.10017967661977480e+02
3.10019435896401603e+02
3.10135492385858640e+02
3.10335291173939936e+02
3.10340679215240698e+02
3.10545694290250424e+02
3.10851516798789305e+02
3.11626752628463805e+02
3.11681961563650532e+02
3.12074095387354646e+02
3.12428004356528504e+02
3.12740047605864959e+02
3.12867697374047907e+02
3.12911306992986283e+02
3.12915126012040389e+02
3.12921493768134042e+02
3.12993428420740031e+02
3.13018324457689630e+02
3.13187959764119796e+02
3.13478332409058112e+02
3.13667601830332387e+02
3.13885242246721077e+02
3.13945317054294321e+02
3.13979546388284916e+02
3.14000926327150353e+02
3.14427278569125633e+02
3.14525581569887322e+02
3.14634276952595030e+02
3.14652401735754836e+02
3.14764406220397746e+02
3.14771500828167916e+02
3.15034474675877391e+02
3.15048362550194781e+02
3.15228760300694205e+02
3.15355161437905508e+02
3.15570738361621864e+02
3.15600326303626900e+02
3.15721681007392817e+02
3.16060827629635185e+02
3.16345699607694485e+02
3.16412972640566750e+02
3.16960867017853388e+02
3.17499007425590491e+02
3.17745498750790034e+02
3.17830901697430704e+02
3.17840753567183981e+02
3.17873167987781414e+02
3.17948032413145313e+02
3.18133575466264006e+02
3.18276491573225030e+02
3.18543898200800697e+02
3.18661332568336718e+02
3.18740911016377083e+02
3.18886901905885509e+02
3.18927450672692885e+02
3.19242829903943118e+02
3.19443423819603879e+02
3.19608146617209286e+02
3.19609220817358164e+02
3.19623693079140196e+02
3.20021932858971866e+02
3.20137551538779860e+02
3.20210358038253446e+02
3.20551434642777565e+02
3.20621536737123677e+02
3.21046244594252187e+02
3.21275692250194481e+02
3.21377006022993157e+02
3.21391453189552351e+02
3.21415169226841783e+02
3.21715396546758086e+02
3.21811130246821449e+02
3.22365998025128135e+02
3.22434321209620066e+02
3.22476950377778167e+02
3.22679083757144610e+02
3.22729147570011605e+02
3.23087299889256542e+02
3.23442174385108956e+02
3.23461217374687863e+02
3.23706069088769880e+02
3.23790841861233787e+02
3.23884915212752162e+02
3.23947480458120765e+02
3.24246690351573079e+02
3.24369064777446852e+02
3.24511341222309170e+02
3.24888696034165434e+02
3.24890472207207949e+02
3.24908385660967951e+02
3.25594425217253956e+02
3.25616252775933617e+02
3.25727107769263114e+02
3.25753227434193604e+02
3.25790524333404676e+02
3.25822256461204745e+02
3.25872305016781752e+02
3.26045766803141873e+02
3.26428350963049695e+02
3.26431756210117214e+02
3.26514516510647582e+02
3.26579327817305796e+02
3.26738825784825906e+02
3.27087959446063337e+02
3.27168736636479593e+02
3.27839012848028744e+02
3.27905917601556553e+02
3.27991639257877296e+02
3.28222575114555582e+02
3.28679040448294302e+02
3.29117423420304817e+02
3.29197088029951374e+02
3.29218171493241698e+02
3.29422501217795002e+02
3.29429829787752283e+02
3.29825893813001073e+02
3.29838230922594732e+02
3.30212575934923905e+02
3.30224661678947200e+02
3.31011872580053875e+02
3.31021454928918786e+02
3.31041651733115714e+02
3.31052574590285531e+02
3.31078868943757925e+02
3.31128777811762802e+02
3.31234883934379752e+02
3.31286403029221333e+02
3.31536869653423992e+02
3.31546954316701317e+02
3.31801859369007900e+02
3.31949212228713805e+02
3.31953226518978795e+02
3.32762362646810175e+02
3.32775819652413020e+02
3.32933462498095651e+02
3.33153160318748235e+02
3.33210785873429757e+02
3.33408522531462154e+02
3.33449720366945769e+02
3.33475082416630357e+02
3.33701656046590017e+02
3.33770825222545227e+02
3.33847099423482973e+02
3.34045791429060216e+02
3.34228840983418820e+02
3.34259229323145689e+02
3.34286393735360036e+02
3.34500095022441940e+02
3.34563070963026064e+02
3.34707582377640335e+02
3.34754179914079145e+02
3.34853086411139031e+02
3.34970396800942808e+02
3.35013671559911188e+02
3.35175767104729744e+02
3.35181146829180818e+02
3.35332991455886656e+02
3.36153468861503313e+02
3.36864794197432332e+02
3.37077069274388634e+02
3.37129781470119781e+02
3.37237984454423838e+02
3.37240534310665964e+02
3.37295209909538983e+02
3.37359792707539441e+02
3.37457835803254511e+02
3.37469875700132548e+02
3.37534202526632100e+02
3.37580520465418829e+02
3.37923178471789413e+02
3.37957611383623316e+02
3.37983160399959672e+02
3.38391197439665234e+02
3.38674352953296420e+02
3.38777260528870727e+02
3.39191095150922138e+02
3.39204597044173738e+02
3.39241752215588974e+02
3.39405248462739394e+02
3.39783057090023476e+02
3.40209298818160562e+02
3.40212104174832746e+02
3.40219045551708234e+02
3.40777550221255751e+02
3.40964267773229608e+02
3.40993671205106807e+02
3.41435051013542875e+02
3.42206101898901181e+02
3.42388360111719180e+02
3.42559357576028503e+02
3.43095107442966082e+02
3.43262434124536640e+02
3.43365268868930116e+02
3.43564793508813295e+02
3.43632758411227826e+02
3.43917253082867887e+02
3.43922331018665716e+02
3.44016447946998710e+02
3.44084073100741932e+02
3.44112843519066928e+02
3.44131665266502409e+02
3.44248137522636171e+02
3.44263385151611942e+02
3.44302906257580617e+02
3.44718647262242598e+02
3.44774490930923776e+02
3.44904280567169849e+02
3.44924265692021095e+02
3.45034023360566778e+02
3.45146100747686603e+02
3.45256559777044288e+02
3.45375700275078373e+02
3.45402563269714619e+02
3.45729782901295323e+02
3.45751331933423614e+02
3.45961536474556056e+02
3.46331906239303066e+02
3.46396130899013883e+02
3.46526989966336032e+02
3.46531468206819284e+02
3.46589356184383689e+02
3.46597021396455204e+02
3.46807275268990395e+02
3.47288822990587448e+02
3.47290934831555262e+02
3.47389896654903851e+02
3.47772398685158350e+02
3.47950042001835357e+02
3.47970403688643842e+02
3.48314101502218648e+02
3.48401946302807744e+02
3.48754625326637210e+02
3.48776308760961967e+02
3.49045794554894201e+02
3.49094120805869522e+02
3.49464306840718677e+02
3.49468144467965089e+02
3.49755476956749476e+02
3.49772631347763820e+02
3.49963982531863905e+02
3.50001871117702080e+02
3.50058495387349183e+02
3.50247160038080665e+02
3.50258646653921630e+02
3.50696775234779579e+02
3.50718066718714795e+02
3.50793103674068675e+02
3.51176232488547157e+02
3.51203273670523345e+02
3.51333730043964238e+02
3.51463980853565261e+02
3.51798299872265432e+02
3.51911821274352235e+02
3.52119439399537669e+02
3.52234649051311521e+02
3.52267216069748088e+02
3.52285027662693665e+02
3.52506212912595231e+02
3.52675688736031077e+02
3.53096460381629583e+02
3.53141164569957141e+02
3.53155451618236270e+02
3.53581701628319991e+02
3.53890039250689881e+02
3.53977263807559609e+02
3.54070394564419303e+02
3.54126518848025171e+02
3.54158643421467104e+02
3.54180274097717017e+02
3.54235558393713063e+02
3.54365130513115673e+02
3.54440569534830388e+02
3.54501960999938774e+02
3.54508801976010943e+02
3.54660057737289947e+02
3.54884933297959378e+02
3.55219822684616645e+02
3.55220386740680453e+02
3.55684040058602875e+02
3.55757304877273157e+02
3.55954034680366021e+02
3.56075884526828020e+02
3.56146175871092737e+02
3.56283628779398441e+02
3.56296365198097533e+02
3.56524124351432590e+02
3.56941467637278038e+02
3.57004178328450507e+02
3.57514935074974233e+02
3.57645862068046881e+02
3.57663547014596020e+02
3.57749512262893745e+02
3.57777009269970677e+02
3.57990718850177700e+02
3.58364212650414004e+02
3.58752674307711573e+02
3.58820039508485877e+02
3.58854409043362921e+02
3.59140753203608881e+02
3.59263516593268264e+02
3.59427808257936192e+02
3.59878007544039349e+02
3.59973382372757328e+02
3.60112603290201889e+02
3.60334048597053879e+02
3.61163608237289225e+02
3.61179945575115653e+02
3.61405094363713204e+02
3.61411659487934685e+02
3.61561027956449550e+02
3.61567934147111259e+02
3.61982841900339167e+02
3.62133657054667594e+02
3.62799427596737019e+02
3.63069067310593425e+02
3.63097701708220313e+02
3.63247547741761991e+02
3.63372026456019171e+02
3.63704090109364699e+02
3.64231835249175504e+02
3.64240310178749667e+02
3.64421369760031553e+02
3.64437775253587290e+02
3.64543907313272030e+02
3.64642637284649652e+02
3.64645844601754561e+02
3.64667205452894734e+02
3.64687505413276369e+02
3.64757682609955225e+02
3.64783045137924887e+02
3.65033924494516384e+02
3.65162759872693357e+02
3.65168674407364676e+02
3.65271666554177671e+02
3.65286602062051486e+02
3.65648579821189230e+02
3.65733478585484079e+02
3.66005057380956714e+02
3.66041822843835575e+02
3.66051510594718764e+02
3.66148505969357757e+02
3.66198563495710857e+02
3.66379493588152002e+02
3.66894998100240400e+02
3.67162430478539818e+02
3.67184101570717473e+02
3.67224065643643144e+02
3.67228075730637613e+02
3.67242949350101298e+02
3.67595396582360536e+02
3.67607229117037150e+02
3.68001134769181249e+02
3.68179869927622008e+02
3.68295975922740752e+02
3.68400325446169404e+02
3.68630327959309739e+02
3.68764366537773640e+02
3.68942768493457095e+02
3.69064577117207364e+02
3.69318972276396437e+02
3.69424440207780322e+02
3.69518473770630408e+02
3.69520915290399671e+02
3.69558349207063941e+02
3.69628249185213690e+02
3.69656254742092358e+02
3.69730198183668335e+02
3.70242007053424743e+02
3.70748688901165906e+02
3.70853986707953084e+02
3.70975351191443224e+02
3.71274015076233127e+02
3.71291181644215214e+02
3.71599928224484358e+02
3.71748944691376948e+02
3.71750890989552659e+02
3.71801242902832030e+02
3.71812325622630738e+02
3.71859011799648044e+02
3.71889063770512166e+02
3.72244047993895379e+02
3.72296482773898674e+02
3.72403597753125041e+02
3.72518191497130374e+02
3.72523757355323880e+02
3.72655323893576735e+02
3.73295218727564134e+02
3.73314729514275825e+02
3.73396075191370130e+02
3.73786495372208435e+02
3.73849731325210143e+02
3.73854312456267792e+02
3.74014772547373127e+02
3.74251057449187101e+02
3.74469471883146468e+02
3.74483553516778045e+02
3.74547205279166235e+02
3.74835197630296477e+02
3.74983867186947691e+02
3.75223128028306633e+02
3.75339540849440993e+02
3.75824610952668877e+02
3.75901285965148929e+02
3.75934947960117370e+02
3.76037271162887293e+02
3.76065082602334257e+02
3.76347745172164480e+02
3.76675654351444393e+02
3.76755236364272378e+02
3.76769497721073094e+02
3.76940522920498893e+02
3.76944613116455230e+02
3.76975893239528318e+02
3.77039921675638368e+02
3.77048041719203411e+02
3.77114858569264754e+02
3.77165815778600745e+02
3.77171846662579469e+02
3.77558092333329284e+02
3.77738619675282735e+02
3.77960321247619788e+02
3.77989110563941267e+02
3.78317093802530223e+02
3.78422574864275475e+02
3.79423339487493763e+02
3.79465129213453793e+02
3.79467874202260816e+02
3.79500414225073769e+02
3.79677604724768571e+02
3.79725228278821305e+02
3.79737667105257685e+02
3.79787759326122057e+02
3.79806196372052568e+02
3.80765764389308913e+02
3.80823276243212774e+02
3.81312714296760817e+02
3.81559109949976914e+02
3.81640325250766921e+02
3.81926073198210645e+02
3.82427314106818983e+02
3.82527118468269578e+02
3.82546116089764098e+02
3.82548202125812224e+02
3.82699700192562943e+02
3.82708020595017445e+02
3.82716773580827748e+02
3.82749597766029410e+02
3.82883877884798835e+02
3.83196657345868516e+02
3.83204262192153578e+02
3.83245340192695608e+02
3.83337393661545036e+02
3.83626885414395360e+02
3.83737346379526741e+02
3.83993430803485751e+02
3.84158825694523671e+02
3.84171930835064018e+02
3.84352557401605452e+02
3.84833209416476393e+02
3.85002899234141296e+02
3.85181008337863091e+02
3.85386140440049815e+02
3.85411335799727397e+02
3.86008390690681438e+02
3.86109349215227326e+02
3.86200032527145936e+02
3.86230202606841942e+02
3.86239920222772639e+02
3.86253377921080698e+02
3.86353869701510121e+02
3.86376115876735980e+02
3.86390742952209621e+02
3.86577885106958831e+02
3.86807216661132827e+02
3.86904207273273869e+02
3.86943434610305189e+02
3.87853058698281870e+02
3.88154885480883138e+02
3.88189198441110875e+02
3.88196712447982065e+02
3.88508351901325227e+02
3.88520244557751425e+02
3.88740977676649266e+02
3.88787713676957026e+02
3.88819667691331915e+02
3.89239045988838143e+02
3.89303446601993471e+02
3.89374815661630748e+02
3.89397003953828971e+02
3.89756056294302709e+02
3.89788019523187643e+02
3.89805951057742391e+02
3.89850149405701018e+02
3.90412104841454436e+02
3.90885192223137949e+02
3.90931236566470432e+02
3.90948008484018089e+02
3.90986595047852973e+02
3.90992943153785291e+02
3.90996680854972965e+02
3.91288208552553101e+02
3.91333665288618931e+02
3.91346679378740703e+02
3.91377508908671473e+02
3.91446042438981976e+02
3.92033807705580386e+02
3.92129374272911946e+02
3.92149889126839639e+02
3.92383889314069791e+02
3.92607697411231413e+02
3.92629128556308274e+02
3.92811728091773489e+02
3.92918913260372676e+02
3.92927889932210803e+02
3.93048023869587610e+02
3.93069720550249599e+02
3.93173412058381359e+02
3.93289329369926691e+02
3.93368312747570371e+02
3.93503972202032742e+02
3.93533312957205453e+02
3.93607874341619379e+02
3.93939903382173270e+02
3.94418280230359358e+02
3.94672437099483091e+02
3.94944651532655087e+02
3.95006371129633976e+02
3.95071849487587315e+02
3.95141239296867639e+02
3.95156321335688688e+02
3.95166897397608523e+02
3.95196198467210763e+02
3.95337884936843693e+02
3.95586612262448170e+02
3.96040468881333084e+02
3.96089966846871448e+02
3.96231795927579583e+02
3.96322271815975625e+02
3.96415781432174299e+02
3.96505467745471321e+02
3.96521751835061480e+02
3.96534188421116767e+02
3.96542836427308657e+02
3.96610275793127641e+02
3.96843793307874762e+02
3.96878737391628420e+02
3.97507987351607198e+02
3.97920556283495557e+02
3.97962643935138885e+02
3.97982973751521570e+02
3.97985467831724634e+02
3.98040993929835622e+02
3.98087595188330113e+02
3.98164750177578867e+02
3.98325194118776722e+02
3.98365820837734077e+02
3.99415165681456529e+02
3.99595647740565880e+02
4.00173633288969597e+02
4.00191514772495395e+02
4.00204072698501932e+02
4.00683104616316371e+02
4.01214343810089531e+02
4.01338133685389039e+02
4.01368590110187711e+02
4.01474791462199107e+02
4.01480828447308056e+02
4.01486838689003093e+02
4.01833774076734358e+02
4.01851209886432628e+02
4.02136405757440286e+02
4.02175128790530664e+02
4.02298558552119061e+02
4.02695925552800304e+02
4.02700924097720019e+02
4.02732899943435427e+02
4.03042416810024577e+02
4.03073600352028791e+02
4.03194772746667979e+02
4.03226660420591543e+02
4.03281133123943107e+02
4.03323532628166788e+02
4.03443127961118194e+02
4.03450594070707439e+02
4.03861569823537479e+02
4.03968369736306158e+02
4.04193488923433790e+02
4.04276860044153466e+02
4.04611925021585023e+02
4.04964413720168864e+02
4.05353344558012282e+02
4.05587449779638121e+02
4.05599887914037424e+02
4.05750113808208141e+02
4.05762887530356636e+02
4.05767945603535907e+02
4.05785776629954455e+02
4.05958506830881447e+02
4.05964528611521814e+02
4.05995051398832743e+02
4.06010332651794386e+02
4.06438577353077960e+02
4.06520642423630989e+02
4.07116535673957912e+02
4.07146212873371155e+02
4.07300701299358138e+02
4.07329279317796136e+02
4.07574950195377767e+02
4.07597339653061510e+02
4.07652584236975258e+02
4.08044168191788401e+02
4.08145863753763479e+02
4.08173698761296123e+02
4.08377408779142684e+02
4.08435407338520008e+02
4.08610250039893060e+02
4.08737559514486236e+02
4.08747424236009977e+02
4.09405395952183653e+02
4.09556523202296091e+02
4.09680852756131856e+02
4.10165681869293167e+02
4.10176134974541014e+02
4.10351340735738745e+02
4.10573192108361184e+02
4.10678132825003786e+02
4.10713144999617555e+02
4.10888529590125529e+02
4.10890614153096465e+02
4.11278043371432489e+02
4.11295049716492372e+02
4.11385465628917757e+02
4.11440926318613094e+02
4.11491237748563435e+02
4.11722843642253963e+02
4.11802673376725465e+02
4.11864244518908606e+02
4.11985249814390613e+02
4.12149987702644751e+02
4.12188610893328416e+02
4.12197831621419141e+02
4.12308911515563238e+02
4.12318580541110805e+02
4.12433630729382287e+02
4.12480559766024953e+02
4.13118053317809711e+02
4.13126382636137521e+02
4.13161478835271623e+02
4.13169847354861702e+02
4.13328578331214089e+02
4.13411798879047922e+02
4.13675314847826087e+02
4.13689525376153824e+02
4.13855215596244932e+02
4.13863382475929825e+02
4.14052142118818040e+02
4.14110885521274724e+02
4.14280533983441273e+02
4.14369402819073287e+02
4.14521907282005202e+02
4.14545421277172409e+02
4.14657742300509312e+02
4.14806871156407851e+02
4.15174868856206785e+02
4.15178879031958900e+02
4.15192406495236412e+02
4.15425407823691728e+02
4.15510604413331919e+02
4.15837751923621056e+02
4.15851980670933244e+02
4.15867738226599329e+02
4.15986059844424460e+02
4.16070581044898233e+02
4.16372982624334327e+02
4.16668473233657608e+02
4.16673775786554756e+02
4.16948661516347613e+02
4.16961734502592833e+02
4.17080403689481557e+02
4.17092702587962435e+02
4.17167477854000367e+02
4.17308154930932972e+02
4.17450052263915438e+02
4.17452611656434499e+02
4.17707689506544227e+02
4.17721129604125679e+02
4.17874454636678365e+02
4.18195523357381092e+02
4.18723295099816823e+02
4.18844020271480360e+02
4.18906341443089730e+02
4.18936726392125081e+02
4.19413142781980014e+02
4.19557786510424307e+02
4.19612226342520955e+02
4.19670277018328704e+02
4.20615826274944368e+02
4.20998604666193046e+02
4.21029728232967216e+02
4.21034310390678797e+02
4.21049540303327888e+02
4.21076858742767172e+02
4.21169085669579317e+02
4.21415649455799496e+02
4.21435721046158278e+02
4.21641454325887480e+02
4.21739839425545995e+02
4.22319051833872550e+02
4.22370784542356887e+02
4.22622319884524359e+02
4.22686584861103199e+02
4.22737632547553346e+02
4.22848500182401608e+02
4.23454377501377905e+02
4.23625470857258506e+02
4.23631997242763703e+02
4.23634259739012748e+02
4.23959443713660164e+02
4.23961988999138612e+02
4.24046516432220812e+02
4.24072728274010046e+02
4.24202715048369555e+02
4.24240267120277622e+02
4.24251702223554958e+02
4.24277850416163062e+02
4.24363651993289295e+02
4.25219634141033794e+02
4.25226679471109378e+02
4.25652779199767110e+02
4.25742135903832263e+02
4.25789097982586156e+02
4.25801234948000911e+02
4.25805913540393192e+02
4.26291307417177450e+02
4.26368322665089579e+02
4.26377891073257501e+02
4.26407792857203901e+02
4.26487187788716426e+02
4.26903580257996452e+02
4.27104286102189008e+02
4.27110854102721703e+02
4.27696500775238235e+02
4.27833065218794616e+02
4.28349252673961814e+02
4.28378085820535603e+02
4.28454220121855656e+02
4.28498912682092680e+02
4.28561575951714588e+02
4.28584339468923247e+02
4.28596743715819628e+02
4.28707061397863470e+02
4.28800465587146618e+02
4.28815301495352401e+02
4.28932336571335270e+02
4.29187628927378967e+02
4.29364701871943453e+02
4.29379748454352523e+02
4.29850733572279239e+02
4.29932548195041079e+02
4.30047336802679013e+02
4.30139288648234810e+02
4.30197379797601684e+02
4.30212002245811277e+02
4.30388753418231033e+02
4.30521469691189282e+02
4.30708482145442076e+02
4.31160754459183579e+02
4.31439028052531000e+02
4.31446396792019414e+02
4.31476878829135273e+02
4.31516302580758293e+02
4.31594264782230198e+02
4.31784517570424725e+02
4.31864240965117460e+02
4.32303772464137751e+02
4.32318253273496055e+02
4.32327659485836762e+02
4.32446282618487260e+02
4.32609042646285843e+02
4.32705664201075422e+02
4.32992409334051729e+02
4.33082070918304794e+02
4.33168507087456931e+02
4.33178507642250167e+02
4.33245262232514676e+02
4.33449124944370794e+02
4.33541703659296900e+02
4.33740451950989495e+02
4.34038825585779421e+02
4.34482261448292149e+02
4.34866207757741790e+02
4.34905539431115358e+02
4.34916499185561747e+02
4.34995111586898929e+02
4.35046696530623990e+02
4.35491280559696861e+02
4.35584588495331900e+02
4.35657140537719044e+02
4.35665674715327839e+02
4.36047130973285277e+02
4.36073097574523388e+02
4.36431718829357408e+02
4.36646917296301638e+02
4.36748346798553030e+02
4.36772561723536228e+02
4.36804030731332546e+02
4.36833758378765765e+02
4.36894005471503135e+02
4.37091479059749759e+02
4.37162210247899964e+02
4.37233158310968122e+02
4.37436874689597687e+02
4.37575439230449604e+02
4.37780443464750988e+02
4.38037789183675102e+02
4.38049695656387087e+02
4.38056294494758561e+02
4.38072164383666802e+02
4.38095975138639290e+02
4.38205526984591813e+02
4.38294996075375764e+02
4.38622727830232577e+02
4.38756441697045318e+02
4.38789387822268679e+02
4.38821174979862633e+02
4.39274214084281368e+02
4.39301298113051303e+02
4.39644135750256794e+02
4.39712373912191993e+02
4.39747730622463905e+02
4.39954083076475229e+02
4.40070427736359761e+02
4.40310236518428326e+02
4.40545215970593574e+02
4.40679918390951002e+02
4.40829701173974911e+02
4.40966340043831735e+02
4.40975578505634587e+02
4.41086096359085957e+02
4.41220854147407067e+02
4.41251103231846628e+02
4.41446281538209973e+02
4.41513510206955743e+02
4.41771115530683460e+02
4.41844533683826910e+02
4.41888614798110325e+02
4.41897310481031866e+02
4.42022025884575669e+02
4.42046525901496750e+02
4.42382725066218939e+02
4.42398268506535601e+02
4.42803090106311743e+02
4.43393376972631415e+02
4.43447906741004431e+02
4.43726433689162889e+02
4.43940051116257280e+02
4.44171885339300445e+02
4.44194147167529820e+02
4.44453167125716220e+02
4.44535101806565365e+02
4.44564435666332542e+02
4.44571885959134590e+02
