5.27099486412305929e+00
7.85560007717741726e+00
1.00039750574443573e+01
1.11620102593067649e+01
1.33522639562616341e+01
1.43248579644641865e+01
1.52237230560823917e+01
1.66881306285052773e+01
1.73674497406774790e+01
1.81722255540462498e+01
2.00560655956786107e+01
2.09007569318281767e+01
2.09306534268787416e+01
2.20722871222246511e+01
2.26762742954948138e+01
2.53143681465353794e+01
2.54825878288320098e+01
2.56598782911425687e+01
2.57793903769647699e+01
2.74787738276621027e+01
2.78665599058604201e+01
2.84924059964981566e+01
2.92240059440202344e+01
3.04082901452880208e+01
3.06647159709474195e+01
3.13554298972409882e+01
3.20232660465154026e+01
3.35902632324877573e+01
3.37221262126447243e+01
3.37647832539815624e+01
3.45413467728187271e+01
3.58425699892849678e+01
3.61574514249451511e+01
3.64981075132384802e+01
3.73728668325328925e+01
3.76592749731974834e+01
3.91222318334709911e+01
3.92270176944401356e+01
3.95916616168965874e+01
4.03853747413228490e+01
4.04033528088899629e+01
4.04833790604418482e+01
4.18203289978174553e+01
4.25859859765069189e+01
4.29981425216782895e+01
4.33040564375606891e+01
4.47227663471075800e+01
4.53365787941445006e+01
4.61267372104355786e+01
4.69221860736296321e+01
4.70711373694552009e+01
4.76002938502999484e+01
4.77359629151137170e+01
4.79095543807415964e+01
4.79804477742062829e+01
4.81953162699958995e+01
4.84440974259811838e+01
4.97145304722185841e+01
4.98598133374745345e+01
5.01749578363565973e+01
5.09341797795068487e+01
5.20661849389109648e+01
5.25799416272530493e+01
5.33494627104254135e+01
5.42255823736207248e+01
5.43233661068074269e+01
5.46705373554817271e+01
5.50471630872227990e+01
5.53827199415508460e+01
5.57342858768624438e+01
5.58174540775773949e+01
5.60969231766322736e+01
5.70601980098388140e+01
5.75603599773593686e+01
5.78490675634437821e+01
5.80339510462735859e+01
5.87289440004513210e+01
5.94342929512554576e+01
6.04248933099555785e+01
6.12633025731813206e+01
6.12787395002160054e+01
6.14800294998208443e+01
6.19828937057126410e+01
6.22575637397099655e+01
6.22625941147347817e+01
6.25354618897663528e+01
6.37088241531598385e+01
6.43198226893678111e+01
6.44665991608056288e+01
6.46237994585173965e+01
6.49222739311141481e+01
6.49516364617146849e+01
6.53798106537126102e+01
6.60446958028412894e+01
6.61372469514115835e+01
6.65762539017170809e+01
6.74572248824696317e+01
6.79184075790323902e+01
6.93849202399659077e+01
6.99287223230813026e+01
6.99365736762306653e+01
6.99702543876620666e+01
7.06773848004091008e+01
7.07976786788949539e+01
7.08913865549865250e+01
7.15235569687016266e+01
7.16502758817258893e+01
7.20447218931276154e+01
7.23834803175043646e+01
7.34601135949704087e+01
7.35427354355124123e+01
7.39780035798011397e+01
7.41413938577394731e+01
7.41484670869079139e+01
7.44595242428284791e+01
7.48228198158934958e+01
7.54550338358879173e+01
7.57992428975220776e+01
7.60358173971212068e+01
7.61493918622283275e+01
7.79178491103950535e+01
7.79593945399708446e+01
7.83044655058696151e+01
7.85491068679105240e+01
7.93123186648958267e+01
7.93458061587194265e+01
7.94880641730897821e+01
7.95723504473487822e+01
7.96784306890596667e+01
8.02440741381972487e+01
8.03812891109608643e+01
8.11882538850676383e+01
8.17724061995488398e+01
8.23524943856291998e+01
8.25461073297388168e+01
8.26849656104998303e+01
8.31590196174046241e+01
8.43487779775539082e+01
8.44172925595428865e+01
8.46073255368277160e+01
8.47950740852848810e+01
8.50476926116184870e+01
8.55190694354032814e+01
8.55235598273331732e+01
8.56970759963166415e+01
8.60514471367904719e+01
8.64592204276386838e+01
8.72203868965277707e+01
8.72798163917402405e+01
8.78368211424753724e+01
8.78801079883097600e+01
8.82348348497872905e+01
8.83292434758470790e+01
8.89806709780100675e+01
8.93440121815298198e+01
8.94375668703556812e+01
9.03376373655767395e+01
9.12869636586949298e+01
9.17642940360060209e+01
9.18221766762464995e+01
9.18886603353452642e+01
9.21226850871599652e+01
9.24220683403110002e+01
9.26053276730574737e+01
9.37601039325367935e+01
9.42130068122352782e+01
9.48657907976544834e+01
9.50497755667862236e+01
9.52174913178171209e+01
9.52719580233632257e+01
9.53835647508410887e+01
9.55909157570467585e+01
9.56175649796495293e+01
9.59681461448660400e+01
9.62613433301492307e+01
9.63296464257971081e+01
9.69092674713284055e+01
9.70218558506035720e+01
9.71826979081562286e+01
9.75267323960844408e+01
9.76207666622808290e+01
9.78155117612544132e+01
9.89460258224806921e+01
9.91666826967970678e+01
1.00083785056988518e+02
1.00309010941072444e+02
1.00499662005363291e+02
1.00638330102197159e+02
1.01196470301434857e+02
1.01645842576226272e+02
1.01730719648401674e+02
1.01963612057192705e+02
1.02368448999801444e+02
1.02745124022517587e+02
1.03085976781740413e+02
1.03227042924834905e+02
1.04292799914506816e+02
1.04305441611026964e+02
1.04404869903198204e+02
1.04469912102031742e+02
1.05308083699136461e+02
1.05405526127711198e+02
1.06361037461448120e+02
1.06715434132993693e+02
1.06715714808042293e+02
1.06778915715213287e+02
1.06783978008484297e+02
1.07204146189362120e+02
1.07462480271209785e+02
1.07481823372327426e+02
1.07569726531154259e+02
1.07858947207329606e+02
1.07881880984372032e+02
1.08501168646083386e+02
1.09199125205303119e+02
1.09515626291995233e+02
1.09898039897394199e+02
1.10055955780667972e+02
1.10072867210146740e+02
1.10343764697267034e+02
1.11926736762614951e+02
1.11974204509194180e+02
1.11999175356192126e+02
1.12202058221399113e+02
1.12787547268766247e+02
1.12844344419170881e+02
1.13040426449191926e+02
1.13590168768762965e+02
1.14142753260936786e+02
1.14347024207744653e+02
1.14355383575838033e+02
1.14368597325417710e+02
1.14553340031669251e+02
1.15087460795087338e+02
1.15251287707477530e+02
1.15834494010887369e+02
1.16312175219253419e+02
1.16819219568882545e+02
1.17178318630069953e+02
1.17292485614276188e+02
1.17841611239825738e+02
1.18055276035458803e+02
1.18174407805820891e+02
1.18191355293895640e+02
1.18751057903335351e+02
1.18786232015254768e+02
1.18814534577031054e+02
1.19259559281989482e+02
1.19347343975104764e+02
1.19557108193072736e+02
1.19911078066092358e+02
1.20012095936935594e+02
1.20113979768349338e+02
1.20125696728990818e+02
1.20165896385777927e+02
1.20517218423833327e+02
1.20835018698616125e+02
1.21656944464165690e+02
1.22192819913174674e+02
1.22943252427667289e+02
1.23442255702326236e+02
1.23637277724782678e+02
1.23744765231490504e+02
1.24282969866699887e+02
1.24285339242118567e+02
1.24304024423360687e+02
1.24952219892124816e+02
1.25042050364761366e+02
1.25298167456085224e+02
1.25809380709206494e+02
1.26426618933594284e+02
1.26573562777830119e+02
1.26584950519432226e+02
1.26735079354418986e+02
1.26914531307261655e+02
1.26999309192523981e+02
1.28215567659237792e+02
1.29317325297175529e+02
1.29499525443886711e+02
1.29828680108756686e+02
1.30038012596110576e+02
1.30221928873309679e+02
1.30678550117341018e+02
1.30760498068226781e+02
1.30812431157139685e+02
1.30843966485510379e+02
1.30934858450502674e+02
1.31380961680098864e+02
1.31392598393157670e+02
1.31400026275592808e+02
1.31494850138007195e+02
1.31700218832859576e+02
1.31847186359578217e+02
1.31988458626859511e+02
1.32065095128440333e+02
1.33037809919998580e+02
1.33168035448495601e+02
1.33514813826098617e+02
1.33604770802544891e+02
1.33829802641236057e+02
1.33976637070704413e+02
1.34501312809507482e+02
1.34563051828266651e+02
1.34577503234862974e+02
1.34888968752486079e+02
1.35022436497935161e+02
1.35310039765334437e+02
1.35373765790012698e+02
1.36166055534771687e+02
1.36390483715558872e+02
1.36522632624658485e+02
1.36993113396243785e+02
1.37151732233556714e+02
1.37372673397838156e+02
1.37787749183527097e+02
1.38563649175429390e+02
1.38654568177402922e+02
1.38777924199376201e+02
1.39320099071346959e+02
1.39903104944674595e+02
1.39905472017825190e+02
1.40525231358910759e+02
1.41260060670485842e+02
1.41506623236897013e+02
1.41522882780884203e+02
1.41707552028750086e+02
1.41965967439945047e+02
1.42147839935813153e+02
1.42157691116520397e+02
1.42174553053188646e+02
1.42953963935240694e+02
1.43818318886497906e+02
1.43966592077649807e+02
1.44263700293369936e+02
1.44428917343205995e+02
1.44460093584861681e+02
1.44521954763500702e+02
1.44610836076616266e+02
1.44620951434600869e+02
1.44747144706676323e+02
1.44764471832324119e+02
1.44970227969350475e+02
1.44986252423252864e+02
1.45074252042053303e+02
1.45405975675314352e+02
1.45870061152516342e+02
1.46263069948350591e+02
1.46371680088324837e+02
1.46806581595148856e+02
1.46870617275371586e+02
1.46915931035682235e+02
1.47021429972754134e+02
1.48001988004198864e+02
1.48019346126640500e+02
1.48404113749891877e+02
1.48500904266504591e+02
1.48812256555527568e+02
1.49197260882554730e+02
1.49454428720603829e+02
1.51062594776410862e+02
1.51172215921801552e+02
1.51714140300043226e+02
1.51770347253572794e+02
1.52256823775029233e+02
1.52517945758053457e+02
1.52568784753710446e+02
1.52627981317745679e+02
1.52756745336506725e+02
1.53372146950796008e+02
1.53471737704242315e+02
1.53591607638814907e+02
1.53623099974934490e+02
1.53879310848514990e+02
1.53894637246806468e+02
1.54145613530342160e+02
1.54217510650282890e+02
1.54223666220159856e+02
1.54824202896737546e+02
1.54996248432019769e+02
1.55219553525886710e+02
1.55609825163534396e+02
1.55860037648513099e+02
1.56002112259824997e+02
1.56294635778801279e+02
1.56338208495073019e+02
1.56587453523386472e+02
1.56657200298039271e+02
1.56864100616765342e+02
1.56922366297368200e+02
1.57824595642024832e+02
1.57860551068753722e+02
1.57875194488283483e+02
1.58340545636160329e+02
1.58434017801310091e+02
1.58439304061862657e+02
1.58595400632049603e+02
1.58707848369799564e+02
1.58729990035305917e+02
1.59399812547805681e+02
1.59955463888614389e+02
1.59972120943487624e+02
1.60486643946459509e+02
1.60520475233436713e+02
1.60794464947606258e+02
1.61094049540707118e+02
1.61239898005131892e+02
1.61274481301992267e+02
1.61275752674213237e+02
1.61330129535170926e+02
1.62403151752261891e+02
1.63108482843924634e+02
1.63629502780026968e+02
1.64037594021706838e+02
1.64127861178241204e+02
1.64146602444215176e+02
1.65278961846371459e+02
1.65397805833754205e+02
1.65538849815061923e+02
1.65653274318591087e+02
1.65685434555303544e+02
1.65918243816496926e+02
1.66079424695330999e+02
1.66554580636919695e+02
1.66719762873137057e+02
1.66818502947526980e+02
1.66886152378111916e+02
1.66953020060530463e+02
1.67232165904393611e+02
1.67357795101233677e+02
1.67530855279573842e+02
1.67660444393364656e+02
1.67910275088568909e+02
1.68150309716592659e+02
1.68429911049856997e+02
1.68719461687053553e+02
1.68951136901427247e+02
1.68968784390271736e+02
1.69454872410177273e+02
1.69561059501994833e+02
1.70006532058711485e+02
1.70481421708411489e+02
1.70573458319085404e+02
1.70938012223676395e+02
1.70981647177287613e+02
1.72077092040971849e+02
1.72235073939680916e+02
1.72677147094706100e+02
1.72989547947261855e+02
1.72992217209768370e+02
1.73004994911073396e+02
1.73084278982939765e+02
1.73120481295493590e+02
1.73252586208522274e+02
1.73256926252206910e+02
1.73423739233420662e+02
1.73677793282798604e+02
1.73761509017311568e+02
1.73926908565479749e+02
1.74392946529553484e+02
1.74470722582084221e+02
1.74486742429736154e+02
1.75333555324311220e+02
1.75364979446265608e+02
1.75409703467870742e+02
1.76114330539206179e+02
1.76165931697735431e+02
1.76292319543032619e+02
1.76331743709053939e+02
1.77525554244208621e+02
1.77550919892929329e+02
1.77616415044364743e+02
1.77773051778655287e+02
1.77911809922902279e+02
1.78121224483073007e+02
1.78558000829145072e+02
1.78660015245341157e+02
1.78862680270795721e+02
1.78877570198188465e+02
1.78977871680193118e+02
1.79035344738250558e+02
1.79356163860498128e+02
1.79715313689732653e+02
1.79838740035017821e+02
1.80178216170801733e+02
1.80376643885136701e+02
1.80591116155271976e+02
1.80859074153554928e+02
1.80913583292057041e+02
1.81179367361788451e+02
1.81290155265355821e+02
1.81680215829538810e+02
1.81757621931804096e+02
1.81824690256632920e+02
1.82820351171791543e+02
1.82925555326153614e+02
1.83146844681708728e+02
1.83468590279197457e+02
1.83500826362585116e+02
1.83741650972756275e+02
1.84173448523369160e+02
1.84299305494548634e+02
1.84387622062885697e+02
1.84979343624533527e+02
1.85568512964104940e+02
1.85676306070262541e+02
1.86059820285962388e+02
1.86144479883333730e+02
1.86412944731796557e+02
1.86645282262030463e+02
1.87184625058854834e+02
1.87268983308754599e+02
1.87325421513721039e+02
1.87497657741856045e+02
1.88053169679945682e+02
1.88054532429831312e+02
1.88170112767022232e+02
1.88294621087920490e+02
1.88380033226327640e+02
1.88421299690592178e+02
1.88548924353312799e+02
1.88750797335414717e+02
1.88914931342410483e+02
1.89073431283610688e+02
1.89236071197351890e+02
1.90036952897593466e+02
1.90098143149993547e+02
1.90123723642331555e+02
1.90336420457302410e+02
1.90589868515760685e+02
1.91350519390654341e+02
1.91418737304227676e+02
1.91764267021082134e+02
1.91801891395665706e+02
1.91951833796045690e+02
1.92307689334088167e+02
1.92355148615312459e+02
1.92409806284021641e+02
1.92467077531792000e+02
1.92693671827833356e+02
1.92721724668280416e+02
1.93287206278514958e+02
1.93311363934048387e+02
1.93413211199476251e+02
1.93662574930921750e+02
1.93913262117625067e+02
1.94236023575883991e+02
1.94300850707323917e+02
1.94501408806643525e+02
1.94552213047418633e+02
1.95063854993189210e+02
1.95112176798742297e+02
1.95700718021670156e+02
1.96075631807832593e+02
1.96276889550281595e+02
1.96641172154974271e+02
1.96738783747795111e+02
1.97082925013441610e+02
1.97126717177068571e+02
1.97270928226915800e+02
1.97647396445790065e+02
1.98053467300095889e+02
1.98167832619452867e+02
1.98489480276568457e+02
1.98541803422441006e+02
1.98669152267614692e+02
1.99073251239785662e+02
2.00071653965137756e+02
2.00151767534570610e+02
2.00373778733903208e+02
2.00507566825783982e+02
2.01276012799125482e+02
2.01319594143676142e+02
2.01428313616336396e+02
2.01624497731655680e+02
2.01671206485836308e+02
2.01859522159132126e+02
2.02031889635070740e+02
2.02296004372810529e+02
2.02429880535595061e+02
2.02481978745168448e+02
2.02666120997355989e+02
2.03005252551860082e+02
2.03137537871030105e+02
2.03220012061673998e+02
2.03331670544377772e+02
2.03357691581632281e+02
2.03511085304827844e+02
2.03640306392373731e+02
2.04060315421354886e+02
2.04083588073053221e+02
2.04912597312756446e+02
2.05087043515742238e+02
2.05217847808183677e+02
2.05218207302665832e+02
2.05238171517590473e+02
2.05336534205813194e+02
2.05470897807308035e+02
2.05478304309822562e+02
2.05676015982240273e+02
2.06234429547324311e+02
2.06303533041764382e+02
2.06589432406376403e+02
2.06640969452777682e+02
2.06744267841896232e+02
2.07081007807033842e+02
2.07579961708096647e+02
2.07886809253657503e+02
2.07962034582660095e+02
2.08319148850939058e+02
2.08421009076292904e+02
2.08517392973361012e+02
2.08555505737350217e+02
2.08792883584119153e+02
2.08793730245009698e+02
2.09001142181873519e+02
2.09113628702580939e+02
2.09337077292520121e+02
2.09338338197622278e+02
2.10386436488197688e+02
2.10570201638218805e+02
2.11130098304293853e+02
2.11726811752030159e+02
2.11779855145434396e+02
2.11932561908422571e+02
2.12025991794743760e+02
2.12032487438645404e+02
2.12250985121117395e+02
2.12385714982793360e+02
2.12616069529948987e+02
2.12634062752609424e+02
2.13619357958961388e+02
2.13640281991936234e+02
2.14030211630805439e+02
2.14466043094143714e+02
2.14913505364933684e+02
2.14957895644948707e+02
2.15011359606713683e+02
2.15162424838048054e+02
2.15258386304549532e+02
2.15494620900060426e+02
2.15963441342042955e+02
2.16191666965661312e+02
2.16319717744104906e+02
2.16525335070569810e+02
2.16538628085433942e+02
2.16691196290571753e+02
2.16835863503665024e+02
2.16913893914754823e+02
2.17219998240458295e+02
2.17223347289461941e+02
2.17280678156647269e+02
2.17307730134542425e+02
2.17433970293115152e+02
2.17814733129654286e+02
2.18952961478078208e+02
2.18968375525436699e+02
2.19045776736753027e+02
2.19050146559597323e+02
2.19234002499590162e+02
2.19488784435377596e+02
2.19622133466249892e+02
2.19734091320873034e+02
2.19785120306322227e+02
2.19795531057029990e+02
2.19954331366833770e+02
2.19979183145876704e+02
2.20123532423017963e+02
2.20555838832317846e+02
2.21668931128307037e+02
2.21700922805350700e+02
2.21802527867081750e+02
2.21803863422845581e+02
2.21871462414658396e+02
2.22490530778531053e+02
2.22520990616404134e+02
2.22900401217393636e+02
2.22923243102878843e+02
2.22994830816028895e+02
2.23017917048474459e+02
2.23240789967490144e+02
2.23307738135063147e+02
2.23841542260164630e+02
2.23970695951971578e+02
2.24047535811948620e+02
2.24503802656451541e+02
2.24640244836770563e+02
2.24931404688278150e+02
2.24993338161404580e+02
2.25162956390673656e+02
2.25503643140162154e+02
2.26159987196281719e+02
2.26188567028426263e+02
2.26258331579860311e+02
2.26783013951000186e+02
2.27123229969155346e+02
2.27146659306024020e+02
2.27477090932212860e+02
2.27497912558495074e+02
2.27605204240061795e+02
2.27659954159782188e+02
2.27855667404294621e+02
2.27939324868199975e+02
2.28209721643660629e+02
2.28594808249581405e+02
2.28789047396893380e+02
2.28831054273297894e+02
2.29071283160370854e+02
2.29118575831144113e+02
2.29171500353978161e+02
2.29270977577952152e+02
2.29798178148247786e+02
2.29883747453369637e+02
2.30345555214397649e+02
2.30734683434317589e+02
2.30883044494963457e+02
2.30990628077462731e+02
2.30996433858335280e+02
2.31139593515841199e+02
2.31213072747769019e+02
2.31221613712016193e+02
2.31333774145394642e+02
2.31736909369402014e+02
2.32029872509085834e+02
2.32529719666475728e+02
2.33002664979885111e+02
2.33246105276152349e+02
2.33626896987152605e+02
2.33721612280905703e+02
2.33840067520276847e+02
2.33842299488262114e+02
2.33949372505344371e+02
2.34202332247741452e+02
2.34275662021504075e+02
2.34303282589745862e+02
2.34320770849075728e+02
2.34429014239547683e+02
2.35032193099596412e+02
2.35288807442971660e+02
2.35463305211617893e+02
2.36094324073913668e+02
2.36803616554435365e+02
2.37035555409806733e+02
2.37426006691586707e+02
2.37431308818272697e+02
2.37717094986012597e+02
2.37832580546155299e+02
2.38348398321500810e+02
2.38556852907335923e+02
2.38961799542547340e+02
2.39114569128560191e+02
2.39255535845297061e+02
2.39284776377266638e+02
2.39347263476439167e+02
2.39744720188639775e+02
2.39893889191955196e+02
2.39894211142399598e+02
2.40186167512537025e+02
2.40208849131198974e+02
2.40441601971460813e+02
2.40611170051111429e+02
2.40726683596616311e+02
2.40830842770200405e+02
2.40834914178069113e+02
2.40935994775341186e+02
2.40986525515524448e+02
2.41186838791174381e+02
2.41209023876847283e+02
2.41221743097042093e+02
2.41249111237931260e+02
2.41457136828735003e+02
2.41584563788239194e+02
2.41700169576608374e+02
2.42194496873695101e+02
2.43258716018885167e+02
2.43298298754496187e+02
2.43346493783583725e+02
2.43856806063555297e+02
2.43907480584048557e+02
2.43955637662100827e+02
2.44167652233091900e+02
2.44178705149603616e+02
2.44331539837805195e+02
2.44398298050750526e+02
2.44631510976120609e+02
2.44647643160659044e+02
2.44685777924796497e+02
2.45157309962230727e+02
2.45442066944925529e+02
2.45580181953893742e+02
2.46051355913593795e+02
2.46087064374168307e+02
2.46156247586750311e+02
2.46326421362168702e+02
2.46368373314145316e+02
2.46378802255580382e+02
2.46577436375243281e+02
2.46611018642901371e+02
2.46810607487295130e+02
2.47080843172075390e+02
2.47689948913084294e+02
2.48332159554730225e+02
2.48372142457162141e+02
2.48659265474607338e+02
2.48737151242158831e+02
2.48851215151852301e+02
2.49056294050205310e+02
2.49134331379422093e+02
2.49298193484987763e+02
2.49740246826334811e+02
2.49858018307057847e+02
2.49923510630076606e+02
2.50508796815728061e+02
2.50979442823962557e+02
2.51032481301050922e+02
2.51053854250293938e+02
2.51569361185704707e+02
2.51741971931609868e+02
2.51792935861545999e+02
2.52266386785290337e+02
2.52540608110029979e+02
2.53303036647578693e+02
2.53739079920206649e+02
2.53820840498119964e+02
2.53848397593111002e+02
2.53895526977399356e+02
2.54020974040126504e+02
2.54032502927937657e+02
2.54080137930174459e+02
2.54266005772191619e+02
2.54697579754219674e+02
2.54782266347163244e+02
2.54906780344131022e+02
2.54972696702964669e+02
2.55153934747355180e+02
2.55285596341807349e+02
2.55394978102716408e+02
2.55495822512447290e+02
2.55619261503069168e+02
2.55834426623626797e+02
2.55855347008902385e+02
2.56096081057328661e+02
2.56371124473131886e+02
2.56414741161410916e+02
2.56433423452011311e+02
2.56842431090971559e+02
2.57029347770623758e+02
2.57066493015780225e+02
2.58188210337656074e+02
2.58227712099241216e+02
2.58353793052157130e+02
2.58391035690057493e+02
2.58651510490931855e+02
2.59086038879181615e+02
2.59128895868224390e+02
2.59133667755545957e+02
2.59179249748559869e+02
2.59839261025327914e+02
2.60053704163507973e+02
2.60162416503656914e+02
2.60313576684760164e+02
2.60746262499615113e+02
2.60846303670280122e+02
2.61173284275757283e+02
2.61209140904458877e+02
2.61584165158479095e+02
2.61649125818825382e+02
2.61713954922924245e+02
2.62362842794450216e+02
2.62536924356171880e+02
2.62598596777078001e+02
2.62690256009334121e+02
2.62780655889817695e+02
2.62893902367575492e+02
2.62998045809234554e+02
2.63433652738556702e+02
2.63440204626850232e+02
2.63853985019345487e+02
2.63866079619882385e+02
2.64103359519560172e+02
2.64125539902349260e+02
2.64157251415945211e+02
2.64266509122971343e+02
2.64340333217841703e+02
2.64475697619370635e+02
2.64610584799401408e+02
2.64887247818082756e+02
2.65261920925955451e+02
2.65342341691661659e+02
2.65436387200228978e+02
2.65541069683937508e+02
2.65804989311274653e+02
2.65951611573189552e+02
2.66432394437870244e+02
2.66560922216391873e+02
2.66561034014270263e+02
2.67242624596678411e+02
2.67317231157739457e+02
2.67369547151716233e+02
2.67615787880822381e+02
2.68041233455506017e+02
2.68246449638659101e+02
2.68262661778948882e+02
2.68283364738589057e+02
2.68856269429297981e+02
2.68867149766146554e+02
2.68976144399982786e+02
2.69021727823756009e+02
2.69459680544384582e+02
2.69934395642128948e+02
2.70343391004156274e+02
2.70453463284843906e+02
2.70552205809460702e+02
2.70609613592031224e+02
2.70698534718305950e+02
2.70778740797156161e+02
2.71090057409158590e+02
2.71109747965710881e+02
2.71116588574460138e+02
2.71120249279358404e+02
2.71229455849585179e+02
2.71321046786466241e+02
2.71375503246404605e+02
2.71910663974789600e+02
2.72047487129400452e+02
2.72067248716834797e+02
2.72255254820649043e+02
2.72476433456909831e+02
2.72534631052304007e+02
2.72565675481165840e+02
2.73168341884011852e+02
2.73607866196195005e+02
2.73634004206978489e+02
2.73653486636490470e+02
2.73746173814850295e+02
2.74026176239103165e+02
2.74056156915208248e+02
2.74091074040817603e+02
2.74348171299673027e+02
2.74615068752964021e+02
2.75095304069376311e+02
2.75583086230529716e+02
2.76048833437687563e+02
2.76137029731978942e+02
2.76253887947900012e+02
2.76557215157280211e+02
2.76955507467533039e+02
2.77405070616163471e+02
2.77527234659310352e+02
2.78040243616034786e+02
2.78393112521474450e+02
2.78483736155962561e+02
2.78882170513814572e+02
2.79004327268168026e+02
2.79029502530262903e+02
2.79174718379720048e+02
2.79179973345538883e+02
2.79512324807612117e+02
2.79903823968724737e+02
2.80033642975133716e+02
2.80125170401905393e+02
2.80218275840190813e+02
2.80541236931958110e+02
2.80636905664290225e+02
2.80699272383668472e+02
2.81025732516464700e+02
2.81082951133867027e+02
2.81150090340944303e+02
2.81317930365194911e+02
2.82248552341426603e+02
2.82315241827851196e+02
2.82320822663735612e+02
2.82389227103523922e+02
2.82476216417851333e+02
2.82594688221121942e+02
2.83411813675670714e+02
2.83536739091059985e+02
2.83550113530101385e+02
2.83700897111009340e+02
2.83732033694526308e+02
2.83801217273233306e+02
2.83839602552966198e+02
2.84143715829201710e+02
2.84284193255056948e+02
2.84294432751079171e+02
2.84345356167421187e+02
2.84354131460028725e+02
2.84578823416376849e+02
2.84579278543801479e+02
2.84813337582783220e+02
2.84834155331620423e+02
2.85128698733599776e+02
2.85493466891395542e+02
2.86013129897866861e+02
2.86032254692413403e+02
2.86421884259344552e+02
2.86700747312568865e+02
2.86867408301002683e+02
2.86945642769274968e+02
2.86964093233430958e+02
2.86983626429244055e+02
2.87078181026913285e+02
2.87239496873672010e+02
2.87381383689990230e+02
2.87399131514565511e+02
2.87875370189513319e+02
2.88375181262571800e+02
2.88701742842752083e+02
2.89280320366430260e+02
2.89342170478481080e+02
2.89430736602829938e+02
2.89477487034038063e+02
2.89544238105889690e+02
2.89585787447085295e+02
2.89736726901345605e+02
2.89751528725054641e+02
2.89959817885199300e+02
2.90336580971441094e+02
2.90539764580941892e+02
2.90581257536916837e+02
2.90720920855860072e+02
2.90763565280535204e+02
2.90774594116569460e+02
2.90886170722777138e+02
2.90930723936197410e+02
2.90956057398706662e+02
2.91616564027460640e+02
2.91717224422577374e+02
2.91756554598697107e+02
2.91849413934669201e+02
2.91967679085211557e+02
2.92067793265072169e+02
2.92350127811579910e+02
2.92499963755652402e+02
2.92988012759345111e+02
2.93631452605670120e+02
2.94513464221858158e+02
2.94858013439186834e+02
2.95448204925741948e+02
2.95462964276370940e+02
2.95544142531174202e+02
2.95561698453696749e+02
2.95752558127748557e+02
2.95881035113554162e+02
2.96052051044784548e+02
2.96124345460450172e+02
2.96260024956709458e+02
2.96557920468069824e+02
2.96597548184641823e+02
2.96709773698699792e+02
2.96743639318749615e+02
2.96936631102757701e+02
2.97091631294623880e+02
2.97105029041226658e+02
2.97168370408426085e+02
2.97274459747797096e+02
2.97615115429983007e+02
2.97724955199648434e+02
2.97925781955363846e+02
2.97931036094599904e+02
2.98313539513754904e+02
2.98587409212601870e+02
2.98686938231311501e+02
2.99120719382371703e+02
2.99264213250137800e+02
2.99807743137183138e+02
2.99812300730460379e+02
2.99976425063539523e+02
2.99995326478247307e+02
3.00304160924241955e+02
3.00313765700091039e+02
3.00499535774503784e+02
3.00558597107023047e+02
3.00762559274334194e+02
3.01146081030744881e+02
3.01340367288913740e+02
3.01604816745806374e+02
3.01904588803241381e+02
3.02272628294308902e+02
3.02304209543182878e+02
3.02455548553209724e+02
3.02881689209473393e+02
3.03217262835620204e+02
3.03367951873391803e+02
3.03828208262350017e+02
3.03855370983614876e+02
3.03877486085440864e+02
3.03884739884824057e+02
3.03908629143793405e+02
3.03983651553049526e+02
3.04668228569881535e+02
3.04723215057924335e+02
3.04950606850071154e+02
3.05134575640850471e+02
3.05325068548637432e+02
3.05501719197446619e+02
3.05514252285104931e+02
3.05671784777327275e+02
3.05862371605632234e+02
3.06486041833833269e+02
3.06508505555564511e+02
3.06608045393817065e+02
3.06696810714225876e+02
3.06784454603364679e+02
3.06837078395208323e+02
3.07148920611932226e+02
3.07276492884313711e+02
3.07561703599605835e+02
3.07576511916293384e+02
3.08064220866689311e+02
3.08123829124737654e+02
3.08161443213333314e+02
3.08354453474036745e+02
3.08513650145025849e+02
3.08514537121890271e+02
3.08577488629157187e+02
3.08803141863841915e+02
3.08993790430281251e+02
3.09358258248825564e+02
3.09451622060786576e+02
3.10305611191842672e+02
3.10444241453367454e+02
3.10475363198539412e+02
3.10756838670477350e+02
3.10818828203911380e+02
3.11146033237361053e+02
3.11490237167479791e+02
3.11867940918490262e+02
3.11877770374376723e+02
3.11930262007543774e+02
3.12005914441059758e+02
3.12008579647801298e+02
3.12660872354112030e+02
3.12784495565659540e+02
3.12917795129060323e+02
3.13013563653083565e+02
3.13031142570558359e+02
3.13592424580038369e+02
3.13812123711201366e+02
3.13900104229092676e+02
3.14120073099638148e+02
3.14125004142853641e+02
3.14151906915832342e+02
3.14431986401217728e+02
3.14475321212516292e+02
3.14700762734583691e+02
3.14702545603938688e+02
3.14762584864708856e+02
3.15032439662697584e+02
3.15068294085166372e+02
3.15199190152896676e+02
3.15430087745260380e+02
3.15755189056445147e+02
3.15819712484559204e+02
3.16018646207725169e+02
3.16407085835282942e+02
3.16547049209184706e+02
3.16671110688425188e+02
3.16792937144953612e+02
3.16975970012287917e+02
3.17153134382013036e+02
3.17296720171186507e+02
3.17306964404323253e+02
3.17554275836936654e+02
3.17580890296925759e+02
3.17904247961023657e+02
3.18026543536587951e+02
3.18157247268475430e+02
3.18270664383535745e+02
3.18485706578865120e+02
3.18976593395423833e+02
3.18999162721387961e+02
3.19113851398323959e+02
3.19188603749009303e+02
3.19225639116700449e+02
3.19554381106150345e+02
3.19618429575779373e+02
3.20262377544444121e+02
3.20408483968312908e+02
3.20885056737844707e+02
3.20946697668861589e+02
3.21125956008378012e+02
3.21166242825886457e+02
3.21194170481000697e+02
3.21382681327297632e+02
3.21665687004281494e+02
3.22062240917920349e+02
3.22224833133317702e+02
3.22415430458708215e+02
3.22505947726494810e+02
3.22858819803228471e+02
3.22929425849763561e+02
3.22979078626754699e+02
3.23150954094388908e+02
3.23185005739432086e+02
3.23214208844664313e+02
3.23252747945323335e+02
3.23425938872381835e+02
3.23808165305549437e+02
3.23893927826664481e+02
3.25116475946569153e+02
3.25184411675796014e+02
3.25499899797277067e+02
3.25526781522071587e+02
3.25759967493994850e+02
3.26054688599462338e+02
3.26075985235708458e+02
3.26238202606856021e+02
3.26243759711706957e+02
3.26257782015217458e+02
3.26584428244396918e+02
3.27118140717671054e+02
3.27145737151633057e+02
3.27398500232628976e+02
3.27621274888087896e+02
3.27836841641272372e+02
3.28051687983729607e+02
3.28122073402819979e+02
3.28169968529160997e+02
3.28383178682904827e+02
3.28385681664353569e+02
3.29109878078163547e+02
3.29214897283778782e+02
3.29222523732935315e+02
3.29470331582269523e+02
3.29899810491154767e+02
3.29937323746107040e+02
3.29947262641597945e+02
3.30413884726954620e+02
3.30439952802670405e+02
3.30862246036718375e+02
3.31203314450219068e+02
3.31209627415743512e+02
3.31637188346835046e+02
3.31802623414434720e+02
3.31833959230113578e+02
3.32100706510653026e+02
3.32285419904364630e+02
3.32356998842260282e+02
3.32516233688068837e+02
3.32596507413637255e+02
3.32682500783233081e+02
3.32955118657107391e+02
3.33276505359492489e+02
3.33277074390724692e+02
3.33299161270895070e+02
3.33398849344144537e+02
3.33442952394449662e+02
3.33587322575941357e+02
3.33794564587782929e+02
3.33858950256945491e+02
3.34221061455932841e+02
3.34682937232939366e+02
3.34741550717447353e+02
3.34753540480218930e+02
3.34888684506094933e+02
3.34908655247810430e+02
3.35035453420848626e+02
3.35385528171692840e+02
3.35699873712427006e+02
3.35707910689200617e+02
3.35722332888679830e+02
3.35952237895323151e+02
3.36075155187118867e+02
3.36104067010226231e+02
3.36149564405503838e+02
3.36264209595982948e+02
3.36405799496675627e+02
3.36413491426637279e+02
3.36705733710653135e+02
3.36826107927041903e+02
3.36850126847161732e+02
3.36982829183771855e+02
3.37007197798680295e+02
3.37226982103785986e+02
3.37518719497589700e+02
3.37976040792604635e+02
3.38098300253288585e+02
3.38283249085317948e+02
3.38362045103843229e+02
3.38529738942431322e+02
3.38615963961504804e+02
3.38633435381992058e+02
3.39823538854976618e+02
3.39823794191141701e+02
3.39866293458698692e+02
3.40253223626300496e+02
3.40840688275106686e+02
3.41184974352872132e+02
3.41690118043128678e+02
3.41838225881858648e+02
3.41923947682129437e+02
3.42076271826901916e+02
3.42082920688236413e+02
3.42361098840119098e+02
3.42492352116914049e+02
3.42738933419356613e+02
3.42934464324283340e+02
3.43084817100596069e+02
3.43086075760408676e+02
3.43602171081160691e+02
3.43633155432397984e+02
3.43685628638522303e+02
3.43939801988560248e+02
3.44002857734691247e+02
3.44257562513835296e+02
3.44531206367851382e+02
3.44688917196777311e+02
3.45036013945995023e+02
3.45050386010319471e+02
3.45095971434321200e+02
3.45154984026917532e+02
3.45193018251746253e+02
3.45254494118908269e+02
3.45367379166344563e+02
3.45559792978704422e+02
3.45571226157201522e+02
3.45573758037246421e+02
3.45589962954714110e+02
3.45732893133856010e+02
3.46058255679467379e+02
3.46718667199919878e+02
3.47129520668841792e+02
3.47499527220306618e+02
3.47520730699021101e+02
3.47620336757168957e+02
3.48082312891179072e+02
3.48148710887163475e+02
3.48164262722387548e+02
3.48174101528991741e+02
3.48403085170413988e+02
3.48475697371795263e+02
3.48479213086156960e+02
3.48784267022072640e+02
3.48785138995189527e+02
3.48789395151051622e+02
3.48813614503323265e+02
3.49592728401592467e+02
3.49721551758197052e+02
3.49903870449329361e+02
3.49931029626674217e+02
3.50510409173252697e+02
3.50578068329200278e+02
3.50624044189878191e+02
3.50725981227977286e+02
3.50748689756867066e+02
3.51315680485020835e+02
3.51631882234960358e+02
3.51950584212409808e+02
3.52218346432399130e+02
3.52418251744399981e+02
3.52734806394680845e+02
3.52922288486563048e+02
3.52948171057063405e+02
3.53157694786451316e+02
3.53198629252461387e+02
3.53346518863096776e+02
3.53484355597829108e+02
3.53534496022906410e+02
3.53579115405924767e+02
3.53871985901311177e+02
3.54042852959115066e+02
3.54357429039903764e+02
3.54386082610737162e+02
3.54780877832492592e+02
3.54828154998672517e+02
3.55109167072956780e+02
3.55551942545962902e+02
3.55596632645488739e+02
3.55664483775375061e+02
3.55671323626033200e+02
3.55759503804489555e+02
3.56029241022056794e+02
3.56056575747839247e+02
3.56146972202279358e+02
3.56401480377814096e+02
3.56608780064334610e+02
3.56643673587590797e+02
3.56966159201975415e+02
3.57152022606434230e+02
3.57381353585893635e+02
3.57411412796952050e+02
3.57430319174235819e+02
3.57468883273644792e+02
3.57888202729926320e+02
3.57911831180446256e+02
3.57944177019444282e+02
3.58599601652881120e+02
3.58670575497463574e+02
3.58730060704995594e+02
3.59048795341613072e+02
3.59765588366456655e+02
3.59802565126367881e+02
3.59951217687486292e+02
3.60396746237563320e+02
3.60398008441644834e+02
3.60466141387105267e+02
3.61003029697952343e+02
3.61085498124252695e+02
3.61133693033323880e+02
3.61201287426711815e+02
3.61522967246385520e+02
3.61952756091787592e+02
3.62048535626039666e+02
3.62295202834260976e+02
3.62763008120115273e+02
3.63244498162442369e+02
3.63264836831793673e+02
3.63268119766216046e+02
3.63288043528212484e+02
3.63291756243106306e+02
3.63383158657793615e+02
3.63388402744853238e+02
3.63648795284518201e+02
3.63652004130344494e+02
3.63693079380662311e+02
3.63759096560829676e+02
3.63873822766730655e+02
3.64175444976674839e+02
3.64693505059225004e+02
3.64818594600053757e+02
3.64934603734173379e+02
3.64942113388989128e+02
3.65380776304541996e+02
3.65684631772459511e+02
3.65745894521030550e+02
3.65765574338710962e+02
3.65966011105232838e+02
3.66444989598132111e+02
3.66522624760180292e+02
3.66543009179064597e+02
3.67200918768086126e+02
3.67306088283189297e+02
3.67365112503357523e+02
3.67385031763289248e+02
3.67615209969343141e+02
3.67715007185013292e+02
3.67796536536500184e+02
3.67875910532758439e+02
3.68024751678477514e+02
3.68074705264976956e+02
3.68197404931394317e+02
3.68271530897521188e+02
3.68333937513302317e+02
3.68496099669889077e+02
3.69014694129267809e+02
3.69432106539792358e+02
3.69482313003240847e+02
3.69684034093736500e+02
3.69887463571041849e+02
3.70127263025932621e+02
3.70299136107861045e+02
3.70742779383960283e+02
3.70782665766099058e+02
3.70911206552275644e+02
3.71095143070063614e+02
3.71153456987556865e+02
3.71285900700354205e+02
3.71665709975512755e+02
3.71676491491637307e+02
3.71754579756699286e+02
3.71760930060284295e+02
3.71981067012296990e+02
3.72016925211416833e+02
3.72232611383877497e+02
3.72416269813818303e+02
3.72858381911529023e+02
3.72986172819968942e+02
3.73068903590308537e+02
3.73272141515477074e+02
3.73444202759799850e+02
3.73988607174294430e+02
3.74374323894799659e+02
3.74457134826964420e+02
3.74615262898157539e+02
3.74802101818489177e+02
3.74900097049216811e+02
3.74952552587217383e+02
3.75124644358089199e+02
3.75277452312015384e+02
3.75390749063280737e+02
3.75435285762502872e+02
3.75613005825323398e+02
3.75678800364322456e+02
3.75679393112871480e+02
3.76051272005447231e+02
3.76169655607876962e+02
3.76316345263824360e+02
3.76577388213637732e+02
3.76672552629555753e+02
3.76695558987627464e+02
3.76864564607788111e+02
3.76951268988545280e+02
3.77003263656732429e+02
3.77067018579241221e+02
3.77375114397575885e+02
3.77876147682887449e+02
3.77994193626982451e+02
3.78067112455384063e+02
3.78220370336775659e+02
3.78261143863267080e+02
3.78262418287999026e+02
3.78640961546613198e+02
3.78681583097284602e+02
3.79082974020403753e+02
3.80036180369269459e+02
3.80534985396388834e+02
3.80819641205713083e+02
3.80927577947387704e+02
3.81077044277857453e+02
3.81167953321994673e+02
3.81505569799195314e+02
3.81581514461202460e+02
3.81633866198184364e+02
3.81798867175023588e+02
3.82018736417389164e+02
3.82117232411494115e+02
3.82165138168106068e+02
3.82635828894615884e+02
3.82703385172537992e+02
3.82737509265998369e+02
3.82813916253719526e+02
3.83151670940331883e+02
3.83521346044195184e+02
3.83736026446550113e+02
3.83741204821870042e+02
3.83853551929559558e+02
3.83926641514649873e+02
3.84134345780388458e+02
3.84439391497801466e+02
3.84442830216836001e+02
3.84616556113054912e+02
3.85022890542389291e+02
3.85094614684288786e+02
3.85106737397239158e+02
3.85167345696107077e+02
3.85224126192881954e+02
3.85285443863078058e+02
3.86280135160772147e+02
3.86479132884604724e+02
3.86537036816578734e+02
3.86539259442046159e+02
3.86807686951521191e+02
3.86840808794525060e+02
3.86949490595632483e+02
3.87321580971837648e+02
3.87540816585837320e+02
3.87601187977016707e+02
3.87685194974373985e+02
3.88072823400625225e+02
3.88170410234792826e+02
3.88981118509710655e+02
3.89020583191616197e+02
3.89038368569245904e+02
3.89053729188392253e+02
3.89189915775466261e+02
3.89224030282960484e+02
3.89250114843341635e+02
3.89367799972899093e+02
3.89603497952475095e+02
3.89740632486399022e+02
3.89905544879166769e+02
3.90051410815429904e+02
3.90293511545383353e+02
3.90553231444282005e+02
3.90631934154607620e+02
3.90673039056639823e+02
3.90793355813681274e+02
3.90982121480693422e+02
3.91026455761595457e+02
3.91174522781391715e+02
3.91325183179170608e+02
3.91459770792842733e+02
3.91676549974104773e+02
3.91772521301956544e+02
3.91920409952041268e+02
3.92281452139764724e+02
3.92350887741955489e+02
3.92663673617479276e+02
3.92761263770833011e+02
3.93116028281203626e+02
3.93166880464004748e+02
3.93178440639738596e+02
3.93209834548084928e+02
3.93232302476244854e+02
3.93397175080282068e+02
3.93690811403010684e+02
3.93691483319124359e+02
3.93859746364099351e+02
3.94470370533084179e+02
3.94831373898519814e+02
3.95204444724670680e+02
3.95450981083729630e+02
3.95564042532687040e+02
3.95625988186191648e+02
3.95740801264941410e+02
3.95752993027255570e+02
3.95982768935663330e+02
3.96117860397815321e+02
3.96162869842820101e+02
3.96416325620060661e+02
3.96581362748790070e+02
3.96977876712972602e+02
3.97129581270646895e+02
3.97349908515107586e+02
3.97700077063045683e+02
3.98387269136033865e+02
3.98605662505329860e+02
3.98825401019303285e+02
3.99020123874485535e+02
3.99030617614383459e+02
3.99060693361381823e+02
3.99135420134950436e+02
3.99322422754486297e+02
3.99327152698391160e+02
3.99498018583966541e+02
3.99895760308830063e+02
4.00006826488101979e+02
4.00088393340675225e+02
4.00286297687792739e+02
4.00593924729304945e+02
4.00811976113698165e+02
4.00993881265514005e+02
4.01084886813624280e+02
4.01220273199353073e+02
4.01436542330653538e+02
4.01459694711638804e+02
4.01535998946421614e+02
4.01735653035779023e+02
4.01841702129086229e+02
4.01971351052085424e+02
4.02403441533974274e+02
4.02446714541121082e+02
4.02690220631685520e+02
4.03198292667181136e+02
4.03353478449055388e+02
4.03618798335974702e+02
4.03635254845003487e+02
4.03704326992982942e+02
4.03808411938914901e+02
4.04188257327384918e+02
4.04203201723200891e+02
4.04228525745802699e+02
4.04252906269942741e+02
4.04449257652164420e+02
4.04559253949729282e+02
4.04625759148882139e+02
4.04794278104349814e+02
4.05001457037405316e+02
4.05194310467970809e+02
4.05323466140442633e+02
4.05357413750842170e+02
4.05529222608000850e+02
4.05666677261194536e+02
4.05712858429305925e+02
4.06125665945126116e+02
4.06215608872761436e+02
4.06778170131239904e+02
4.07025985171890966e+02
4.07609609897139990e+02
4.07895127714832824e+02
4.08094871202315517e+02
4.08113380578147144e+02
4.08202253526646018e+02
4.08281535814026483e+02
4.08573799729322673e+02
4.08633680021396231e+02
4.08661103966398059e+02
4.08783837114109588e+02
4.08808733851910802e+02
4.09018993812137978e+02
4.09055486518887392e+02
4.09425131332948922e+02
4.09516907474167510e+02
4.09581794367142379e+02
4.09582093539973812e+02
4.09818272353720999e+02
4.09820842018898702e+02
4.09848838618652053e+02
4.09893853376552556e+02
4.10438662017302363e+02
4.10895472200603763e+02
4.11024857279337994e+02
4.11127697250449160e+02
4.11372298904564559e+02
4.11471264776045700e+02
4.11562281201396445e+02
4.11675891910395876e+02
4.12154035641191285e+02
4.12293689425271623e+02
4.12787380653313676e+02
4.12947962261954899e+02
4.12948650085294730e+02
4.13194301111173445e+02
4.13387841119741665e+02
4.13399381124541492e+02
4.13584211565589385e+02
4.13884006554421603e+02
4.14039030316970411e+02
4.14495115071401187e+02
4.14504423515639132e+02
4.14623556237837647e+02
4.14632824453459079e+02
4.14679183725051871e+02
4.14730986349200066e+02
4.14826042321638852e+02
4.15082055853703764e+02
4.15397135554023293e+02
4.15761162334373125e+02
4.15953755839569112e+02
4.15965774861672116e+02
4.16142235512890352e+02
4.16411539777699090e+02
4.16685892767698761e+02
4.17353850230806415e+02
4.17535256396395425e+02
4.17546041125914030e+02
4.17722202339542150e+02
4.17872012029602274e+02
4.18104195967540591e+02
4.18270952722050197e+02
4.18287437205637843e+02
4.18338304193350041e+02
4.18743602295274968e+02
4.18744609073646870e+02
4.18805045691024247e+02
4.18875331762836367e+02
4.19009664516016187e+02
4.19072671007143526e+02
4.19279361570881179e+02
4.19279736533062533e+02
4.19494351071222695e+02
4.19710800511315142e+02
4.19817391398242876e+02
4.20151742258025365e+02
4.20162359708485269e+02
4.20337262581183609e+02
4.20759707504711173e+02
4.21052085558891008e+02
4.21096573906251024e+02
4.21588833683860116e+02
4.21735135718577112e+02
4.21790183179231462e+02
4.21943125035709386e+02
4.22386694526234010e+02
4.22519332360460453e+02
4.22587521116568496e+02
4.22759599782281612e+02
4.22876932798744519e+02
4.23115914995261051e+02
4.23343172256833441e+02
4.23708685906992400e+02
4.24098126001730634e+02
4.24113434143229142e+02
4.24210035210185538e+02
4.24238811148707555e+02
4.24375198587338446e+02
4.24657070853332357e+02
4.24722785347713057e+02
4.24842211133849446e+02
4.25012295034973135e+02
4.25102488064472368e+02
4.25350207266678694e+02
4.25355448090401069e+02
4.26097166778862174e+02
4.26175524118700423e+02
4.26684887942966384e+02
4.26727392624503750e+02
4.26864733369757346e+02
4.27137192125421507e+02
4.27357559527108037e+02
4.27375346882883832e+02
4.27635168209198355e+02
4.27703639656052019e+02
4.27799567486072078e+02
4.27831427285388486e+02
4.27914695098206607e+02
4.28161734818490800e+02
4.28736352172033548e+02
4.28783843191031792e+02
4.28923213013660188e+02
4.29315496467994421e+02
4.29394401327446531e+02
4.29585069579514538e+02
4.29625792867774862e+02
4.29663261516450120e+02
4.30195371838747633e+02
4.30312391222716315e+02
4.30386420742098494e+02
4.30541002003808899e+02
4.30541673405953134e+02
4.30554871187937010e+02
4.30731466744505269e+02
4.31032778069413212e+02
4.31160237821764099e+02
4.31237044347191159e+02
4.31328811515846382e+02
4.31391090229790393e+02
4.31485488656307894e+02
4.31537013782875192e+02
4.31671439186469001e+02
4.31924195005223851e+02
4.32218192619273736e+02
4.32288625263453810e+02
4.32633558601651771e+02
4.33053502440234865e+02
4.33549810717588571e+02
4.33678298441335187e+02
4.33745493654466372e+02
4.33746963409224804e+02
4.34022248287993534e+02
4.34247902555321616e+02
4.34372032968727694e+02
4.34403905117911222e+02
4.34625275223049812e+02
4.34751230195009839e+02
4.34815679666845540e+02
4.35012388590796945e+02
4.35119030818516990e+02
4.35419434267794941e+02
4.35592873422402590e+02
4.35729275687861559e+02
4.35992963707158424e+02
4.36045264112849395e+02
4.36698372652333546e+02
4.36732346959710867e+02
4.36810750834378496e+02
4.36856211442133940e+02
4.37207023720458665e+02
4.37576943187972574e+02
4.37629803149546092e+02
4.37822807769748920e+02
4.38202076706898538e+02
4.38359561230960821e+02
4.38433971688692850e+02
4.38450660214368213e+02
4.38565944744354397e+02
4.38610150827762595e+02
4.38645723387181874e+02
4.38738284375786407e+02
4.38936022398621276e+02
4.39155366714700563e+02
4.39197680348676158e+02
4.39308993060272996e+02
4.39465415043003418e+02
4.39575322948758071e+02
4.39811384739841174e+02
4.39932187909792106e+02
4.40881193131158966e+02
4.40988616470422130e+02
4.41063462980614190e+02
4.41125096156167501e+02
4.41575845936254154e+02
4.41650028915922917e+02
4.41757355545884934e+02
4.41767725925168065e+02
4.41905029600026978e+02
4.42140603579406275e+02
4.42392767165988971e+02
4.42494441757254663e+02
4.42543501907425821e+02
4.42847432025260787e+02
4.43122428084073022e+02
4.43176743863715501e+02
4.43240882263848675e+02
4.43354900637873584e+02
4.43381593373768055e+02
4.43768550180777083e+02
4.43920012377178409e+02
4.44037348803440750e+02
4.44059743412878106e+02
4.44777365161037324e+02
4.45084971270363667e+02
4.45115871499971377e+02
4.45345828934186784e+02
4.45358421718587692e+02
4.45515622889970132e+02
4.45607622380827934e+02
4.45780134644031932e+02
4.45998163129446652e+02
4.46190622419971987e+02
4.46391016779538177e+02
4.46476180878308128e+02
4.46957015788619401e+02
4.46960080024177159e+02
4.47135448858232962e+02
4.47281096074330094e+02
4.47442879778725455e+02
4.47489942794500394e+02
4.47543102147770242e+02
4.47560304601584448e+02
4.47770733936457532e+02
4.47921081046807672e+02
4.47978000137749746e+02
4.48354219921254298e+02
4.48710999239512262e+02
4.48825590116962076e+02
4.49188437514136922e+02
4.49459542558592716e+02
4.49547855660510436e+02
4.49715066542153863e+02
4.49874450149287668e+02
4.50026783196967131e+02
4.50172093140671564e+02
4.50265194875226143e+02
4.50402552343980574e+02
4.50689892800290067e+02
4.50702244751760759e+02
4.51124288741024998e+02
4.51240566802473154e+02
4.51280636996906651e+02
4.51608339960410490e+02
4.51868171097514619e+02
4.51906986230720122e+02
4.51995745425984524e+02
4.52040371879305781e+02
4.52230846824719379e+02
4.52339755643567969e+02
4.52404463170988038e+02
4.52562600869874700e+02
4.52691005425023832e+02
4.52755375551775956e+02
4.52756798585598062e+02
4.53135829502319666e+02
4.53488607948400045e+02
4.53710719302977509e+02
4.53758011773255475e+02
4.54041241159172387e+02
4.54082891582956904e+02
4.54474198775125387e+02
4.54591577689484893e+02
4.54645590372267634e+02
4.54693141035292342e+02
4.54951823425361226e+02
4.55115145116598342e+02
4.55219261844824359e+02
4.55268610594025063e+02
4.56072139808858765e+02
4.56184257148007987e+02
4.56236475894074715e+02
4.56539590956574557e+02
4.56547842746157244e+02
4.56733963752664295e+02
4.56836102821082818e+02
4.57093298497179717e+02
4.57098319668318595e+02
4.57179478030581436e+02
4.57185180938941357e+02
4.57815740525083470e+02
4.58034223949723469e+02
4.58396585773020433e+02
4.58501185464404671e+02
4.58879400224905908e+02
4.58908249312528937e+02
4.58930775035024453e+02
4.59087132602209522e+02
4.59142503152650420e+02
4.59337465085191752e+02
4.60095434740409814e+02
4.60119240476699019e+02
4.60270665430065378e+02
4.60333788778294775e+02
4.60807577991730682e+02
4.61066794839493127e+02
4.61110426200271831e+02
4.61181497669974647e+02
4.61750391605997038e+02
4.62700761504715956e+02
4.62775228147838334e+02
4.63031794793564245e+02
4.63105713101089464e+02
4.63287994648026597e+02
4.63645245968304948e+02
4.63690596610917510e+02
4.63728382014993599e+02
4.63734434310998950e+02
4.64274073570839846e+02
4.64493604355386424e+02
4.64717050147394048e+02
4.64724010037978132e+02
4.64795622021536246e+02
4.64907859703659710e+02
4.64941204631571395e+02
4.64949054087806417e+02
4.64961545427674196e+02
4.64998007822489626e+02
4.65105713570098374e+02
4.65158716520281587e+02
4.65311949329474373e+02
4.65478496146143357e+02
4.65622960478940172e+02
4.65923528639774304e+02
4.66044103536426064e+02
4.66218235706221208e+02
4.66444011723551625e+02
4.66779720844525627e+02
4.66842548461289653e+02
4.66920927446243354e+02
4.67062189691572371e+02
4.67166004000831435e+02
4.67172510443315446e+02
