5.27100560336960999e+00
7.85563421382993088e+00
1.00039975247317372e+01
1.11621055605553927e+01
1.33523192516146629e+01
1.43248904488574595e+01
1.52239263216529430e+01
1.66881852284695924e+01
1.73675820273085399e+01
1.81723158491653329e+01
2.00564369826904034e+01
2.09008653590477991e+01
2.09307152606080109e+01
2.20725473187544630e+01
2.26765035778184405e+01
2.53144784451493976e+01
2.54827189314612781e+01
2.56604819941400564e+01
2.57796185823733204e+01
2.74792242915064797e+01
2.78670237872441540e+01
2.84924695364575058e+01
2.92241429579033252e+01
3.04084769627796341e+01
3.06650009603606897e+01
3.13558529307652947e+01
3.20241747548796667e+01
3.35909709626962893e+01
3.37222869063322861e+01
3.37656033566001810e+01
3.45415794903232012e+01
3.58427702305175018e+01
3.61578004250197154e+01
3.64986391612075778e+01
3.73729791430784957e+01
3.76599936303957747e+01
3.91235099359900858e+01
3.92272827488825442e+01
3.95920521312079217e+01
4.03866863480337344e+01
4.04043934931490014e+01
4.04838153521738064e+01
4.18206324381741723e+01
4.25865848522766441e+01
4.29990315664139047e+01
4.33042771582308603e+01
4.47238993882192091e+01
4.53369701263845428e+01
4.61274939025020529e+01
4.69239033082565413e+01
4.70718908778328426e+01
4.76003968186775381e+01
4.77379224983708923e+01
4.79110048520463323e+01
4.79806763644192245e+01
4.81956570244171587e+01
4.84446157857089901e+01
4.97154881832935303e+01
4.98602783901514499e+01
5.01763246632278879e+01
5.09346391858455121e+01
5.20668339037323591e+01
5.25816484814923655e+01
5.33507652496132323e+01
5.42258314869526430e+01
5.43245831657814477e+01
5.46708975463088507e+01
5.50476379226419112e+01
5.53849269492000502e+01
5.57351254428424028e+01
5.58202179456160792e+01
5.60988676173975449e+01
5.70610288181710388e+01
5.75618084255253848e+01
5.78496855982128864e+01
5.80359282501953402e+01
5.87291242736267805e+01
5.94353289831369125e+01
6.04252974760929362e+01
6.12653811119488978e+01
6.12811523882241715e+01
6.14806115952906538e+01
6.19835438938524135e+01
6.22594124058017258e+01
6.22631534803419555e+01
6.25362134219284656e+01
6.37101225344032400e+01
6.43205555746454536e+01
6.44693652562347950e+01
6.46275319585270438e+01
6.49236332841774413e+01
6.49541587476471136e+01
6.53807486596448371e+01
6.60450328387230741e+01
6.61393290093087671e+01
6.65789778879923517e+01
6.74588085615580724e+01
6.79189703365797754e+01
6.93860199789688181e+01
6.99316971348740424e+01
6.99376586348118110e+01
6.99709848923229458e+01
7.06785393281997472e+01
7.08011407516886777e+01
7.08940869361479713e+01
7.15239183232402524e+01
7.16504285410775594e+01
7.20456473237525472e+01
7.23853833037233017e+01
7.34621673696434812e+01
7.35441392922605246e+01
7.39786848116046372e+01
7.41462294206351373e+01
7.41518595396601086e+01
7.44627195017599774e+01
7.48234528949413402e+01
7.54579071729875750e+01
7.58028542295937200e+01
7.60367225080926517e+01
7.61517002018525773e+01
7.79187398597173058e+01
7.79612391755690055e+01
7.83055440162104048e+01
7.85508122131529092e+01
7.93164827662748166e+01
7.93469100662230744e+01
7.94897861252917437e+01
7.95728932571872747e+01
7.96787854123063823e+01
8.02478882835279137e+01
8.03826015105403826e+01
8.11929231847039148e+01
8.17751038076784766e+01
8.23545481131397423e+01
8.25473122570150792e+01
8.26878976499164935e+01
8.31598354635231374e+01
8.43548857737183937e+01
8.44214094875611352e+01
8.46112870223069820e+01
8.47964847569745643e+01
8.50479558370180939e+01
8.55229414901829159e+01
8.55268053662650800e+01
8.57017475301955756e+01
8.60520918261725001e+01
8.64603211393924482e+01
8.72232277631933073e+01
8.72813931238930536e+01
8.78393408538298672e+01
8.78814377616549507e+01
8.82357735149396945e+01
8.83300543038803312e+01
8.89831296988227791e+01
8.93458771191199617e+01
8.94431778597751475e+01
9.03429845989524551e+01
9.12878606074449408e+01
9.17662298359466320e+01
9.18250743819669424e+01
9.18923756903825506e+01
9.21239021378073915e+01
9.24282571647644033e+01
9.26093281264315067e+01
9.37605774295132903e+01
9.42151182935587599e+01
9.48666472688902331e+01
9.50511437278777578e+01
9.52249213858634960e+01
9.52775350141903346e+01
9.53889931552599535e+01
9.55953910779210219e+01
9.56190982368418929e+01
9.59697364346216659e+01
9.62672129974583015e+01
9.63347164839344998e+01
9.69115371203045299e+01
9.70236457666453589e+01
9.71868351420883698e+01
9.75282611196333846e+01
9.76222628946412669e+01
9.78190871283316881e+01
9.89486486427125556e+01
9.91701239420473257e+01
1.00084305982715136e+02
1.00316592826701935e+02
1.00500763959033321e+02
1.00638542336725322e+02
1.01203797004509823e+02
1.01648736378119395e+02
1.01732518265108325e+02
1.01967651768280348e+02
1.02369488110160376e+02
1.02750151077503290e+02
1.03086910868464997e+02
1.03232483292673663e+02
1.04294116171729996e+02
1.04308463359114370e+02
1.04406488709341659e+02
1.04480631165276264e+02
1.05309933483351472e+02
1.05407664822696148e+02
1.06367036852643082e+02
1.06722418821440499e+02
1.06729496050379112e+02
1.06785781286544108e+02
1.06786413075010643e+02
1.07207335753424701e+02
1.07464829092005488e+02
1.07492812156300459e+02
1.07572196398604319e+02
1.07864707337032627e+02
1.07890610607062200e+02
1.08506237723098764e+02
1.09202773374857571e+02
1.09516375729393502e+02
1.09899229971674970e+02
1.10060622482073796e+02
1.10073347113609060e+02
1.10345328136720724e+02
1.11936533259842804e+02
1.11975485334591326e+02
1.12001773752234214e+02
1.12206162623095310e+02
1.12793012337004825e+02
1.12861604856210562e+02
1.13042053099624326e+02
1.13592178973634589e+02
1.14144967600519635e+02
1.14349015274489176e+02
1.14365144977289873e+02
1.14370737330816439e+02
1.14560416143559593e+02
1.15091767626052615e+02
1.15253673967831560e+02
1.15837496065297302e+02
1.16312537035421570e+02
1.16820137806659517e+02
1.17181674174724776e+02
1.17307862500450341e+02
1.17855509395850049e+02
1.18058692717322913e+02
1.18178789696876322e+02
1.18195110818521471e+02
1.18793032174815465e+02
1.18827829432469542e+02
1.18832529561557749e+02
1.19268141486440953e+02
1.19362329962207610e+02
1.19558375139086223e+02
1.19918020220080763e+02
1.20013511927369535e+02
1.20118939851690669e+02
1.20126774755149796e+02
1.20178243945795032e+02
1.20518766325332393e+02
1.20837244854154960e+02
1.21666702136749819e+02
1.22194635573277282e+02
1.22946975066755812e+02
1.23448311714326991e+02
1.23639861784008133e+02
1.23747064737393316e+02
1.24285475388665390e+02
1.24315141968203989e+02
1.24317414984520127e+02
1.24955105328601036e+02
1.25044966958113690e+02
1.25325071139771723e+02
1.25812543883519623e+02
1.26427252286309624e+02
1.26579451736930565e+02
1.26605565807666238e+02
1.26750015411311523e+02
1.26918646940601150e+02
1.27000482263450948e+02
1.28220107906044831e+02
1.29322450681273239e+02
1.29504947701483815e+02
1.29838563795080432e+02
1.30059026434158312e+02
1.30223953843424766e+02
1.30680072622349797e+02
1.30762444444373358e+02
1.30814381643017128e+02
1.30936676236665562e+02
1.30960804990887794e+02
1.31404397778844810e+02
1.31440837634701637e+02
1.31459625225796373e+02
1.31651865407856008e+02
1.31712724743422115e+02
1.31989225615494576e+02
1.31991654482651342e+02
1.32086886459873199e+02
1.33040397195675354e+02
1.33267166674064271e+02
1.33517639804714435e+02
1.33605476315777679e+02
1.33832797503424359e+02
1.33991569085192822e+02
1.34504240237313155e+02
1.34563334480459105e+02
1.34582657623675232e+02
1.34892793779528432e+02
1.35025578342925968e+02
1.35311510850003373e+02
1.35382091026232075e+02
1.36169970141472305e+02
1.36394834058700809e+02
1.36543439132754315e+02
1.36997340625340627e+02
1.37152964269872172e+02
1.37414881458432973e+02
1.37789508110844366e+02
1.38664098312623310e+02
1.38795943428635809e+02
1.38818910084804401e+02
1.39349789649552264e+02
1.39916994137942368e+02
1.40037236646109051e+02
1.40527412146937252e+02
1.41267292361944641e+02
1.41515700242544114e+02
1.41525953439221013e+02
1.41709323594619349e+02
1.41968401203984598e+02
1.42151027400043006e+02
1.42160430321250402e+02
1.42190096556420173e+02
1.43162802561703757e+02
1.43822769728737143e+02
1.43986334234865780e+02
1.44319379258586395e+02
1.44429906526101007e+02
1.44463250944979080e+02
1.44525746415564953e+02
1.44767797531205758e+02
1.44954369302863597e+02
1.45020270999247515e+02
1.45164544800085054e+02
1.45243194278779612e+02
1.45309621765406092e+02
1.45320211565041831e+02
1.45406600696634797e+02
1.45873868102350144e+02
1.46264815663301562e+02
1.46375718929673297e+02
1.46812506881489668e+02
1.46930792075023845e+02
1.47015771730551279e+02
1.47163632303252399e+02
1.48028660764400627e+02
1.48038340405189331e+02
1.48410293686496829e+02
1.48503027423260875e+02
1.48822589026884060e+02
1.49199869009509086e+02
1.49668840498172614e+02
1.51078198735914924e+02
1.51521598912375765e+02
1.51741586423677006e+02
1.51772819992250476e+02
1.52275356268582499e+02
1.52518423808343840e+02
1.52570017771702027e+02
1.52995174031761735e+02
1.53030805747984488e+02
1.53374548763872582e+02
1.53476587742105409e+02
1.53593535958649227e+02
1.53626498312389828e+02
1.53925580432816702e+02
1.54084722025946036e+02
1.54150424285663206e+02
1.54221350391472043e+02
1.54239496930297065e+02
1.54828022494253077e+02
1.55000203150969611e+02
1.55376214209811025e+02
1.55612003962118223e+02
1.55861679285125973e+02
1.56005997933676781e+02
1.56298690367088028e+02
1.56350173755258851e+02
1.56662570760765760e+02
1.56865486827298611e+02
1.56885901802356301e+02
1.57131785070237271e+02
1.57827015290583148e+02
1.57869032031910507e+02
1.57959973817883707e+02
1.58349591556426248e+02
1.59002285964793288e+02
1.59333275519539683e+02
1.59338983148785047e+02
1.59408919801104872e+02
1.59995418138227564e+02
1.60167648803077697e+02
1.60284670924212804e+02
1.60489956182453142e+02
1.60535893224757672e+02
1.61008164921813290e+02
1.61079193306350618e+02
1.61120217688533188e+02
1.61243923948143987e+02
1.61292695948810234e+02
1.61386062990878742e+02
1.62350477839867523e+02
1.62406099395690006e+02
1.63422177306914449e+02
1.63632721739223797e+02
1.64038411843554712e+02
1.64129396918622405e+02
1.64311291926795462e+02
1.65482067173698681e+02
1.65541060723045319e+02
1.65646467022740211e+02
1.65688740169262900e+02
1.65922994205982633e+02
1.66084468963373155e+02
1.66093952675725973e+02
1.66558767009246509e+02
1.66724082230053540e+02
1.66826391119587839e+02
1.66962450258351822e+02
1.67244985872662994e+02
1.67282365771282826e+02
1.67360269795533355e+02
1.67725825133602740e+02
1.67912871346881985e+02
1.68157814492053916e+02
1.68437715810001947e+02
1.68953626207583937e+02
1.69205416490821250e+02
1.69364720906997007e+02
1.69478062283250523e+02
1.69579939800048720e+02
1.70010041860110761e+02
1.70094713822298814e+02
1.70495576004258822e+02
1.70881138738936698e+02
1.70953026622811848e+02
1.72078016190022225e+02
1.72720776500768295e+02
1.72726833011770140e+02
1.73127321809434164e+02
1.73239248517233534e+02
1.73254545690573849e+02
1.73424109837116390e+02
1.73668193661363205e+02
1.73807843266211478e+02
1.73932819311184033e+02
1.73997218885725175e+02
1.74489992554160978e+02
1.74506925897512616e+02
1.74585375378611587e+02
1.74905487427614588e+02
1.74981629718237684e+02
1.76073988199794115e+02
1.76118640783320899e+02
1.76167502401413657e+02
1.76294578388326698e+02
1.76766272897411653e+02
1.76807200684345645e+02
1.77530526882674764e+02
1.77621521556511539e+02
1.77680230679969696e+02
1.77776107887480549e+02
1.77789713665107683e+02
1.77803764337042281e+02
1.78124182643271581e+02
1.78167360328048659e+02
1.78560450908023398e+02
1.78667353108525703e+02
1.78877873688648236e+02
1.78884297667911170e+02
1.79042205446728616e+02
1.79281003425023215e+02
1.79318694046814926e+02
1.79388922987677432e+02
1.79718617944347073e+02
1.80182481420991934e+02
1.80190657154671015e+02
1.80391760738166312e+02
1.80595350715753085e+02
1.80926097590740937e+02
1.81192274423366030e+02
1.81684142678963127e+02
1.81937302506212205e+02
1.82022177840627961e+02
1.82825427503205248e+02
1.82958455035312596e+02
1.83267404470228826e+02
1.83640504503011613e+02
1.83925014796786769e+02
1.84078804461143278e+02
1.84300568530352251e+02
1.84348097955466756e+02
1.85060559769063929e+02
1.85164010843671321e+02
1.85570788662650585e+02
1.85677106805481827e+02
1.86144244127492613e+02
1.86148355592321082e+02
1.86420668869677939e+02
1.86717915461376009e+02
1.86747945331568417e+02
1.87188746550674011e+02
1.87294030207232737e+02
1.87748547962195147e+02
1.88047922146799891e+02
1.88468496386097200e+02
1.88583751298503017e+02
1.88791771555339920e+02
1.88917603110156080e+02
1.89075588991105263e+02
1.89170704982291824e+02
1.89247568008785294e+02
1.90043220025053785e+02
1.90130132107473656e+02
1.90339792399012339e+02
1.90708664053604906e+02
1.91162332895717412e+02
1.91356251654079443e+02
1.91421489947059854e+02
1.91812514105814358e+02
1.91962720558188266e+02
1.92319032912950121e+02
1.92404127502923018e+02
1.92493440453168290e+02
1.92698228047217867e+02
1.93288808509233320e+02
1.93368068104680077e+02
1.93561863371207011e+02
1.93566163599508030e+02
1.93663190296791669e+02
1.93919173364629643e+02
1.94059614704459165e+02
1.94316279040288549e+02
1.94425150802898457e+02
1.94639876468471556e+02
1.94678330007941412e+02
1.94704053102269967e+02
1.95071009048008392e+02
1.95211443512957516e+02
1.95505742294523515e+02
1.95683380522425551e+02
1.95703617835055041e+02
1.95939891795176067e+02
1.96295588319092218e+02
1.96343389105555246e+02
1.97128788191119753e+02
1.97299173763123548e+02
1.97554446624579299e+02
1.97646986727002883e+02
1.97884046748568750e+02
1.98328299806325020e+02
1.98352383962710320e+02
1.98417901452891186e+02
1.98492708806793502e+02
1.98543563590543187e+02
1.99077471576580223e+02
1.99434718181607792e+02
2.00044948925954856e+02
2.00420287170528979e+02
2.00516288618720296e+02
2.00707807518623923e+02
2.01321289357268881e+02
2.01631201493529403e+02
2.01678049494672024e+02
2.01863610855620124e+02
2.02039984155808298e+02
2.02233963996581764e+02
2.02312066628299760e+02
2.02487339994840482e+02
2.03025286238351185e+02
2.03146684623749422e+02
2.03229317140097550e+02
2.03360628945499769e+02
2.03515382449402011e+02
2.03671943790598363e+02
2.04397842706044429e+02
2.04512007171016336e+02
2.04917264601111839e+02
2.04993932219498134e+02
2.05247569182640945e+02
2.05457175831852140e+02
2.05474097192692824e+02
2.05603889152847017e+02
2.06190229627805735e+02
2.06236377369602366e+02
2.06316436266644104e+02
2.06406027031311993e+02
2.06590465012397175e+02
2.06731367900439153e+02
2.07181860543597594e+02
2.07275261892462623e+02
2.07916361064286065e+02
2.08548422485717140e+02
2.08790027732516620e+02
2.08796148575113079e+02
2.08802855666621497e+02
2.09126656795943973e+02
2.09144601730300820e+02
2.09516146412432704e+02
2.09695565801352615e+02
2.10420980673926209e+02
2.10572245116570429e+02
2.10573866659201968e+02
2.11246196959025525e+02
2.11731796338160478e+02
2.11896753120867885e+02
2.12030261682612434e+02
2.12035735638599277e+02
2.12147175354658884e+02
2.12472185692971351e+02
2.12482057220744565e+02
2.12623087444567631e+02
2.12696585412150370e+02
2.12740097265339386e+02
2.13002547227997439e+02
2.13269653028627914e+02
2.13896030202855371e+02
2.14316346442934986e+02
2.14481120899547335e+02
2.14500630855505648e+02
2.14663187543601822e+02
2.14921812863014708e+02
2.14966327469869071e+02
2.15052115515152991e+02
2.15095772443451779e+02
2.15262774643856091e+02
2.15495800077313589e+02
2.16152716770756371e+02
2.16194206288008530e+02
2.16326537084567775e+02
2.16386067732979740e+02
2.16551482912499154e+02
2.16932277507539396e+02
2.17011976905042616e+02
2.17220465013190193e+02
2.17242054134864048e+02
2.17317353719868123e+02
2.17712724838479716e+02
2.18182979258365009e+02
2.19057465386458688e+02
2.19238016867573634e+02
2.19294492471821371e+02
2.19401889053137808e+02
2.19695161324743680e+02
2.19700219411600614e+02
2.19788105344221748e+02
2.19835959054222940e+02
2.19854754732878320e+02
2.19958397418194949e+02
2.19994728514991579e+02
2.20125510781182811e+02
2.20507527890565001e+02
2.20579144754559621e+02
2.21141844911367940e+02
2.21221244065252250e+02
2.21803087067482579e+02
2.22344689201971818e+02
2.22495154016193879e+02
2.22578531499919990e+02
2.23039195610567305e+02
2.23726960165230281e+02
2.23728129060349630e+02
2.23965323033967451e+02
2.24645843820140271e+02
2.24734603361726016e+02
2.25029503970057675e+02
2.25160318026615471e+02
2.25271491783900984e+02
2.25510151142706661e+02
2.26151208682599162e+02
2.26202928106731548e+02
2.26337304827656737e+02
2.26365693948394977e+02
2.26420631433909051e+02
2.26696842343419036e+02
2.26794333523180256e+02
2.27131875695502544e+02
2.27155380873725477e+02
2.27661931434610580e+02
2.27944469452775508e+02
2.28504518118525510e+02
2.28860702809043062e+02
2.28903272331723230e+02
2.29120156416713684e+02
2.29278262493149754e+02
2.29278923233698094e+02
2.29390060686064345e+02
2.29743834926625908e+02
2.29886672812526371e+02
2.30181615261859974e+02
2.30262343342613832e+02
2.30557611400122141e+02
2.30684075055813622e+02
2.30704002461798808e+02
2.30721776493821920e+02
2.30884039559896706e+02
2.31065283344232427e+02
2.31284028905214512e+02
2.31312476109479690e+02
2.31389847634494885e+02
2.31624014711819513e+02
2.31754357124189738e+02
2.32367228082509826e+02
2.33056370785973741e+02
2.33632980800103240e+02
2.33715958458158553e+02
2.33844519406533806e+02
2.33869876298315347e+02
2.33953636203786488e+02
2.34075575328103156e+02
2.34206750962498774e+02
2.34279514828105476e+02
2.34364204284656608e+02
2.34837249860443904e+02
2.35123759991253962e+02
2.35407250079545435e+02
2.35563207432091900e+02
2.35993967900359763e+02
2.36085068977563907e+02
2.36214308315014335e+02
2.36375299109581249e+02
2.36688904422569522e+02
2.36814858174538102e+02
2.37226691745706177e+02
2.37425034736845674e+02
2.37485293685875945e+02
2.38429313644853522e+02
2.38562355138964648e+02
2.38963828952910887e+02
2.39121224629467036e+02
2.39143428276249580e+02
2.39153804909325601e+02
2.39358298503362420e+02
2.39400662208310592e+02
2.39745494642748213e+02
2.39902518832694540e+02
2.40585332273393732e+02
2.40834600930904998e+02
2.40857259679636599e+02
2.40866295775213501e+02
2.40875066306137256e+02
2.40942549013365095e+02
2.41017697959582563e+02
2.41237460762470135e+02
2.41259742319131163e+02
2.41719378862675086e+02
2.41807515339468551e+02
2.42200716177499970e+02
2.42982135910610594e+02
2.43071154240941524e+02
2.43349219948157696e+02
2.43395491582613971e+02
2.43436198111522600e+02
2.43544076683441375e+02
2.43741052506765044e+02
2.43919735300214654e+02
2.43957655008737362e+02
2.44163675534191015e+02
2.44182900887595025e+02
2.44291296754701392e+02
2.44393916975952692e+02
2.44542125421926528e+02
2.44761984600178522e+02
2.45159473511542586e+02
2.46056813277617920e+02
2.46188064824392796e+02
2.46384054318970612e+02
2.46894799823376758e+02
2.47533408974111893e+02
2.47683668679371607e+02
2.47806214174011785e+02
2.47855109708017807e+02
2.48278782892871476e+02
2.48340385899322968e+02
2.48557172109488022e+02
2.48744137195902113e+02
2.48750836299736676e+02
2.48856606461346274e+02
2.48879037173695650e+02
2.49068695837151523e+02
2.49244491848701870e+02
2.49339034881322959e+02
2.49910599106767819e+02
2.50855751218023926e+02
2.51077029560016825e+02
2.51216925010577768e+02
2.51559161808889399e+02
2.51763112755049491e+02
2.51841580103545425e+02
2.52138253535085340e+02
2.52432344414872858e+02
2.52438253834985488e+02
2.53305498074369069e+02
2.53627156478069168e+02
2.53719971957447200e+02
2.53747216789312489e+02
2.54057482020173694e+02
2.54069062426070872e+02
2.54081414820793810e+02
2.54093588913040804e+02
2.54206864809457187e+02
2.54350276410291343e+02
2.54737354450395543e+02
2.54752366170574390e+02
2.54994156684565610e+02
2.55040828304257587e+02
2.55289788810852059e+02
2.55460856190965586e+02
2.55936394060681351e+02
2.55957733935756522e+02
2.56102612426900009e+02
2.56282343374887148e+02
2.56394168726773501e+02
2.56439759968069893e+02
2.56551210718568200e+02
2.56743740136984570e+02
2.57001812097682659e+02
2.57075612404438289e+02
2.57240678473110165e+02
2.57290762934887653e+02
2.57502616760130763e+02
2.58193355779612489e+02
2.58464908096659769e+02
2.58533269382819697e+02
2.58567783497529092e+02
2.59095322752165089e+02
2.59199380848177839e+02
2.59420788065980901e+02
2.59831173261634945e+02
2.59851333246955392e+02
2.60038096277637806e+02
2.60087582602679390e+02
2.60753079620178028e+02
2.61354474747704444e+02
2.61458955001556546e+02
2.61690035281046562e+02
2.61789955721689807e+02
2.62221973436077519e+02
2.62696248816984280e+02
2.62700493093917430e+02
2.63107426311338372e+02
2.63454643266878861e+02
2.63719852009626493e+02
2.63780716497868468e+02
2.63855459877707631e+02
2.63865871154406250e+02
2.63992995845938708e+02
2.64084710519750217e+02
2.64106611562796843e+02
2.64164876395314877e+02
2.64181020230352942e+02
2.64490337796282461e+02
2.64585159042219630e+02
2.64603488579125724e+02
2.64618004280072682e+02
2.64879980100100852e+02
2.65303515753872944e+02
2.65534961272466262e+02
2.65705468344965766e+02
2.65796895142522999e+02
2.65952198790515922e+02
2.67247892567878864e+02
2.67436160542350081e+02
2.67841582847291249e+02
2.68235880434221031e+02
2.68244982986876948e+02
2.68251680744875046e+02
2.68271130574058759e+02
2.68887227805663088e+02
2.68928776945437903e+02
2.68940084261566426e+02
2.69024800557138860e+02
2.69031051152267310e+02
2.69078516310728560e+02
2.69309711763675637e+02
2.69570631697927979e+02
2.70053772252244244e+02
2.70200301673632566e+02
2.70350299565922114e+02
2.70720890803443240e+02
2.71237041582831807e+02
2.71466774329670329e+02
2.71524722343192479e+02
2.71623365842989529e+02
2.71729313903005732e+02
2.71819624530626129e+02
2.72044803437089740e+02
2.72244063787392633e+02
2.72357625871648906e+02
2.72528802556328742e+02
2.72718183962089029e+02
2.72719641378832648e+02
2.73667227998051999e+02
2.74033580531370831e+02
2.74126022740968779e+02
2.74480168987184811e+02
2.74634639264407383e+02
2.74814104442316079e+02
2.75162742876278116e+02
2.75512992854838558e+02
2.75591514023705713e+02
2.75611910954109817e+02
2.75845400154526772e+02
2.75860338215757793e+02
2.76058619733749765e+02
2.76135832413311846e+02
2.76159097200936230e+02
2.76202174429594606e+02
2.76352606072688332e+02
2.76600715802071250e+02
2.77444935993529157e+02
2.77558435507037416e+02
2.77649733308332202e+02
2.77724071489287439e+02
2.78357416167027282e+02
2.78884152440617868e+02
2.78983554306247356e+02
2.79183610871143287e+02
2.79519687464491369e+02
2.79818226718745905e+02
2.79960478832777767e+02
2.80118732126032683e+02
2.80149784007801600e+02
2.80305924463903580e+02
2.80591381854514452e+02
2.80639183032799679e+02
2.80685398508658409e+02
2.81026958595028304e+02
2.81566628189724156e+02
2.81854835728110288e+02
2.81912458381332954e+02
2.82294608416177653e+02
2.82368667850069528e+02
2.82374335097174594e+02
2.82439504159996886e+02
2.82482466908296487e+02
2.82685724008469606e+02
2.82849826075829810e+02
2.82997196436246213e+02
2.83219783554781429e+02
2.83302052917739161e+02
2.83767439776682636e+02
2.83807806291378142e+02
2.84584260225815171e+02
2.84595900520237819e+02
2.84727647010224359e+02
2.84819639310086586e+02
2.84887512823845668e+02
2.84944765783075241e+02
2.85329299906371602e+02
2.85331487151290958e+02
2.85354366033274061e+02
2.85620129868169442e+02
2.85879942784030618e+02
2.86022562373543565e+02
2.86429633672419129e+02
2.86598152586975630e+02
2.87035636345119428e+02
2.87172404478710291e+02
2.88110680521403197e+02
2.88116498584122951e+02
2.88358321469034081e+02
2.88420391628362722e+02
2.88491527806622457e+02
2.88778969752038506e+02
2.88796121764568056e+02
2.89073312468902827e+02
2.89132125547132091e+02
2.89553150415515802e+02
2.89588315237375582e+02
2.89697097060403621e+02
2.89759744659243552e+02
2.89824383345461683e+02
2.90040019728956850e+02
2.90134701908832653e+02
2.90585470787361089e+02
2.90764510586202618e+02
2.90811394308829108e+02
2.90960799728469965e+02
2.91264242623730524e+02
2.91475714168508944e+02
2.91546357790660863e+02
2.91713121768722772e+02
2.91785444102209226e+02
2.92120744709748124e+02
2.92816958269862539e+02
2.93990585776520220e+02
2.94393405769731089e+02
2.94516763145703408e+02
2.94677797852509116e+02
2.94710774349223016e+02
2.94868470061191147e+02
2.95040601497059470e+02
2.95173260386130323e+02
2.95470269808427247e+02
2.96087387736671417e+02
2.96151332657746138e+02
2.96164045661474802e+02
2.96313724820856464e+02
2.96577644492635613e+02
2.96712634927077431e+02
2.96742139057806185e+02
2.97043974036513532e+02
2.97275253203291186e+02
2.97355759944695819e+02
2.97390770937117736e+02
2.97511208223812218e+02
2.97713546411821426e+02
2.97848073589613819e+02
2.97900823534957226e+02
2.98030904113192150e+02
2.98322192404371776e+02
2.98335398211777374e+02
2.98405478092651549e+02
2.98446488039876328e+02
2.98819251088645160e+02
2.98828090967888272e+02
2.99146080483849858e+02
2.99233773693708031e+02
2.99884711593353927e+02
2.99995440501230860e+02
3.00761712609504912e+02
3.01058329146417805e+02
3.01511967530283414e+02
3.01559943194416860e+02
3.01850802709393861e+02
3.01902851796960931e+02
3.01959132047247294e+02
3.02112442245379270e+02
3.02400826890941858e+02
3.02482763154700649e+02
3.02714617130686975e+02
3.02991641447261657e+02
3.03109721671910847e+02
3.03123633588499729e+02
3.03479949490791455e+02
3.03561620439277817e+02
3.03711428890560114e+02
3.03767076220877016e+02
3.03918086642611684e+02
3.03931420506783866e+02
3.04955753869185401e+02
3.05160164072671023e+02
3.05246460793422330e+02
3.05328089861137300e+02
3.05581190684239346e+02
3.05905222551619318e+02
3.05953982866260048e+02
3.06131789173663378e+02
3.06493999099313328e+02
3.06503055326388107e+02
3.06510100759789111e+02
3.06790441913436439e+02
3.06878316866752243e+02
3.07498938382739993e+02
3.07695393570113652e+02
3.07844630500624646e+02
3.08056653942269463e+02
3.08406792626871038e+02
3.08494271308321231e+02
3.08648615621237695e+02
3.08697745416346379e+02
3.09118026149040588e+02
3.09246372455465121e+02
3.09325937965914136e+02
3.09581413853421964e+02
3.10122983160296826e+02
3.10511022133110373e+02
3.10539764389354445e+02
3.10599830732283522e+02
3.10758271775783101e+02
3.11156781385326894e+02
3.11158653703601772e+02
3.11407843950088477e+02
3.11418854491818252e+02
3.11449184319096275e+02
3.11498966606713566e+02
3.12794876383763722e+02
3.12798556205348632e+02
3.12954741770395117e+02
3.13017981747937597e+02
3.13324201574761901e+02
3.13772557133052260e+02
3.13901848891634472e+02
3.14074257164679125e+02
3.14147402652103665e+02
3.14781272926337749e+02
3.14795171069311323e+02
3.14885336414767153e+02
3.15477847767819071e+02
3.15478820731333258e+02
3.15494090631403424e+02
3.15567372656974044e+02
3.15646820562266157e+02
3.15647042548750733e+02
3.15647727278573598e+02
3.16185824102435504e+02
3.16474770056745001e+02
3.16587364686579861e+02
3.16769253843640570e+02
3.16814923027736768e+02
3.16979938135244311e+02
3.17089076841720271e+02
3.17154967480122593e+02
3.17544009607882003e+02
3.17601384747354814e+02
3.17664496338011759e+02
3.18042230994962551e+02
3.18125831209374098e+02
3.18253477601389477e+02
3.18860824270341595e+02
3.19017099829281676e+02
3.19168956301766229e+02
3.19256100460140715e+02
3.19561180960188835e+02
3.19619149977804682e+02
3.19923569263697232e+02
3.20305738769787467e+02
3.20671625717286531e+02
3.20998248370104875e+02
3.21143679175049840e+02
3.21316796804714045e+02
3.21320262929721139e+02
3.21673936847327013e+02
3.21962237076302813e+02
3.22662357601719009e+02
3.22679281354421619e+02
3.22860782764815895e+02
3.23086513835454184e+02
3.23186205023217553e+02
3.23191671947316195e+02
3.23341854726127849e+02
3.23515363774606385e+02
3.24046837079776878e+02
3.24134067065647741e+02
3.24161477803705679e+02
3.24168769980678235e+02
3.24256477026224502e+02
3.24597159904229557e+02
3.25244413866277227e+02
3.25470393288568062e+02
3.25523335098701693e+02
3.25536449519501275e+02
3.25932833512463617e+02
3.26367727000230616e+02
3.26737850454614772e+02
3.26951376466235388e+02
3.26989679106126459e+02
3.27260430861534360e+02
3.27614337943541045e+02
3.27782707100853486e+02
3.27926388483746905e+02
3.28110250823659385e+02
3.28192188451549555e+02
3.28377292790160936e+02
3.28551993056929973e+02
3.28794551410477254e+02
3.29487906987828296e+02
3.29563580287652258e+02
3.29569201593453897e+02
3.29689619723278724e+02
3.29801687317713686e+02
3.29951231871153823e+02
3.29957473717315111e+02
3.29966844383493822e+02
3.30370914452013153e+02
3.30549908711219018e+02
3.30687531424882877e+02
3.31525005386169369e+02
3.31672032071300748e+02
3.31841367752274095e+02
3.31894718260517152e+02
3.32326013084738065e+02
3.32506140308193835e+02
3.32706086994034990e+02
3.33045108543861261e+02
3.33059227364641401e+02
3.33327417807827487e+02
3.33448009183816737e+02
3.33589449932172329e+02
3.33616419894421881e+02
3.34096364937274757e+02
3.34397994047555699e+02
3.34682610366183837e+02
3.34745656014265819e+02
3.34807633032128251e+02
3.34817528145012602e+02
3.34961629747285826e+02
3.35724844478035152e+02
3.35745341212372182e+02
3.35795514641242676e+02
3.35982677701341458e+02
3.36097167477871153e+02
3.36105663442810624e+02
3.36158126856132412e+02
3.36159843194343580e+02
3.36287636235883497e+02
3.36593471670507597e+02
3.36595285190630648e+02
3.37002072907910133e+02
3.37190975876958078e+02
3.37332007319906211e+02
3.37675584736015026e+02
3.38124996214374960e+02
3.38347918184576088e+02
3.38599062711477245e+02
3.38728998969911345e+02
3.38868192469470955e+02
3.39011310782141379e+02
3.39152374502523458e+02
3.39153167873124175e+02
3.39569879394525515e+02
3.39817531489722455e+02
3.39828272033209032e+02
3.40320046692049118e+02
3.40875676326591815e+02
3.41270898944237842e+02
3.41446218453565848e+02
3.41590573650413035e+02
3.42041459803308157e+02
3.42182490796874959e+02
3.42366256909510298e+02
3.42421959515063122e+02
3.43292368751088304e+02
3.43543727213255579e+02
3.43582404837365289e+02
3.43766504650814909e+02
3.44072425765356229e+02
3.44138343005966590e+02
3.44148468132744256e+02
3.44150743191539618e+02
3.44216317562201993e+02
3.44868160373566866e+02
3.45127108348193929e+02
3.45141778150318032e+02
3.45142296438486369e+02
3.45158077050256168e+02
3.45195704003857031e+02
3.45230698702074960e+02
3.45579155926391877e+02
3.45850050919846126e+02
3.46064231318323493e+02
3.46331003844530642e+02
3.46719874349984934e+02
3.47009066824626075e+02
3.47037246346264851e+02
3.47316764232529863e+02
3.47507804717162912e+02
3.47560193525756404e+02
3.47653141480866850e+02
3.47657365312428396e+02
3.48360987119611991e+02
3.48709668803644036e+02
3.49052101213076526e+02
3.49204675969610832e+02
3.49487380780862281e+02
3.49607162066220553e+02
3.49940302208426715e+02
3.50519656784595554e+02
3.50627435833100208e+02
3.50696326279867549e+02
3.50866266481075968e+02
3.50921506601505655e+02
3.51332237878216347e+02
3.51654884584892272e+02
3.51938929272336964e+02
3.52256051008864347e+02
3.52464681731589735e+02
3.52512761193703000e+02
3.52580982441683545e+02
3.52658913528767471e+02
3.52784794671376631e+02
3.52796546728682188e+02
3.52979924756668538e+02
3.53201902482106959e+02
3.53255301484557549e+02
3.53538843089318675e+02
3.53719084109922164e+02
3.53734949472250719e+02
3.53891906445527752e+02
3.54070164133844855e+02
3.54138615139711533e+02
3.54212199773483349e+02
3.54329800851595451e+02
3.54769082192951430e+02
3.54965927607867343e+02
3.55026101574643008e+02
3.55076846448941410e+02
3.55199957590417625e+02
3.55566505303472240e+02
3.55597131917051684e+02
3.55759420311021984e+02
3.55800872418311201e+02
3.55819163904340485e+02
3.56276770276087404e+02
3.56901519057809082e+02
3.57128809595815596e+02
3.57427887267232336e+02
3.57500152368088266e+02
3.57817731909930330e+02
3.58079072840328990e+02
3.58271452477150319e+02
3.58606211209481444e+02
3.59194734770429250e+02
3.59387907233585565e+02
3.59634336282193090e+02
3.59909122536502309e+02
3.60004691127205490e+02
3.60034558579610689e+02
3.60317240944238165e+02
3.60991101183196520e+02
3.61222152282221941e+02
3.61379594709849130e+02
3.61817013185740734e+02
3.61870265736487454e+02
3.62174574810579770e+02
3.62298521293243766e+02
3.63275544895943426e+02
3.63353964986211054e+02
3.63456021338095525e+02
3.63726598688878425e+02
3.63875745741913761e+02
3.63912158553924655e+02
3.64046502449275522e+02
3.64100498402679193e+02
3.64307491902086781e+02
3.64601791640295573e+02
3.64900074896085584e+02
3.64950732822263490e+02
3.65286530087078404e+02
3.65407550257419643e+02
3.65522950089572873e+02
3.65674247984198246e+02
3.66004647026454165e+02
3.66040974475754297e+02
3.66455691746476077e+02
3.66525994058230935e+02
3.66528232344997946e+02
3.66606362819252467e+02
3.66952110451194130e+02
3.67286885203885276e+02
3.67316541302816177e+02
3.67883231143634248e+02
3.67976657548222306e+02
3.67980824350431590e+02
3.68009965585216719e+02
3.68168320395287878e+02
3.68212159633497890e+02
3.68282294257753108e+02
3.68310148231999165e+02
3.68553838581752416e+02
3.68679173477443896e+02
3.68691916319974155e+02
3.68793086769502452e+02
3.69226666234328604e+02
3.69512427645044227e+02
3.70464446757316409e+02
3.70779966620161645e+02
3.70909392644953982e+02
3.70918770492437375e+02
3.70982872559504813e+02
3.71206111163499145e+02
3.71249601792008093e+02
3.72214656227733713e+02
3.72312178955424542e+02
3.72477721520622481e+02
3.72767049206145543e+02
3.72819120258524435e+02
3.72963034666568774e+02
3.73173860380041162e+02
3.73377577882852052e+02
3.73540389137304260e+02
3.74057474009736325e+02
3.74407373508551132e+02
3.74470371100584089e+02
3.74588287026676426e+02
3.74608538854881544e+02
3.74613917036515318e+02
3.74806024305022106e+02
3.74874342195381473e+02
3.74944867024760583e+02
3.75264613994301612e+02
3.75392946260066310e+02
3.75576707640523409e+02
3.75696796851573481e+02
3.75896971739825744e+02
3.76021123598375937e+02
3.76090661761944375e+02
3.76368925916725573e+02
3.76873041835519643e+02
3.76985811134693790e+02
3.77013094966819722e+02
3.77245602357908979e+02
3.77606383045778784e+02
3.77840003912029374e+02
3.77869878596643957e+02
3.78221261797827424e+02
3.79363441529815077e+02
3.79484222246483114e+02
3.79755846402936299e+02
3.80042915274310815e+02
3.80899227539361391e+02
3.81086227793932039e+02
3.81235858008094738e+02
3.81249623988486974e+02
3.81375816358110853e+02
3.81624731384338475e+02
3.81632256136646788e+02
3.81732393097072645e+02
3.81755593729775171e+02
3.82082785355542910e+02
3.82163525742112370e+02
3.82314694483104972e+02
3.82582958197604853e+02
3.82632360869086710e+02
3.83174622715681153e+02
3.83395137786817486e+02
3.83821085134656300e+02
3.83870314664630996e+02
3.83952304305334792e+02
3.84208028017429797e+02
3.84225058956311614e+02
3.84371856579937003e+02
3.84508203173338075e+02
3.84643765232229953e+02
3.84821721764256381e+02
3.84943869045481620e+02
3.85100798893956721e+02
3.85245296954708010e+02
3.85315070952271185e+02
3.85525715246595382e+02
3.85767463812074084e+02
3.85929053654839890e+02
3.86177781663594146e+02
3.86411738232444804e+02
3.86471081600657499e+02
3.86483361999814747e+02
3.86528077443092002e+02
3.86676662997876065e+02
3.87012559452192249e+02
3.87198249567737662e+02
3.87260488409707477e+02
3.87873248392892719e+02
3.87895957261196713e+02
3.88380998242783221e+02
3.88459408971115636e+02
3.88551400441584633e+02
3.89019196244731233e+02
3.89233283751401132e+02
3.89322581953014037e+02
3.89374162034223900e+02
3.89843351325807134e+02
3.89845823444755524e+02
3.90128822715724141e+02
3.90152650067238937e+02
3.90278156424713302e+02
3.90498867418608256e+02
3.90919241373101613e+02
3.91176659596579498e+02
3.91314591466883371e+02
3.91439063853422795e+02
3.91492753994570421e+02
3.91722814713373623e+02
3.91993027209501520e+02
3.92360993345331281e+02
3.92669609624941359e+02
3.92986964574009107e+02
3.93235777405119165e+02
3.93394771206960968e+02
3.93673168341269047e+02
3.94330455382430614e+02
3.94332521922105684e+02
3.94617222828179933e+02
3.94847148681843237e+02
3.94893095809725367e+02
3.95302453485724868e+02
3.95512825351193726e+02
3.95788232646088318e+02
3.96101628803594281e+02
3.96119740942896442e+02
3.96127442256390054e+02
3.96929644298001449e+02
3.97146001909412917e+02
3.97214201461904622e+02
3.97228611711709448e+02
3.97498462435141562e+02
3.97717798780405019e+02
3.97910755814077334e+02
3.97991711415036093e+02
3.98325811326868916e+02
3.99119394371866065e+02
3.99122133217571786e+02
3.99398500441490285e+02
3.99616819625440826e+02
3.99774412172787095e+02
3.99961868076846940e+02
4.00014273255076318e+02
4.00302284455691051e+02
4.00539185925193237e+02
4.00625613135324443e+02
4.00863706875549610e+02
4.01129299605509686e+02
4.01782117889823098e+02
4.01864566965748168e+02
4.01971813415866563e+02
4.02044420380382689e+02
4.02101178632575738e+02
4.02592992657552486e+02
4.03002675334029959e+02
4.03010586831899786e+02
4.03068097235417326e+02
4.03077832940881081e+02
4.03176045040816120e+02
4.03222028938668700e+02
4.03319212380305203e+02
4.03465431648673587e+02
4.03617559409600631e+02
4.03661717855340498e+02
4.04141952493383315e+02
4.04554763822859059e+02
4.04576375102301256e+02
4.05069832567124763e+02
4.05406962302829356e+02
4.05460605607080197e+02
4.05670463779314559e+02
4.05748857258997759e+02
4.05830105278566748e+02
4.05996865457243416e+02
4.06001609060707665e+02
4.06132809904442183e+02
4.06818915066224235e+02
4.06828896079992433e+02
4.06874870730864359e+02
4.07162917690122981e+02
4.07505308679474638e+02
4.07611060169239863e+02
4.07633921391609078e+02
4.07966382060939736e+02
4.07999358262316264e+02
4.08378880530042125e+02
4.08403085972745771e+02
4.08516421680703957e+02
4.09415076694328150e+02
4.09440352677943224e+02
4.09824170817197910e+02
4.09919595249410349e+02
4.10144785858177841e+02
4.10319293063772989e+02
4.10331856160422205e+02
4.10764631408618698e+02
4.10780738004293653e+02
4.10892978084759079e+02
4.11329533660471498e+02
4.11673135871772388e+02
4.11815922979000220e+02
4.12018736092969220e+02
4.12184641329528631e+02
4.12287934675192218e+02
4.12290685841291406e+02
4.12419175247097883e+02
4.12979233265647849e+02
4.13005321448819416e+02
4.13415152197786483e+02
4.13441824484243398e+02
4.13584262900144608e+02
4.13638150972085327e+02
4.14379953609639074e+02
4.14456793415604750e+02
4.14474944460274060e+02
4.14580116948889554e+02
4.14627581753775871e+02
4.14861393329515408e+02
4.15050212393023116e+02
4.15687003888342701e+02
4.16140896599567668e+02
4.16152536648927480e+02
4.16423962374524081e+02
4.16539409248271852e+02
4.16956020107192444e+02
4.17246235598178373e+02
4.17449657502846890e+02
4.17793755752004927e+02
4.18015747307316360e+02
4.18117242875016245e+02
4.18391893476169685e+02
4.18408905765559098e+02
4.18756537562583048e+02
4.18851775868651089e+02
4.18954539708533616e+02
4.19428153191127137e+02
4.19534009440468822e+02
4.20180042320504356e+02
4.20412637474666894e+02
4.20412906849316641e+02
4.20412914551644349e+02
4.20602928151356082e+02
4.20734233571636196e+02
4.20759328391210602e+02
4.21125919482191193e+02
4.21287114985862786e+02
4.21299356082751046e+02
4.21549675141305556e+02
4.21768339737548104e+02
4.22161477282084547e+02
4.22168476599499172e+02
4.22545673078719233e+02
4.23091032316889880e+02
4.23460309292302213e+02
4.23532071944195309e+02
4.23541241436383984e+02
4.23820577257684818e+02
4.24158633695610661e+02
4.24213806838989171e+02
4.24303395971081727e+02
4.24568807061054031e+02
4.24735735695900303e+02
4.24756799743280453e+02
4.24952128544238008e+02
4.24964417482859176e+02
4.25129034962860032e+02
4.26130024221728718e+02
4.26178450895809362e+02
4.26495302035095278e+02
4.26862148838455482e+02
4.27294731603274045e+02
4.27485172504376351e+02
4.27567863188769024e+02
4.27884929712680162e+02
4.27972961803494854e+02
4.28176362355396350e+02
4.28212189395589462e+02
4.28387518661961280e+02
4.28612165364810380e+02
4.28649288712251632e+02
4.29150478951517243e+02
4.29463260035779967e+02
4.29486904374916548e+02
4.29512206591705649e+02
4.29562684898881173e+02
4.29679338207509318e+02
4.30079916716837829e+02
4.30143763538092571e+02
4.30369402848396135e+02
4.30690940650841583e+02
4.30711390811577530e+02
4.30714886939383518e+02
4.30829016117197682e+02
4.31584410710916131e+02
4.31769026076984119e+02
4.31794265897663195e+02
4.31889307898477000e+02
4.31994235488329196e+02
4.32269778304155693e+02
4.32479516143231763e+02
4.32666222420607255e+02
4.33255313298810393e+02
4.33381032830834442e+02
4.33789457852881583e+02
4.34189266505948126e+02
4.34331928533777500e+02
4.34478650437703777e+02
4.34842005946891788e+02
4.35056644528597758e+02
4.35167885036694884e+02
4.35178118489636404e+02
4.35233751466558374e+02
4.36042286661561661e+02
4.36331874569933802e+02
4.36651550490451086e+02
4.36950180376052685e+02
4.37463083930489233e+02
4.37581349391495451e+02
4.37587239932343209e+02
4.37635214255415576e+02
4.37973488323625361e+02
4.38071538231360933e+02
4.38355859320690229e+02
4.38568903293198105e+02
4.38712236144875646e+02
4.38903557700023839e+02
4.38937706569819852e+02
4.39059977713751664e+02
4.39169283264493117e+02
4.39171587792762580e+02
4.39477160300611331e+02
4.39503792532828584e+02
4.39562681328537110e+02
4.39752779702923590e+02
4.40045895581386617e+02
4.40377601298914669e+02
4.40825417190645908e+02
4.41099003875893914e+02
4.41171705179119158e+02
4.41344232893715457e+02
4.41619949050411606e+02
4.41631138480716231e+02
4.41758371201741511e+02
4.41966806894643241e+02
4.43186305551549481e+02
4.43392449899375379e+02
4.43393815831635266e+02
4.43450213318644842e+02
4.43662469213149507e+02
4.43796729234693089e+02
4.43895647824614571e+02
4.43896132372096758e+02
4.44102082741802974e+02
4.44185792837271492e+02
4.44302822848334017e+02
4.44472925593561115e+02
4.44840975327765022e+02
4.44883851841890987e+02
4.44930184800159395e+02
4.45377797520239824e+02
4.45711409382261934e+02
4.45964732792666496e+02
4.46039670328275065e+02
4.46746420150785411e+02
4.47048515660456133e+02
4.47217772213447233e+02
4.47448556013745247e+02
4.47489430613423565e+02
4.47755072877201883e+02
4.47912825539433811e+02
4.48071406555881936e+02
4.48227783140890551e+02
4.48379886247690479e+02
4.49149561814149706e+02
4.49374647468388048e+02
4.49470046699802310e+02
4.49529529995601933e+02
4.49879535707424509e+02
4.50006868314032886e+02
4.50173260707824056e+02
4.50378794133659540e+02
4.50391811664422278e+02
4.50620360140490618e+02
4.50834476026805305e+02
4.51105561772355372e+02
4.51191061653367115e+02
4.51306706534624027e+02
4.51335490186677589e+02
4.51390244454708068e+02
4.51392287910887546e+02
4.52081949124076345e+02
4.52100707512990425e+02
4.52429623762595838e+02
4.52628372604873562e+02
4.52653152633669720e+02
4.52722115526481332e+02
4.53106069792996323e+02
4.53507734115702874e+02
4.53609572909888357e+02
4.54021457288372403e+02
4.54238124460025347e+02
4.54518378091456270e+02
4.54902360440854750e+02
4.55343553670896199e+02
4.55526940889975322e+02
4.55741290328062689e+02
4.56101315561408001e+02
4.56151788551836262e+02
4.56389379277966214e+02
4.56513213221530577e+02
4.56845298904260630e+02
4.57177002098997718e+02
4.57539868148976097e+02
4.57818809279947800e+02
4.58052602918813136e+02
4.58129310853932111e+02
4.58299351574003822e+02
4.58463500812385746e+02
4.58649241489937197e+02
4.58796603840088437e+02
4.58926927244475792e+02
4.58934891408162684e+02
4.58940255412032229e+02
4.59004483591119310e+02
4.59045275462931102e+02
4.59218807754755630e+02
4.59235122229049239e+02
4.59515211469583164e+02
4.60009610282416418e+02
4.60703503483927875e+02
4.60798733388913320e+02
4.61070773672379232e+02
4.61212946787462329e+02
4.61303681179382352e+02
4.62145379721001973e+02
4.62265619348081827e+02
4.62467921673444721e+02
4.62475478148763500e+02
4.62675821003196916e+02
4.63018564333591485e+02
4.63245580992486339e+02
4.63458024935184881e+02
4.63886296286068500e+02
4.64319996834478616e+02
4.65153224586640022e+02
4.65158100047170365e+02
4.65410288727789748e+02
4.65575847518067235e+02
4.65890569440900379e+02
4.65921487881617509e+02
4.66082862645170735e+02
4.66570080751412206e+02
4.66845842712857802e+02
4.66977809270409750e+02
4.67110930382109586e+02
4.67141688749297259e+02
4.67372936677289943e+02
4.67468447664158248e+02
4.67536543727755770e+02
4.68218575181174401e+02
4.68238336775801713e+02
4.68436958580488181e+02
4.68677063650318701e+02
4.68747086878362779e+02
4.68827752018284741e+02
4.68979149731005236e+02
4.69221374379241979e+02
4.69692223581954295e+02
4.69719410882553689e+02
4.69989365996606807e+02
4.69991282063547374e+02
4.70376684015140427e+02
4.70852562430846547e+02
4.70900323505167989e+02
4.70932139238018294e+02
4.71123179516637606e+02
4.71157748141070897e+02
4.71159833223354042e+02
4.71555127588477319e+02
4.71637588464772080e+02
4.71820618180352881e+02
4.72371850268105163e+02
4.72429032729140090e+02
4.72584574093257288e+02
4.73037018120802827e+02
4.73310383615350474e+02
4.73437591754237587e+02
4.73441774335615662e+02
4.73543452479749590e+02
4.73565423729325516e+02
4.73675829532716875e+02
4.73695481157228528e+02
4.73759465164406265e+02
4.73970645730665353e+02
4.73983510537407028e+02
4.74278956939509158e+02
4.74643001947420430e+02
4.74671113958271235e+02
4.74865406939211994e+02
4.75511735888446367e+02
4.75524030098180560e+02
4.75864179919704952e+02
4.76044673896219251e+02
4.76707335673679040e+02
4.76711511838652882e+02
4.76717849435137055e+02
4.77531290712685745e+02
4.77575267686647294e+02
4.77665124086875267e+02
4.77688674367613316e+02
4.77695747920642020e+02
4.77773643340069953e+02
4.78057463670971742e+02
4.78109575446045937e+02
4.78394275308588476e+02
4.78462753892271053e+02
4.78615645443353060e+02
4.78845193473350037e+02
4.79398423293351584e+02
4.79807353877930268e+02
4.79848054900726197e+02
4.80570950347845496e+02
4.80696227887503483e+02
4.80729401615665097e+02
4.80990706106460152e+02
4.81039578294318517e+02
4.81216002970363661e+02
4.81399451238575864e+02
4.81576636009321760e+02
4.81835493006905040e+02
4.81885006668545998e+02
4.81966271001790460e+02
4.82674231765863169e+02
4.82679153803777467e+02
4.82880591050264798e+02
4.83587200031003590e+02
4.83648281339751520e+02
4.84071828337006309e+02
4.84293634567583808e+02
4.84379624758243722e+02
4.84948967675440485e+02
4.84999476401125321e+02
4.85212936659537263e+02
4.85601942481269020e+02
4.85705301331511805e+02
4.85887967449322559e+02
4.85917848987348975e+02
4.86055030757320822e+02
4.86416594910054755e+02
4.86533361177919289e+02
4.86613992419249314e+02
4.86974716199401428e+02
4.87144130161435157e+02
4.87544174716188650e+02
4.87572526619096152e+02
4.87670223021259176e+02
4.88228283269520034e+02
4.88930177521394057e+02
4.89013890893798759e+02
4.89515438622140209e+02
4.89920028870379497e+02
4.90137819903602804e+02
4.90267190477376971e+02
4.90584841643892105e+02
4.90713984970406727e+02
4.90771006410676364e+02
4.90946221372083983e+02
4.91077440910957762e+02
4.91168053303226316e+02
4.91184309967089234e+02
4.91287175836184929e+02
4.91409289842880526e+02
4.91765743286247130e+02
4.91852272531765948e+02
4.91932059461599806e+02
4.91957312182375858e+02
4.92001131796439154e+02
4.92725212693765798e+02
4.92955692153434370e+02
4.93184968698379294e+02
4.93420271257690388e+02
4.93537774405953542e+02
4.94260159427144231e+02
4.94477021876924937e+02
4.94862412526894332e+02
4.95084578259690147e+02
4.95112937780307334e+02
4.95135349665385434e+02
4.95402461131046834e+02
4.95488984304663404e+02
4.95498567921369158e+02
4.95599770145970751e+02
4.95967602859135411e+02
4.96562022179258634e+02
4.96806557920892146e+02
4.96897053730251287e+02
4.97003508729060741e+02
4.97057859036694254e+02
4.97607141803519085e+02
4.98101422541619513e+02
4.98106711242128881e+02
4.98139099789032798e+02
4.98267671474273698e+02
4.98273898133019884e+02
4.99031563021188390e+02
4.99065892819981173e+02
4.99205847596402521e+02
4.99295056592618266e+02
4.99765429313638151e+02
4.99824770978756817e+02
4.99957317055360193e+02
4.99985690807981996e+02
5.00171382372570065e+02
5.00236940283374395e+02
5.00289301717234366e+02
5.00489150750664294e+02
5.00566847864388137e+02
5.00880578350179690e+02
5.01232495665142039e+02
5.01534542795561379e+02
5.01592236061722701e+02
5.01845218096945814e+02
5.02639819718602666e+02
5.03700512627650483e+02
5.03740910817340421e+02
5.04423322823636227e+02
5.04478089586427018e+02
5.04954941115789438e+02
5.05106640905084873e+02
5.05307714042955013e+02
5.05827618751110322e+02
5.05836632865882052e+02
5.06075508272010154e+02
5.06152642407384064e+02
5.06364371967723173e+02
5.06428064674039888e+02
5.06681783560133965e+02
5.06719576189584359e+02
5.06748771715341604e+02
