5.27098601798536404e+00
7.85557158730534422e+00
1.00039562450417954e+01
1.11619304965936834e+01
1.33522171318805363e+01
1.43248306907940588e+01
1.52235518197040385e+01
1.66880848128568253e+01
1.73673374032378049e+01
1.81721489749909288e+01
2.00557515300295641e+01
2.09006649621453988e+01
2.09306009766690195e+01
2.20720649168694116e+01
2.26760793431802021e+01
2.53142750368826874e+01
2.54824754414872849e+01
2.56593658024482281e+01
2.57791966589684094e+01
2.74783876286103883e+01
2.78661632885443069e+01
2.84923526346441989e+01
2.92238894523278709e+01
3.04081307490517503e+01
3.06644709238879756e+01
3.13550696125728656e+01
3.20224929750074097e+01
3.35896541079956847e+01
3.37219893901990986e+01
3.37640796580820677e+01
3.45411465599938481e+01
3.58424000883669294e+01
3.61571535819714285e+01
3.64976479996932426e+01
3.73727718677231877e+01
3.76586625393140508e+01
3.91211412243736305e+01
3.92267913064216032e+01
3.95913287840240429e+01
4.03842459350214540e+01
4.04024546946694159e+01
4.04830029346326086e+01
4.18200688015148927e+01
4.25854732108178737e+01
4.29973711486171268e+01
4.33038672875625963e+01
4.47218003698168332e+01
4.53362405887114477e+01
4.61260884432327316e+01
4.69207178544418042e+01
4.70704851083552711e+01
4.76002070880569477e+01
4.77342737066881426e+01
4.79082992334747004e+01
4.79802546392315890e+01
4.81950255919886885e+01
4.84436533554001372e+01
4.97137087174444758e+01
4.98594145824956314e+01
5.01737678494432018e+01
5.09337859003869653e+01
5.20656230343704323e+01
5.25784898149558302e+01
5.33483443217888720e+01
5.42253697545371978e+01
5.43223107088663824e+01
5.46702283667337383e+01
5.50467536504617243e+01
5.53808258861524649e+01
5.57335649158357000e+01
5.58150679213584482e+01
5.60952371952268010e+01
5.70594788465030689e+01
5.75591181973156694e+01
5.78485312534460689e+01
5.80322253731377913e+01
5.87287913630129452e+01
5.94333928438591244e+01
6.04245510931191774e+01
6.12614314079858673e+01
6.12767749201297178e+01
6.14795313069377585e+01
6.19823349613641881e+01
6.22559581045708228e+01
6.22621144368425519e+01
6.25348147961731229e+01
6.37077091949678262e+01
6.43191919500741562e+01
6.44642181700548633e+01
6.46205755783684310e+01
6.49210939689109807e+01
6.49494447668985231e+01
6.53789956785130926e+01
6.60444064358557057e+01
6.61354627808260034e+01
6.65738716694673656e+01
6.74558468238628848e+01
6.79179244946436995e+01
6.93839735279149465e+01
6.99261566209472107e+01
6.99356368114060274e+01
6.99696212264343274e+01
7.06763887588484465e+01
7.07947636457482758e+01
7.08890427734363868e+01
7.15232510826432417e+01
7.16501475005983934e+01
7.20439158119237391e+01
7.23818451212241882e+01
7.34583265196708908e+01
7.35415121136090875e+01
7.39774163864867660e+01
7.41372141089484273e+01
7.41455379939629040e+01
7.44567460188045231e+01
7.48222836382105640e+01
7.54525728616001174e+01
7.57960799800102620e+01
7.60350392527583381e+01
7.61473804987840595e+01
7.79170813611923450e+01
7.79578019652663841e+01
7.83035316496564064e+01
7.85476331344425205e+01
7.93087316234792183e+01
7.93448530504279006e+01
7.94865794447526639e+01
7.95718841869548044e+01
7.96781280105677183e+01
8.02407679408252648e+01
8.03801447639016260e+01
8.11843512729120960e+01
8.17700923680614551e+01
8.23507036784725415e+01
8.25450630564981793e+01
8.26824117634619711e+01
8.31583196953024810e+01
8.43435456169845850e+01
8.44137296694024428e+01
8.46038776383321363e+01
8.47938577062464844e+01
8.50474702857620457e+01
8.55157743741027332e+01
8.55207318481457435e+01
8.56930111877011313e+01
8.60509001091207608e+01
8.64582606649014167e+01
8.72179296920991760e+01
8.72784490241156448e+01
8.78346422677207954e+01
8.78789457178587838e+01
8.82340257764123521e+01
8.83285493026792494e+01
8.89785500526063515e+01
8.93423823024042179e+01
8.94327464039741074e+01
9.03330751228983218e+01
9.12862043333437612e+01
9.17626105706846715e+01
9.18196477721345161e+01
9.18854981881392803e+01
9.21216410393099068e+01
9.24169547099085378e+01
9.26018420604750361e+01
9.37596978079440078e+01
9.42111851086000343e+01
9.48650541822937043e+01
9.50485912387158578e+01
9.52111597496310367e+01
9.52676713515265305e+01
9.53793567399430913e+01
9.55870681722608992e+01
9.56162300172593689e+01
9.59667687260135835e+01
9.62562587020648550e+01
9.63253564646597056e+01
9.69073013251374107e+01
9.70202902285231801e+01
9.71791238091838352e+01
9.75254086624878767e+01
9.76194769070884547e+01
9.78124260306162796e+01
9.89437331439016532e+01
9.91637439524735100e+01
1.00083345801561961e+02
1.00302759696349852e+02
1.00498718195990278e+02
1.00638152240192994e+02
1.01190305940990896e+02
1.01643322389931313e+02
1.01729174532421325e+02
1.01960139496677272e+02
1.02367566069899340e+02
1.02740889305338754e+02
1.03085171062630991e+02
1.03222454625427275e+02
1.04291664829201181e+02
1.04302835112027509e+02
1.04403451724155616e+02
1.04463419196239528e+02
1.05306461804515351e+02
1.05403661649439357e+02
1.06355937925792745e+02
1.06708258293398785e+02
1.06710318012981730e+02
1.06773853389444128e+02
1.06781843831132505e+02
1.07201410751365870e+02
1.07460443219358410e+02
1.07475604338300059e+02
1.07567592009716236e+02
1.07853981502879918e+02
1.07876410087581149e+02
1.08496951650037005e+02
1.09195981131426805e+02
1.09514983484805043e+02
1.09897034353674655e+02
1.10052005089365139e+02
1.10072458583699245e+02
1.10342427584921808e+02
1.11918865262709005e+02
1.11973102106370874e+02
1.11996945736661587e+02
1.12198483137213373e+02
1.12782907584118135e+02
1.12836142119929349e+02
1.13039016376416896e+02
1.13588422258990732e+02
1.14140829903100581e+02
1.14345302091692702e+02
1.14349831819522052e+02
1.14366724480592495e+02
1.14547486026471972e+02
1.15083865896687541e+02
1.15249193808362634e+02
1.15831908620535756e+02
1.16311870773804770e+02
1.16818444005337653e+02
1.17175417339432812e+02
1.17284368879417173e+02
1.17834998683101730e+02
1.18052311063583545e+02
1.18170692243000900e+02
1.18188112257829374e+02
1.18744940912253071e+02
1.18780150851160670e+02
1.18805952410026521e+02
1.19252896437692840e+02
1.19339885328687018e+02
1.19556017670358187e+02
1.19905457444316511e+02
1.20010886536708483e+02
1.20109762913386618e+02
1.20124775821402466e+02
1.20159062534087440e+02
1.20515902146694145e+02
1.20833114996454839e+02
1.21651737952484865e+02
1.22191255103982314e+02
1.22940146518051478e+02
1.23437392494499221e+02
1.23635034508342613e+02
1.23742742997836956e+02
1.24275661378255194e+02
1.24280766636199672e+02
1.24297937899025442e+02
1.24949714946194604e+02
1.25039525767447458e+02
1.25287494591194985e+02
1.25806628807543973e+02
1.26426077189522800e+02
1.26568761002532113e+02
1.26577645506504581e+02
1.26727858254824412e+02
1.26911027894383096e+02
1.26998303022511351e+02
1.28211693569754573e+02
1.29313184375955814e+02
1.29494858593677861e+02
1.29823757441792850e+02
1.30029607090103866e+02
1.30220178506350805e+02
1.30677266682642596e+02
1.30758840970644883e+02
1.30810750224172523e+02
1.30833543044129271e+02
1.30933293620753034e+02
1.31373741788075336e+02
1.31383913212078141e+02
1.31392830557213756e+02
1.31484479074830688e+02
1.31694677405323660e+02
1.31837883116772105e+02
1.31985787673732773e+02
1.32057717846987828e+02
1.33035575851770716e+02
1.33159233930851826e+02
1.33512351067206396e+02
1.33604177929310197e+02
1.33827194174630279e+02
1.33969916310880706e+02
1.34498754889509939e+02
1.34562815955910935e+02
1.34573300954106003e+02
1.34885647234593876e+02
1.35019688731258611e+02
1.35308797725802265e+02
1.35367365699359880e+02
1.36162701315339916e+02
1.36386925859982910e+02
1.36514798445062922e+02
1.36989484382740386e+02
1.37150673241641698e+02
1.37361095859070701e+02
1.37786236784628670e+02
1.38548440899191348e+02
1.38649927379607902e+02
1.38771617224178840e+02
1.39311194915305407e+02
1.39893105050547206e+02
1.39900372653087061e+02
1.40523377422474823e+02
1.41254470381101669e+02
1.41500196810308125e+02
1.41520225966725320e+02
1.41706043439429891e+02
1.41963871644374535e+02
1.42145098164411536e+02
1.42155394872320187e+02
1.42168142996862287e+02
1.42942301557563894e+02
1.43814674082562647e+02
1.43959441363293365e+02
1.44252497916462175e+02
1.44428071454604947e+02
1.44457315815086531e+02
1.44518813575195225e+02
1.44597704219507875e+02
1.44607861909136659e+02
1.44735159156033603e+02
1.44761547690025452e+02
1.44959123258367129e+02
1.44977138646676792e+02
1.45060938939536243e+02
1.45405445268839287e+02
1.45866765140507482e+02
1.46261573091862260e+02
1.46368180194284037e+02
1.46801909865463301e+02
1.46859682353922778e+02
1.46910375329592682e+02
1.47012088593427222e+02
1.47993706912850485e+02
1.48014916392726548e+02
1.48399259518035990e+02
1.48499076722208144e+02
1.48807515765597373e+02
1.49195011105696551e+02
1.49443164168542069e+02
1.51056528430081642e+02
1.51155651321055359e+02
1.51706092455883663e+02
1.51768219315219710e+02
1.52250235139489803e+02
1.52517545621241027e+02
1.52567747009818618e+02
1.52607981535081308e+02
1.52744116909970273e+02
1.53370127882706129e+02
1.53467918726265509e+02
1.53589985698124792e+02
1.53620245169600707e+02
1.53865831434840345e+02
1.53887199996391189e+02
1.54141495725493314e+02
1.54214351591410662e+02
1.54215084460595563e+02
1.54820866705597723e+02
1.54992797813407606e+02
1.55210432709249062e+02
1.55607988118827905e+02
1.55858629777607518e+02
1.55998717862198475e+02
1.56291092770595185e+02
1.56333335724396022e+02
1.56572370833790330e+02
1.56652904292401558e+02
1.56862919873285989e+02
1.56911982153843326e+02
1.57822520383736162e+02
1.57856269412729034e+02
1.57861132702066811e+02
1.58336044911125157e+02
1.58416887771069526e+02
1.58422205892536397e+02
1.58557590539457294e+02
1.58692812628672129e+02
1.58694458560812393e+02
1.59393493127654779e+02
1.59915446183908159e+02
1.59964939120272447e+02
1.60483776759477792e+02
1.60514699696167270e+02
1.60782155011447458e+02
1.61087551018722365e+02
1.61236646188656437e+02
1.61241320367272806e+02
1.61269633280966730e+02
1.61319691353665462e+02
1.62400648031645972e+02
1.63093422969893425e+02
1.63626769943233342e+02
1.64036897245519469e+02
1.64126548193314079e+02
1.64137785085102792e+02
1.65269280019267285e+02
1.65385487311192890e+02
1.65536978220594733e+02
1.65633102432339967e+02
1.65682693998238733e+02
1.65914368161354332e+02
1.66074143319223140e+02
1.66550892803029797e+02
1.66715961817429275e+02
1.66812639934397396e+02
1.66870387921639121e+02
1.66948761790871743e+02
1.67222505119258813e+02
1.67355678292649429e+02
1.67442529881956943e+02
1.67648956094971538e+02
1.67908043680742423e+02
1.68146066024001925e+02
1.68425512613529293e+02
1.68664713037121601e+02
1.68949007025492449e+02
1.68956563388240966e+02
1.69449090585469264e+02
1.69554701973533042e+02
1.70003628711932095e+02
1.70475905583266808e+02
1.70559550591622951e+02
1.70915611133744846e+02
1.70932259273302520e+02
1.72076319787352475e+02
1.72208741865144304e+02
1.72668668904638196e+02
1.72830775511451975e+02
1.72833520689523368e+02
1.72955188900846338e+02
1.73036356911441374e+02
1.73116271574682344e+02
1.73236224639939564e+02
1.73250936256223838e+02
1.73423433370136081e+02
1.73669470665518190e+02
1.73750356752536391e+02
1.73922380066580274e+02
1.74383944650298986e+02
1.74462236215465794e+02
1.74483940903984148e+02
1.75282151836524349e+02
1.75346512137578543e+02
1.75354318804258355e+02
1.76110743381388772e+02
1.76164586343803933e+02
1.76284517856008677e+02
1.76290384406720250e+02
1.77477583129818072e+02
1.77521194541345608e+02
1.77611950869795578e+02
1.77770484966405036e+02
1.77899893667456411e+02
1.78118760128737847e+02
1.78555942084965466e+02
1.78656298028162098e+02
1.78857485328751409e+02
1.78873175593266865e+02
1.78964793123725769e+02
1.79030846417735233e+02
1.79348968921269829e+02
1.79712539355301828e+02
1.79822314107192369e+02
1.80170204877688832e+02
1.80371019905033393e+02
1.80587775041877649e+02
1.80764088251969270e+02
1.80908217377768892e+02
1.81173843830551220e+02
1.81272324378775181e+02
1.81676820172555722e+02
1.81682421704123840e+02
1.81809756974982577e+02
1.82816325796299566e+02
1.82917964756660922e+02
1.83019635753111402e+02
1.83412020070208541e+02
1.83491162649878220e+02
1.83733584610231787e+02
1.84165077594899742e+02
1.84298229759263108e+02
1.84300541466538334e+02
1.84908763195108520e+02
1.85566567454163135e+02
1.85675631909319293e+02
1.85964378367296717e+02
1.86141196874157060e+02
1.86407063527270338e+02
1.86634288444956098e+02
1.87181142429624856e+02
1.87262771019896263e+02
1.87289856606251362e+02
1.87486154216334569e+02
1.87838464892423019e+02
1.87839864109224607e+02
1.87932165596172297e+02
1.87979100337956766e+02
1.88157860814824630e+02
1.88279708037641171e+02
1.88533261987278991e+02
1.88639607495141036e+02
1.88912638061726113e+02
1.89070590698152444e+02
1.89231319275371163e+02
1.90032205359889076e+02
1.90073285290258241e+02
1.90118874222273405e+02
1.90333562895527052e+02
1.90511780338950643e+02
1.91347227862280931e+02
1.91347879269271687e+02
1.91416410206310388e+02
1.91796533631084912e+02
1.91946376147878880e+02
1.91970637751459890e+02
1.92302765163288939e+02
1.92348420666560685e+02
1.92460237222223668e+02
1.92610100261293951e+02
1.92689934942032494e+02
1.93285865737026427e+02
1.93301849406934537e+02
1.93343500774058441e+02
1.93662063676961566e+02
1.93908499299005257e+02
1.94224869501257444e+02
1.94293286105364473e+02
1.94492876808017172e+02
1.94544411256077240e+02
1.95027890415886645e+02
1.95058762035063410e+02
1.95698279856104364e+02
1.96050218654538639e+02
1.96271388034596612e+02
1.96522259460275222e+02
1.96703604294505396e+02
1.97069602161887985e+02
1.97124949101664072e+02
1.97171598649077339e+02
1.97636452826130267e+02
1.98042052660112745e+02
1.98154649715650407e+02
1.98486842823347104e+02
1.98540320329441101e+02
1.98582303030753906e+02
1.99069654593093446e+02
1.99302122454390428e+02
1.99965578191832492e+02
2.00365644193540788e+02
2.00503117199345184e+02
2.00769798112372541e+02
2.01267745015011428e+02
2.01295755158124564e+02
2.01618934651600455e+02
2.01665543412023226e+02
2.01708725197451145e+02
2.01856111401043904e+02
2.01970721848898791e+02
2.02292425869124315e+02
2.02477929163693148e+02
2.02598156677391273e+02
2.02999033354750679e+02
2.03093787736993818e+02
2.03132014228428147e+02
2.03214388121539628e+02
2.03310195074779813e+02
2.03440387748744115e+02
2.03441092569137368e+02
2.03491428899986659e+02
2.03507502048201729e+02
2.03518005387192375e+02
2.03566528249169835e+02
2.04909604718975459e+02
2.04927954013358431e+02
2.05233757637822180e+02
2.05329270885187896e+02
2.05468217168853187e+02
2.05470940028990526e+02
2.05497104057493516e+02
2.06232771543241540e+02
2.06298646992640329e+02
2.06468771709530301e+02
2.06588558167685278e+02
2.06633441437267663e+02
2.06732671883375872e+02
2.07488349500211086e+02
2.07880155100796287e+02
2.07882278019570322e+02
2.07941765961430519e+02
2.08282257268907017e+02
2.08308822485550706e+02
2.08411611463755492e+02
2.08509735152055612e+02
2.08544916675011905e+02
2.08790130212199131e+02
2.08986273908032388e+02
2.09106429882341331e+02
2.09325449249529242e+02
2.10379070406492019e+02
2.10567433572447499e+02
2.11011540587700495e+02
2.11572495843882905e+02
2.11722599149034579e+02
2.11913599020150684e+02
2.12022391352000909e+02
2.12029792496785717e+02
2.12191164363232190e+02
2.12334843349105483e+02
2.12570134937354737e+02
2.12611766420309493e+02
2.12891148760036572e+02
2.13329744465647195e+02
2.13556594892645194e+02
2.14460291644036772e+02
2.14474152455813055e+02
2.14907512709022683e+02
2.14951814863784932e+02
2.15000488807956003e+02
2.15254687501833757e+02
2.15493643060403713e+02
2.15736247084875686e+02
2.15946708789235629e+02
2.16189543635427924e+02
2.16246492488189574e+02
2.16314544125030068e+02
2.16522525520626175e+02
2.16656989205441448e+02
2.16828849731946832e+02
2.16906772441757937e+02
2.17128784124069796e+02
2.17219615006960396e+02
2.17303104723188255e+02
2.17423893563449099e+02
2.17711038308702086e+02
2.18050047195080481e+02
2.18134691853915797e+02
2.18802314846091519e+02
2.19046231268950294e+02
2.19231003499055305e+02
2.19479057229051080e+02
2.19603418617208320e+02
2.19612309702665812e+02
2.19624634001169170e+02
2.19633347639429132e+02
2.19633675299743629e+02
2.19642819942633707e+02
2.19657494668226605e+02
2.19782710200218958e+02
2.19789027015981617e+02
2.19950926943093691e+02
2.20121862571336351e+02
2.20549289408931543e+02
2.21612954582032955e+02
2.21658652009138848e+02
2.21684343102795424e+02
2.22114767089855604e+02
2.22487002054740003e+02
2.22511971547062672e+02
2.22961707126175440e+02
2.23146425671245083e+02
2.23182463079333161e+02
2.23277561660347828e+02
2.23325201535905251e+02
2.23830706400864358e+02
2.24176103359070510e+02
2.24463021860549020e+02
2.24636124118850319e+02
2.24879224618992168e+02
2.24967932598957020e+02
2.25149230187930925e+02
2.25195490603298026e+02
2.25214969432970747e+02
2.25499102211303352e+02
2.26155790223008353e+02
2.26183510373188597e+02
2.26777570257616048e+02
2.27116227574582012e+02
2.27139601058537494e+02
2.27403692920547655e+02
2.27459310130771996e+02
2.27755692724573237e+02
2.27781278733005308e+02
2.27858769969856667e+02
2.27935045672598449e+02
2.28705744055102741e+02
2.28781950542422294e+02
2.28823875742663233e+02
2.29062500875528201e+02
2.29117238137755862e+02
2.29266473880160390e+02
2.29708041634773224e+02
2.29862392539491395e+02
2.29881297727653305e+02
2.30147115153118136e+02
2.30319031901069991e+02
2.30882211721740589e+02
2.30988911661424140e+02
2.31093811837838416e+02
2.31130497685846308e+02
2.31203860642642894e+02
2.31213920320633861e+02
2.31308628424431390e+02
2.31730872291118658e+02
2.32223861450272466e+02
2.32515348380502644e+02
2.32720476715035090e+02
2.32966440181425753e+02
2.33503331769032570e+02
2.33623101031401291e+02
2.33836336236314253e+02
2.33836545745694139e+02
2.33844399894314336e+02
2.33945879767097551e+02
2.34198790943123811e+02
2.34253045958261680e+02
2.34272849610021410e+02
2.34377727080067189e+02
2.35018400574344412e+02
2.35023145822865331e+02
2.35253351888467876e+02
2.35451653515395265e+02
2.36139024743738446e+02
2.36375366150685636e+02
2.36383370121683129e+02
2.36464885230589516e+02
2.36465162794510547e+02
2.36470546276495099e+02
2.36798958833645941e+02
2.36799899107080989e+02
2.37324376574655957e+02
2.37388560573952873e+02
2.37812550008248991e+02
2.38258316178407028e+02
2.38416911987124422e+02
2.38463598477894323e+02
2.38960114164778986e+02
2.39109243328762716e+02
2.39241754610523515e+02
2.39318246034464892e+02
2.39340973771949905e+02
2.39744082012168576e+02
2.39862158080041240e+02
2.39888485564999257e+02
2.40191790638701605e+02
2.40561765775077788e+02
2.40590459008636572e+02
2.40641426234121298e+02
2.40662563130525598e+02
2.40827714310945794e+02
2.40929684827730625e+02
2.40979765294150980e+02
2.41164996873268194e+02
2.41179270635034300e+02
2.41201402713336222e+02
2.41576790435995122e+02
2.42189922437731298e+02
2.42593453247469142e+02
2.42730123915203251e+02
2.42741849727337637e+02
2.43249947951139859e+02
2.43280613035103272e+02
2.43289449729307421e+02
2.43344321438790644e+02
2.43605675823492959e+02
2.43715692996595067e+02
2.43901825507864714e+02
2.44175426278086434e+02
2.44319108887923221e+02
2.44936659797726634e+02
2.45155494844168629e+02
2.45338299092495276e+02
2.45815275409688809e+02
2.46044211117831651e+02
2.46046804437906530e+02
2.46112956308660500e+02
2.46324609438878213e+02
2.46327638572415083e+02
2.46561095947162926e+02
2.46620860825726822e+02
2.46800839086848441e+02
2.47362314969656552e+02
2.47459860013199830e+02
2.47636701592000918e+02
2.48282422385434415e+02
2.48327635232936132e+02
2.48482542938344864e+02
2.48654099094023024e+02
2.48732074776393063e+02
2.48847320479804125e+02
2.49051932067353448e+02
2.49290122642574374e+02
2.49467687831844387e+02
2.49486822908895590e+02
2.49487353292553053e+02
2.49657853607312461e+02
2.49773886790350900e+02
2.49979115302181981e+02
2.50945590744857213e+02
2.51015267451810701e+02
2.51735743163255222e+02
2.51970072056529148e+02
2.52004516546309958e+02
2.53011100292233436e+02
2.53300988679216061e+02
2.53661437465457141e+02
2.53733419306788562e+02
2.53789912956374906e+02
2.53832525519884086e+02
2.53844720616873531e+02
2.53848762187890884e+02
2.53857336530362943e+02
2.53857430303325884e+02
2.54012308054041057e+02
2.54023802436092978e+02
2.54079062831014767e+02
2.54118353244617197e+02
2.54205517406381659e+02
2.54395398708333460e+02
2.54648551775526244e+02
2.54690675647423802e+02
2.54900036831127295e+02
2.54946023983292093e+02
2.55282136091246286e+02
2.55348959751192069e+02
2.55825621483996485e+02
2.55846490930454536e+02
2.55896658763946050e+02
2.56074008271317155e+02
2.56090891061966715e+02
2.56362030290861185e+02
2.56420403384180133e+02
2.56712757269196516e+02
2.57018573941992543e+02
2.57061026764828569e+02
2.57136619219582315e+02
2.57591846262050751e+02
2.57851017244056322e+02
2.58184839269844304e+02
2.58192472493438402e+02
2.58318838639317732e+02
2.58355892520114935e+02
2.58666450048193326e+02
2.59081512109230232e+02
2.59170904096639958e+02
2.59190778783862413e+02
2.59825907337666933e+02
2.60050499379803057e+02
2.60124306285477587e+02
2.60238984446475570e+02
2.60694713345778894e+02
2.60741375046058977e+02
2.60949969809418178e+02
2.61033035273030521e+02
2.61070203167747820e+02
2.61576769311717101e+02
2.61640883397603432e+02
2.62330001439996920e+02
2.62522697477806275e+02
2.62572538622844093e+02
2.62825823678395921e+02
2.63031893688453067e+02
2.63434342999975229e+02
2.63670419864345774e+02
2.63717065635046822e+02
2.63852771668829234e+02
2.64100705208505076e+02
2.64114502260096231e+02
2.64120569785822227e+02
2.64150649574135400e+02
2.64305218483606211e+02
2.64333227753882454e+02
2.64468930034572679e+02
2.64605838498267019e+02
2.64733628621398509e+02
2.65416004954067773e+02
2.65650555200612473e+02
2.65700576691021979e+02
2.65758030974187648e+02
2.65807943932940930e+02
2.65951135838633320e+02
2.66609075488935048e+02
2.66731414590452403e+02
2.66961860143114166e+02
2.67181377607235902e+02
2.67238254652713579e+02
2.67249363410373178e+02
2.67306619242351076e+02
2.67417510027630726e+02
2.67565286098899890e+02
2.68243509873413984e+02
2.68256005659859113e+02
2.68846966863764294e+02
2.68857813913115422e+02
2.68969221614926767e+02
2.69019690928070247e+02
2.69660532362475919e+02
2.70339003589257629e+02
2.70451897593111710e+02
2.70542784517603025e+02
2.70694357897154816e+02
2.70706496391036410e+02
2.70807704351942846e+02
2.70982375408412395e+02
2.71000438847230555e+02
2.71062509221929474e+02
2.71082106849307650e+02
2.71089702004825028e+02
2.71223979570742586e+02
2.71740844884980163e+02
2.71796457263062905e+02
2.71798580913414014e+02
2.72160966596939886e+02
2.72463044465466226e+02
2.72514154143816995e+02
2.72515086687313953e+02
2.72517344974299192e+02
2.72558343003858170e+02
2.72626144190416824e+02
2.73111680947588241e+02
2.73211744363631908e+02
2.73524194769951805e+02
2.73561550616023908e+02
2.73648371576862644e+02
2.73995480784904714e+02
2.74020292198248455e+02
2.74030085421149863e+02
2.74110886123178318e+02
2.74608858059794159e+02
2.74868979486190540e+02
2.75083474991263927e+02
2.75105579612614520e+02
2.75255062932404144e+02
2.75578006193145711e+02
2.75757906730161096e+02
2.75970026690448265e+02
2.76042985592644584e+02
2.76830526319600665e+02
2.77080710418571016e+02
2.77354619899858960e+02
2.77735265640257865e+02
2.77794786855968198e+02
2.77814367497918909e+02
2.78401610058396216e+02
2.78880538421474000e+02
2.78905816378211568e+02
2.78993798642621869e+02
2.79012644730855357e+02
2.79165798458359006e+02
2.79176959587059628e+02
2.79256457386470174e+02
2.79747107299782328e+02
2.79792916322354074e+02
2.80027101810629858e+02
2.80119954531297537e+02
2.80210043636215971e+02
2.80435449039278012e+02
2.80533218162708408e+02
2.80669071731657311e+02
2.80731441298963603e+02
2.81024715052368435e+02
2.81583089549926683e+02
2.81709552983323931e+02
2.81879360185803819e+02
2.82222396546243829e+02
2.82246878348008011e+02
2.82304711576332295e+02
2.82310269894155624e+02
2.82386226774511272e+02
2.82471517400713822e+02
2.82484737755229446e+02
2.82798457486280142e+02
2.82856481115642111e+02
2.83520466109358324e+02
2.83724918158307503e+02
2.83796947931913280e+02
2.84162717681136257e+02
2.84262676690678461e+02
2.84272872795516889e+02
2.84575865401074680e+02
2.84653508877582510e+02
2.84691048244645742e+02
2.84753559289041050e+02
2.84825221109308302e+02
2.84891458965724098e+02
2.85061195166362893e+02
2.85133531916814150e+02
2.85948001147477669e+02
2.86007382805185955e+02
2.86415802945327471e+02
2.86533994249847638e+02
2.86825258100949668e+02
2.86896851122847750e+02
2.86915177544192886e+02
2.86976912098819128e+02
2.87359905004894642e+02
2.87805545519468922e+02
2.88106070923178947e+02
2.88190168588869994e+02
2.88267005442688458e+02
2.88464430723268833e+02
2.88691766271535869e+02
2.88899474835686249e+02
2.89242242328680277e+02
2.89269485629467738e+02
2.89538029472163714e+02
2.89583709360077648e+02
2.89686547918868030e+02
2.89743966768558607e+02
2.89864340260322251e+02
2.90286944115339736e+02
2.90319120888876512e+02
2.90430208421467398e+02
2.90762790458658912e+02
2.90766255469616056e+02
2.90853132870853926e+02
2.90952148241901966e+02
2.91038050565096739e+02
2.91262773050489784e+02
2.91263560582021398e+02
2.91649068174906859e+02
2.91658650174167462e+02
2.91661410223765586e+02
2.91748280836870720e+02
2.91787288200496675e+02
2.91958047388647230e+02
2.91960698995888208e+02
2.92317903303435912e+02
2.92944239790205245e+02
2.93674858722478518e+02
2.94103572805880788e+02
2.94225395361270841e+02
2.94510836242510777e+02
2.94524874646674277e+02
2.94533936251498858e+02
2.94579872611352073e+02
2.94854013657513917e+02
2.94856104602745120e+02
2.94998761192166910e+02
2.95133254276985156e+02
2.95248064242556495e+02
2.95457126470346964e+02
2.95530886070048666e+02
2.95959204392071740e+02
2.96253444095160091e+02
2.96379822782469830e+02
2.96551505651974423e+02
2.96575221303685055e+02
2.96620345673048689e+02
2.96707574591855860e+02
2.96918888335035206e+02
2.96930967862724572e+02
2.97253081120457580e+02
2.97400061441322748e+02
2.97669746804784666e+02
2.97908342337886495e+02
2.97913571993300309e+02
2.98307805581292143e+02
2.98553117018807654e+02
2.99112433886185784e+02
2.99717658836704402e+02
2.99724662107013103e+02
2.99755132273168783e+02
2.99765484242660136e+02
2.99803786987796514e+02
2.99844804563497689e+02
2.99888336700571642e+02
2.99970293506765415e+02
3.00266243423823482e+02
3.00275790408708474e+02
3.00384774313755713e+02
3.00385840770175207e+02
3.00408966791384671e+02
3.00755090412842151e+02
3.00757177920274785e+02
3.01309836659704217e+02
3.01485312903770421e+02
3.01767706796245534e+02
3.01775489499928767e+02
3.02066417392566962e+02
3.02296158643174124e+02
3.02449116611740408e+02
3.02930942944142146e+02
3.03056064196565387e+02
3.03335607712655758e+02
3.03352675349109916e+02
3.03359338231449158e+02
3.03733093137241156e+02
3.03755589514847259e+02
3.03901224795521728e+02
3.04115543917232969e+02
3.04161407654282641e+02
3.04161769237458145e+02
3.04199368406119959e+02
3.04695241122783671e+02
3.05322583523980541e+02
3.05470862976115313e+02
3.05664128877089581e+02
3.05807826157013153e+02
3.05867614255079673e+02
3.06053831863535322e+02
3.06055452170779915e+02
3.06202291225509782e+02
3.06480227809426935e+02
3.06507207971805258e+02
3.06694050089863310e+02
3.06708773688674967e+02
3.06780194456567870e+02
3.07014118020002059e+02
3.07198747040847365e+02
3.07228535230990303e+02
3.07285912508012473e+02
3.07438516802164202e+02
3.07562116925749422e+02
3.07562203503900889e+02
3.07931905623812270e+02
3.08503439040849742e+02
3.08571230180480313e+02
3.08876845186572382e+02
3.09256740931268098e+02
3.10752748753032449e+02
3.10869801906254168e+02
3.11051358364219652e+02
3.11054671419484862e+02
3.11140586494766410e+02
3.11265611715319039e+02
3.11484087719485331e+02
3.11631070885355655e+02
3.11983067160705446e+02
3.11990063501212887e+02
3.11992712729711286e+02
3.12033858621042725e+02
3.12063574330805920e+02
3.12481348097885132e+02
3.12538228475821768e+02
3.12826402021155957e+02
3.12910852478331378e+02
3.13009718387837381e+02
3.13013991635029640e+02
3.13563500980938159e+02
3.13694499237290131e+02
3.13772598293044382e+02
3.13781225153193361e+02
3.13819358929455518e+02
3.13851696887041214e+02
3.14068745107377651e+02
3.14091005884314939e+02
3.14095908104243961e+02
3.14285480127493145e+02
3.14311523414481087e+02
3.14368297226817560e+02
3.14429331218362279e+02
3.14437361835415288e+02
3.14449338972276394e+02
3.14637004335323752e+02
3.14679445240452310e+02
3.14755715325746394e+02
3.15343385549404104e+02
3.15421316362747177e+02
3.16179401603910549e+02
3.16500530177071994e+02
3.16772081679905625e+02
3.16864517679094035e+02
3.16873421995774891e+02
3.16972711671019340e+02
3.17151650334895692e+02
3.17370559809324902e+02
3.17572738212376578e+02
3.17761136670284088e+02
3.17845238808008219e+02
3.17910819246398091e+02
3.17912248012428961e+02
3.17940577680583658e+02
3.18337886192426311e+02
3.18430976619169542e+02
3.18707445756300729e+02
3.18992206926104416e+02
3.19106144238134050e+02
3.19213764997044962e+02
3.19548947278350226e+02
3.19562719877948155e+02
3.19617849743351769e+02
3.20068186136694237e+02
3.20254531881350829e+02
3.20380913354422376e+02
3.20384602367720561e+02
3.20400431482926251e+02
3.20499652320086113e+02
3.20568676362796566e+02
3.21207039030570911e+02
3.21342588987449460e+02
3.21523610211478911e+02
3.21662132759324720e+02
3.21712241975028007e+02
3.22005095800753281e+02
3.22407191664002937e+02
3.22422973418717390e+02
3.22706295878184108e+02
3.22856373922616683e+02
3.22904962607931964e+02
3.23208875351199652e+02
3.23224783380733527e+02
3.23525424740455207e+02
3.23557444971571726e+02
3.23865148776391095e+02
3.24034061132459271e+02
3.24633585426258435e+02
3.24764784255003860e+02
3.24791761716064514e+02
3.24801775404459875e+02
3.24866603382223104e+02
3.25004425484099386e+02
3.25149408082941875e+02
3.25289407384506319e+02
3.25382190138759199e+02
3.25396759848061777e+02
3.25519202825921582e+02
3.25674178280187391e+02
3.25679792809435298e+02
3.25716883054031371e+02
3.26056110922753021e+02
3.26264713458895301e+02
3.26777868880850235e+02
3.26878759753079692e+02
3.26916378961945611e+02
3.26959309970311892e+02
3.27615137682722377e+02
3.28045216665207306e+02
3.28115009237017091e+02
3.28207861343166428e+02
3.28360219240213439e+02
3.28362705274802295e+02
3.28779847670819038e+02
3.29749367397213575e+02
3.29884149727759052e+02
3.29928802627093603e+02
3.29941032404415012e+02
3.30072493295874722e+02
3.30119131771738637e+02
3.30196011519107401e+02
3.30409132794421623e+02
3.30690979648434165e+02
3.30771329526355714e+02
3.30859312644262047e+02
3.30863891318692879e+02
3.31626986647817887e+02
3.31627032882643846e+02
3.31661093473919152e+02
3.31823759110344952e+02
3.31907492658023386e+02
3.32116967389063973e+02
3.32315814366040797e+02
3.32338176719922842e+02
3.32693129157520104e+02
3.33103494620931372e+02
3.33199745648692613e+02
3.33429907760271306e+02
3.33439306511154257e+02
3.33528329252785454e+02
3.33585355529655942e+02
3.33656767972656610e+02
3.33696457819870545e+02
3.33736552247012071e+02
3.33822984494422542e+02
3.34063525822698750e+02
3.34071798670511669e+02
3.34177105818678626e+02
3.34210464705327411e+02
3.34291746716210412e+02
3.34430186651534939e+02
3.34908562672034350e+02
3.34952081589327918e+02
3.35031230498938442e+02
3.35444497695110783e+02
3.35713181597241203e+02
3.35944848011791180e+02
3.36102839456130312e+02
3.36107252512107721e+02
3.36143796131266015e+02
3.36196849917247448e+02
3.36230329798820719e+02
3.36288854478723295e+02
3.36349521175283201e+02
3.36396161012409664e+02
3.36766475645708567e+02
3.36769034642401721e+02
3.36976305640867565e+02
3.36983706028590063e+02
3.37136302165225004e+02
3.37217560542846456e+02
3.37641663098116453e+02
3.38050960272999021e+02
3.38073416664813976e+02
3.38088077740656274e+02
3.38422632292835999e+02
3.38443051710494672e+02
3.38610834924415997e+02
3.39162799171633935e+02
3.39592461169294381e+02
3.39652307533917963e+02
3.39775798024777828e+02
3.39819353201464423e+02
3.40246440324694277e+02
3.40763327838719363e+02
3.41004570599043802e+02
3.41210347478712094e+02
3.41409892873063598e+02
3.41906879613086460e+02
3.42353689515234294e+02
3.42571335585436259e+02
3.42885641423046252e+02
3.42954057977139598e+02
3.42979397569316291e+02
3.43064622833938472e+02
3.43065870159930398e+02
3.43101544893747757e+02
3.43372113927154658e+02
3.43497962447228872e+02
3.43592529187892922e+02
3.43736782068227114e+02
3.44019096281990130e+02
3.44203514225623678e+02
3.44212132483633582e+02
3.44354909942709526e+02
3.44358352394599763e+02
3.44620596819530476e+02
3.44745034885960251e+02
3.45069123874422473e+02
3.45106402909326846e+02
3.45152456789036194e+02
3.45241424203463396e+02
3.45307684132628822e+02
3.45310008947349104e+02
3.45357009850771931e+02
3.45359607357067546e+02
3.45576034580907219e+02
3.45853847205505531e+02
3.46053493331948687e+02
3.46570959682552598e+02
3.46649442927508630e+02
3.46686936934528546e+02
3.46717703514845596e+02
3.46960439634604711e+02
3.47116714579398774e+02
3.47296161656782886e+02
3.47478391970659857e+02
3.47510949026972867e+02
3.47532995199738991e+02
3.47656062695825597e+02
3.47861488508694208e+02
3.47906393442941692e+02
3.47963471032967334e+02
3.48219427069889321e+02
3.48223687670873630e+02
3.48446102867156810e+02
3.48515228070304659e+02
3.48769981945157781e+02
3.49265160076267819e+02
3.49317204702590345e+02
3.49520198429194068e+02
3.49870328398683625e+02
3.49923753849176478e+02
3.50144789324523344e+02
3.50152021536192592e+02
3.50505613135664873e+02
3.50620884914156989e+02
3.50668812067827787e+02
3.51025136740596793e+02
3.51174117894265180e+02
3.51303118793172246e+02
3.51435195001289571e+02
3.51779155847386050e+02
3.51888214118809231e+02
3.51895887056667391e+02
3.52166087692088865e+02
3.52293242060929231e+02
3.52662220126098703e+02
3.52758743509785234e+02
3.52912700206972943e+02
3.53082056764784227e+02
3.53140919396626089e+02
3.53196000180754254e+02
3.53339597071856531e+02
3.53524673577001693e+02
3.53864192655175145e+02
3.53922916040107509e+02
3.53943291849872082e+02
3.54113445844678097e+02
3.54328506612911099e+02
3.54614307771771053e+02
3.54798477094566863e+02
3.54967871784287752e+02
3.54978679458156705e+02
3.55116135175043837e+02
3.55663135043837258e+02
3.56039990034950790e+02
3.56177023775011151e+02
3.56248393460031537e+02
3.56276416025860783e+02
3.56378251761139893e+02
3.56379543136798645e+02
3.56391777598475414e+02
3.56501363233151039e+02
3.56553956195266210e+02
3.57199159682113702e+02
3.57405027928290394e+02
3.57459200221233516e+02
3.57480204168877151e+02
3.57484342600085995e+02
3.57550897335534614e+02
3.57652254640160493e+02
3.57778144909817513e+02
3.57901047648233714e+02
3.58547225872887395e+02
3.58805727025454303e+02
3.58954526566663901e+02
3.59653259988330376e+02
3.59777045627503128e+02
3.59793399641526605e+02
3.59993334206313591e+02
3.60199083853938703e+02
3.60200251739381713e+02
3.60613569018061241e+02
3.60802717705667078e+02
3.61553293967687921e+02
3.61866356845562336e+02
3.61968007285394208e+02
3.62213703210650294e+02
3.62227257224608991e+02
3.62241736323876978e+02
3.62292218776394350e+02
3.62330545775989947e+02
3.62838561182739511e+02
3.62840727860696688e+02
3.63048790878530724e+02
3.63221477961367043e+02
3.63234608212562932e+02
3.63260766357154523e+02
3.63263013671277065e+02
3.63347046837987136e+02
3.63552440534321192e+02
3.63697779087455672e+02
3.63741139410007179e+02
3.63872249202520493e+02
3.63911004370164108e+02
3.64211234006127825e+02
3.64679151554909879e+02
3.64680460327326671e+02
3.64742338103275358e+02
3.64913736924367925e+02
3.65216097021894768e+02
3.65700846546048410e+02
3.65728671174757153e+02
3.65750893700914105e+02
3.65886962542980484e+02
3.65911421434522765e+02
3.65977899581451368e+02
3.66134609765244704e+02
3.66191690671221068e+02
3.66195646258455326e+02
3.66329177316364564e+02
3.66518777664726201e+02
3.66985449242310381e+02
3.67131427420431010e+02
3.67178647053686802e+02
3.67232870745011553e+02
3.67299227638877085e+02
3.67402445582327744e+02
3.67500320254140206e+02
3.67749324576701213e+02
3.67852626158030546e+02
3.67872208885117686e+02
3.68025486550048470e+02
3.68179598544643909e+02
3.68266583897484054e+02
3.68270122260899939e+02
3.68838100995861510e+02
3.68860590374806463e+02
3.69220110109269683e+02
3.69351573517167878e+02
3.69357913471668041e+02
3.69394832673528470e+02
3.69471219842932271e+02
3.70084690800804822e+02
3.70145330386509329e+02
3.70322101719436091e+02
3.70329197673076237e+02
3.70375766435475668e+02
3.70414580542753242e+02
3.70723232453050514e+02
3.70853345490973709e+02
3.70906449867136018e+02
3.71028107088972149e+02
3.71144176794833129e+02
3.71144578495474718e+02
3.71166836702731700e+02
3.71740468163765797e+02
3.71748590517499679e+02
3.71909625019736211e+02
3.72507207371456730e+02
3.72912680939328027e+02
3.73005496814703008e+02
3.73138052478545262e+02
3.73399359758952585e+02
3.73675128729304845e+02
3.73718010699594345e+02
3.73822596408355423e+02
3.73968275610261855e+02
3.74368594086590235e+02
3.74665370299031849e+02
3.74798156701675509e+02
3.75114326661557300e+02
3.75374703769903533e+02
3.75388959936619869e+02
3.75524602387270022e+02
3.75525184138508791e+02
3.75621885674231351e+02
3.75682146048239531e+02
3.75712103594603093e+02
3.75727394146976280e+02
3.75809193288838912e+02
3.75936363853735259e+02
3.76045749049554558e+02
3.76180595484144249e+02
3.76423386676679854e+02
3.76576884126137259e+02
3.76684257808981101e+02
3.76857920861365471e+02
3.77327877112818157e+02
3.77346578059741717e+02
3.77424545231444938e+02
3.77845974202011973e+02
3.77909185952666007e+02
3.77910275885604790e+02
3.78166775173085568e+02
3.78219665524188599e+02
3.78343302504516771e+02
3.78649879777769058e+02
3.78896825157632236e+02
3.78945567493758631e+02
3.79267859820862896e+02
3.80002144750824243e+02
3.80031968002895212e+02
3.80037455702109753e+02
3.80342845885141799e+02
3.80493111255345013e+02
3.80968997307083953e+02
3.80971010155223041e+02
3.81071909761387985e+02
3.81095695542820806e+02
3.81110463477995779e+02
3.81192062375946705e+02
3.81294752846791425e+02
3.81359434904368356e+02
3.81630848547413677e+02
3.81712836216985636e+02
3.81864004446558113e+02
3.81892914690017108e+02
3.82007915693611153e+02
3.82107610695156552e+02
3.82547368327566858e+02
3.82548590195233317e+02
3.82574297147119580e+02
3.82685868380852355e+02
3.83308365627701960e+02
3.83326537084779659e+02
3.83521720272792663e+02
3.83655141053102568e+02
3.83721715657567472e+02
3.84418060323986822e+02
3.84557778680854824e+02
3.84603016866527867e+02
3.84676008776736751e+02
3.84766464986659287e+02
3.84770129711688071e+02
3.84828275062578200e+02
3.84841231967035299e+02
3.84880370123492355e+02
3.85016385260701952e+02
3.85069910157405104e+02
3.85276320596887729e+02
3.85617970442022454e+02
3.86007945407686918e+02
3.86469178908658535e+02
3.86487100996606500e+02
3.86530688985846666e+02
3.86810314783398042e+02
3.86830779111427717e+02
3.87273949040577179e+02
3.87525586148391369e+02
3.87868883536805754e+02
3.87992862743774367e+02
3.88031478974598770e+02
3.88702714262163965e+02
3.88791643201889485e+02
3.88806599486367077e+02
3.89000726315166958e+02
3.89124865136851554e+02
3.89152493353650868e+02
3.89228955786880817e+02
3.89243323037120774e+02
3.89423204253578490e+02
3.89565372818685034e+02
3.89637433279543927e+02
3.89735845184659240e+02
3.89744224119185390e+02
3.90020307450956409e+02
3.90139129824314352e+02
3.90262563601959130e+02
3.90353803634438748e+02
3.90424241155184802e+02
3.90601624696874921e+02
3.90623465829982877e+02
3.90833099202803680e+02
3.90969837248223769e+02
3.91013335372729159e+02
3.91016372303332389e+02
3.91031082767171654e+02
3.91313293196761776e+02
3.91345613284595800e+02
3.91492056892152675e+02
3.91848221230811703e+02
3.92150330292067508e+02
3.92157148111601771e+02
3.92205479215915773e+02
3.92333674336300135e+02
3.92580255987334056e+02
3.92659317830500811e+02
3.93193379934739198e+02
3.93229901367089781e+02
3.93337219459836263e+02
3.93376086686167071e+02
3.93400655366209378e+02
3.93421255327069218e+02
3.93421799061479021e+02
3.93477515970703223e+02
3.93756854970462598e+02
3.93782737960017755e+02
3.94108788149210625e+02
3.94248272212066638e+02
3.94478071051212567e+02
3.94824365088143907e+02
3.95038532134681816e+02
3.95069300725095673e+02
3.95094125996312130e+02
3.95205566970846974e+02
3.95455499493345599e+02
3.95472102327849655e+02
3.95718377274970010e+02
3.96116389778299265e+02
3.96207410838286762e+02
3.96208425432435831e+02
3.96488744383491792e+02
3.96519490419731881e+02
3.97679764024122903e+02
3.98379499723306537e+02
3.98953878412867937e+02
3.98996995921311566e+02
3.99109195252432130e+02
3.99307322316485227e+02
3.99328963056978125e+02
3.99435818335726879e+02
3.99487712246808940e+02
3.99581886343294684e+02
3.99695147497209916e+02
3.99697017138705235e+02
4.00001591380902312e+02
4.00001836570478588e+02
4.00158632085826355e+02
4.00276528412105790e+02
4.00279115185908779e+02
4.00353423723365438e+02
4.00692924943864739e+02
4.00794688661072826e+02
4.00841491320908290e+02
4.00922915441302166e+02
4.01034953091077625e+02
4.01190962864281062e+02
4.01296519541876762e+02
4.01429007125653982e+02
4.01441107468772373e+02
4.01462887048830567e+02
4.01520017734855571e+02
4.01732965188426590e+02
4.02005381072041075e+02
4.02110042104200204e+02
4.02296190958104887e+02
4.02361630933334880e+02
4.02642182380582824e+02
4.02837777772175684e+02
4.03738563240805831e+02
4.03855713898650549e+02
4.03861564438197490e+02
4.03862479905975135e+02
4.04081781107512086e+02
4.04142168402813127e+02
4.04266914318678687e+02
4.04271345326925143e+02
4.04716462827173473e+02
4.04877379337104117e+02
4.05007368487235169e+02
4.05052739835825207e+02
4.05060389656697282e+02
4.05179538154353224e+02
4.05382038362792230e+02
4.05421055048193296e+02
4.05663640868407640e+02
4.05686578930261817e+02
4.05723472820507993e+02
4.05756919549411293e+02
4.06073243866228324e+02
4.06119916127532235e+02
4.06192070763260119e+02
4.06253712864332158e+02
4.06460335717104442e+02
4.06500178883860542e+02
4.06599177832465386e+02
4.06760823989767516e+02
4.07208414223124407e+02
4.07521384414966803e+02
4.07608450889114977e+02
4.07792681067618616e+02
4.08208872621858006e+02
4.08215360182699953e+02
4.08243076601056828e+02
4.08610804789392716e+02
4.09366284277002876e+02
4.09366554365108811e+02
4.09414400854700773e+02
4.09416152982145263e+02
4.09550431504668325e+02
4.09584388720243624e+02
4.09593930776988998e+02
4.09801883227196583e+02
4.09836303833360603e+02
4.10116891872378858e+02
4.10196878281411330e+02
4.10310096148809919e+02
4.10497337528804053e+02
4.10891792614449400e+02
4.11119428534439237e+02
4.11330489254687109e+02
4.11420406320175800e+02
4.11426024977322584e+02
4.11468038075266975e+02
4.11636946868074631e+02
4.11672150146139927e+02
4.11895994830194525e+02
4.11896501692268600e+02
4.12059468755059982e+02
4.12084047441588552e+02
4.12095682044982539e+02
4.12187393268190647e+02
4.12251892744618146e+02
4.12638894435668533e+02
4.12658078864980041e+02
4.12828557899363375e+02
4.13009773875990561e+02
4.13390320515791586e+02
4.13559889576175408e+02
4.13610028329048305e+02
4.13675246898565035e+02
4.13846168922386028e+02
4.13902304579509064e+02
4.13981811284839637e+02
4.14359264523842796e+02
4.14620405217741961e+02
4.14645948609516552e+02
4.15094389886341162e+02
4.15095340742351084e+02
4.15367762205632232e+02
4.15439805078110169e+02
4.15466123978522603e+02
4.15498071028272989e+02
4.15735903398096013e+02
4.15760768290013118e+02
4.15821740734297066e+02
4.16130260275297758e+02
4.16261946021451820e+02
4.16354345455171426e+02
4.16845897598458180e+02
4.17098305958172375e+02
4.17340872539246448e+02
4.17342564076569772e+02
4.17442284257932613e+02
4.17517641265210955e+02
4.17523443409508957e+02
4.17834724062922533e+02
4.18309256037125635e+02
4.18459056607551759e+02
4.18502033596299952e+02
4.18518029826802774e+02
4.18570533449910670e+02
4.18993488872605951e+02
4.19047995179934333e+02
4.19289775858031192e+02
4.19292218873072386e+02
4.19611276684874554e+02
4.19708393812850488e+02
4.19844006492785581e+02
4.20178898089482175e+02
4.20233619687134535e+02
4.20518510623992768e+02
4.20613694037018433e+02
4.20826371700092182e+02
4.21052668847754205e+02
4.21480628663771142e+02
4.21525688243043135e+02
4.21527329242296616e+02
4.21649896960540786e+02
4.21658894582019855e+02
4.22037449845364051e+02
4.22123492601032979e+02
4.22398146565711556e+02
4.22641547000754315e+02
4.23065265370334998e+02
4.23099492208915706e+02
4.23482445795603155e+02
4.23879762640524575e+02
4.24095108430846892e+02
4.24190805964524145e+02
4.24206428907252871e+02
4.24217551773881723e+02
4.24231430749314711e+02
4.24235597489701433e+02
4.24337279629135480e+02
4.24355953762846354e+02
4.24448311432876551e+02
4.24716624457529122e+02
4.24807594524970739e+02
4.24925151594223451e+02
4.24945433481244493e+02
4.25023213319142258e+02
4.25451134387033846e+02
4.25478178329027685e+02
4.25590748666744560e+02
4.25765129361876291e+02
4.26173652815458524e+02
4.26200374763492107e+02
4.26213132731068697e+02
4.26403645802010431e+02
4.26513890489125004e+02
4.26809795143157260e+02
4.27121255147624936e+02
4.27231109094019700e+02
4.27488198120493450e+02
4.27502938457929815e+02
4.27531491835109478e+02
4.27831112171809366e+02
4.27873934749027683e+02
4.27899724962593552e+02
4.28025272735072576e+02
4.28025525009291698e+02
4.28152495875582588e+02
4.28288530954934345e+02
4.28354227402118511e+02
4.28502703951362946e+02
4.28772348608613981e+02
4.28898386267718990e+02
4.29212932597602787e+02
4.29286891994740643e+02
4.29387105244194231e+02
4.29400285464910837e+02
4.29983276163156404e+02
4.30019443701957016e+02
4.30185812729949873e+02
4.30292664033331960e+02
4.30374921907509474e+02
4.30422851111411376e+02
4.30502436633499940e+02
4.30723395953914803e+02
4.30952354523633346e+02
4.30952827592398933e+02
4.31416318999915859e+02
4.31506873541138646e+02
4.31692959809382501e+02
4.31748815614886269e+02
4.31846956616677801e+02
4.32286218328911616e+02
4.32449161533132894e+02
4.32506711884140202e+02
4.32562927749909193e+02
4.32684595901622913e+02
4.32773428072302238e+02
4.33368458128829559e+02
4.33740057521642029e+02
4.33814786416238519e+02
4.33840151785480145e+02
4.34143503569575103e+02
4.34240937811832339e+02
4.34481545982082196e+02
4.34556935070060661e+02
4.34792297987456038e+02
4.34793706596759137e+02
4.34817964203209556e+02
4.34847801281382431e+02
4.35104588831304397e+02
4.35358099015583605e+02
4.35709021826187097e+02
4.35759767494608411e+02
4.35760562564114650e+02
4.35921922290445025e+02
4.36063600481414426e+02
4.36221865832936658e+02
4.36474547878372732e+02
4.36851921980642089e+02
4.36928630953380889e+02
4.37226063819152330e+02
4.37392333149871945e+02
4.37572224188278312e+02
4.37605431050311665e+02
4.37885383997626491e+02
4.38023528064936784e+02
4.38170116103528017e+02
4.38285193150594466e+02
4.38429092570551745e+02
4.38443188011195332e+02
4.38563812658380982e+02
4.38613704356937490e+02
4.38662004138621739e+02
4.39029915556875210e+02
4.39147324857092428e+02
4.39377642702341575e+02
4.39380168688804872e+02
4.39418321958206604e+02
4.39627516313178660e+02
4.39692385358671743e+02
4.39866477343374811e+02
4.40011447631389331e+02
4.40366317131819358e+02
4.40592223942523617e+02
4.40934601136350636e+02
4.41090053555161319e+02
4.41193604816912966e+02
4.41290456129865618e+02
4.41312396267136137e+02
4.41373360254551301e+02
4.41421217638407995e+02
4.41756514785720526e+02
4.41787474736567390e+02
4.41814157916370675e+02
4.42077385826685884e+02
4.42284384010407678e+02
4.42346235014162517e+02
4.42383806914743275e+02
4.42657243352452440e+02
4.42707834630578475e+02
4.42824855662784501e+02
4.42829682539619512e+02
4.42892537232954169e+02
4.43061399678839905e+02
4.43106058609775403e+02
4.43348726204717934e+02
4.43623726972850648e+02
4.43696174193452975e+02
4.43735401939380836e+02
4.43756963537884587e+02
4.43911825269587382e+02
4.44587133366493219e+02
4.44587259927726620e+02
4.45050489312673960e+02
4.45095967242865470e+02
4.45111217028623571e+02
4.45275381400965728e+02
4.45283925634852096e+02
4.45342369709269576e+02
4.45391392116944587e+02
4.45602593530215984e+02
4.45783683450081469e+02
4.46032922215209339e+02
4.46198800353367062e+02
4.46418684966467765e+02
4.46449318019171017e+02
4.46455993041501358e+02
4.46777383098382359e+02
4.46913395784788122e+02
4.47175720679125277e+02
4.47203387461874115e+02
4.47258772399758129e+02
4.47259008201744962e+02
4.47329921522459131e+02
