5.27098413614815264e+00
7.85556546872295947e+00
1.00039521962109816e+01
1.11619133277908507e+01
1.33522069697648931e+01
1.43248248086156398e+01
1.52235147818911773e+01
1.66880749342882346e+01
1.73673129669899389e+01
1.81721323339326304e+01
2.00556833837250430e+01
2.09006449696174386e+01
2.09305895801144288e+01
2.20720163754118488e+01
2.26760368920351745e+01
2.53142548706602426e+01
2.54824508272424239e+01
2.56592542471917753e+01
2.57791545025558690e+01
2.74783029900687339e+01
2.78660765607518073e+01
2.84923411130889903e+01
2.92238640926357647e+01
3.04080959447260000e+01
3.06644171237429077e+01
3.13549909923391468e+01
3.20223243331682568e+01
3.35895201852708851e+01
3.37219595522384878e+01
3.37639253589387778e+01
3.45411025871838149e+01
3.58423631418052366e+01
3.61570884936987795e+01
3.64975467130175275e+01
3.73727512579248042e+01
3.76585287503226311e+01
3.91209026675568623e+01
3.92267418490669968e+01
3.95912561200448607e+01
4.03839977208375842e+01
4.04022567418587073e+01
4.04829201611718617e+01
4.18200117626276295e+01
4.25853608479623631e+01
4.29972005861117310e+01
4.33038258309628361e+01
4.47215891494267055e+01
4.53361660486405924e+01
4.61259461687080687e+01
4.69203959981059597e+01
4.70703410962537134e+01
4.76001883013468330e+01
4.77339016187624026e+01
4.79080219026652969e+01
4.79802127314570583e+01
4.81949621114961104e+01
4.84435559900495321e+01
4.97135282847333144e+01
4.98593270881022761e+01
5.01735039684852637e+01
5.09336995828132046e+01
5.20654989470226042e+01
5.25781725978860948e+01
5.33480986156705654e+01
5.42253232766579600e+01
5.43220772585483758e+01
5.46701605716162220e+01
5.50466635058958929e+01
5.53804093280585477e+01
5.57334064936214020e+01
5.58145414477976090e+01
5.60948638926296184e+01
5.70593200365200062e+01
5.75588454512555501e+01
5.78484126664872349e+01
5.80318418326424847e+01
5.87287581848295162e+01
5.94331935041054606e+01
6.04244766927456851e+01
6.12610095166875510e+01
6.12763561329984725e+01
6.14794221674598873e+01
6.19822121286427290e+01
6.22556023517694967e+01
6.22620092363167714e+01
6.25346723336058687e+01
6.37074640057320210e+01
6.43190532857835109e+01
6.44636929859402557e+01
6.46198635217526345e+01
6.49208327339241151e+01
6.49489584515751517e+01
6.53788151745261246e+01
6.60443428934176637e+01
6.61350707042518451e+01
6.65733411511780702e+01
6.74555411134340517e+01
6.79178183967981681e+01
6.93837652103233467e+01
6.99255905550891015e+01
6.99354300770667408e+01
6.99694812495290961e+01
7.06761690543682590e+01
7.07941296435591596e+01
7.08885233017390988e+01
7.15231845850711494e+01
7.16501197158481062e+01
7.20437370236833345e+01
7.23814851128167192e+01
7.34579299698997232e+01
7.35412404778590059e+01
7.39772870474525490e+01
7.41362898041934102e+01
7.41448895546834876e+01
7.44561283536164922e+01
7.48221669722691445e+01
7.54520318209965239e+01
7.57953744420857731e+01
7.60348680381191144e+01
7.61469335895886132e+01
7.79169122852381264e+01
7.79574506045024833e+01
7.83033251329748197e+01
7.85473074789351386e+01
7.93079400290231007e+01
7.93446429166508409e+01
7.94862517900410808e+01
7.95717817231969349e+01
7.96780618034060950e+01
8.02400352415375835e+01
8.03798905425208972e+01
8.11835034826042516e+01
8.17695830739403817e+01
8.23503055842261205e+01
8.25448320754256741e+01
8.26818441881731445e+01
8.31581659370920079e+01
8.43423873244764621e+01
8.44129385077398098e+01
8.46031095434520211e+01
8.47935893620514065e+01
8.50474220018667637e+01
8.55150502820125240e+01
8.55201030169101699e+01
8.56921031119247232e+01
8.60507809473398311e+01
8.64580475088167333e+01
8.72173865167265774e+01
8.72781461368753213e+01
8.78341601367002482e+01
8.78786871777610799e+01
8.82338474467049707e+01
8.83283970957897253e+01
8.89780815221039774e+01
8.93420194288711684e+01
8.94316832166905016e+01
9.03320655222464097e+01
9.12860390495672931e+01
9.17622371132729313e+01
9.18190848350273683e+01
9.18848022110385756e+01
9.21214114729525733e+01
9.24158473001706824e+01
9.26010665600759495e+01
9.37596086176650800e+01
9.42107826889325537e+01
9.48648920961347386e+01
9.50483294767733469e+01
9.52097559157655553e+01
9.52667165898699011e+01
9.53784176096825149e+01
9.55862122614163496e+01
9.56159334927339586e+01
9.59664641809868186e+01
9.62551212824936755e+01
9.63244140519668406e+01
9.69068657161947868e+01
9.70199414450346893e+01
9.71783330816111430e+01
9.75251158195339229e+01
9.76191926695627643e+01
9.78117432955783812e+01
9.89432222237503538e+01
9.91630948445072846e+01
1.00083250478146667e+02
1.00301381812705017e+02
1.00498510946045528e+02
1.00638113803245503e+02
1.01188944281695925e+02
1.01642762062238916e+02
1.01728834190421551e+02
1.01959366282059150e+02
1.02367373442864093e+02
1.02739958868313138e+02
1.03084993412790240e+02
1.03221433351119671e+02
1.04291414413516165e+02
1.04302258839624741e+02
1.04403135566048917e+02
1.04462015369638053e+02
1.05306100031489805e+02
1.05403246888662821e+02
1.06354803741031006e+02
1.06706603449543465e+02
1.06709175716872025e+02
1.06772721521381456e+02
1.06781367441821445e+02
1.07200804181786296e+02
1.07459991556417322e+02
1.07474212281503071e+02
1.07567120416866956e+02
1.07852882715731724e+02
1.07875209922097142e+02
1.08496019379347430e+02
1.09195279791738045e+02
1.09514842257488240e+02
1.09896815589347938e+02
1.10051132463595152e+02
1.10072369267011140e+02
1.10342133938948564e+02
1.11917132278892055e+02
1.11972859277663176e+02
1.11996454446946061e+02
1.12197687166578632e+02
1.12781874364716472e+02
1.12834338291715028e+02
1.13038704228931508e+02
1.13588035011264395e+02
1.14140403530134890e+02
1.14344921041643346e+02
1.14348614743538292e+02
1.14366306762019462e+02
1.14546182610487151e+02
1.15083071219189165e+02
1.15248726025102854e+02
1.15831333482196356e+02
1.16311804769800048e+02
1.16818275424590496e+02
1.17174769310083505e+02
1.17282619979343579e+02
1.17833530856511871e+02
1.18051652567076118e+02
1.18169868586935294e+02
1.18187394144468570e+02
1.18743586623205317e+02
1.18778802967288684e+02
1.18804044298107542e+02
1.19251423239235507e+02
1.19338214548943810e+02
1.19555777341341027e+02
1.19904217731501021e+02
1.20010621252149249e+02
1.20108822089443152e+02
1.20124574023938564e+02
1.20157565066332268e+02
1.20515614640043040e+02
1.20832696569403836e+02
1.21650590383842896e+02
1.22190909742522578e+02
1.22939462083375716e+02
1.23436308996609313e+02
1.23634536468727674e+02
1.23742290738492869e+02
1.24273542532076718e+02
1.24280273921265348e+02
1.24296585975274951e+02
1.24949155451439765e+02
1.25038966199892712e+02
1.25285157416893369e+02
1.25806012944898654e+02
1.26425958344902853e+02
1.26567700311468698e+02
1.26576024600871705e+02
1.26726282597451274e+02
1.26910248152641472e+02
1.26998081839226671e+02
1.28210827581824105e+02
1.29312264323202839e+02
1.29493824608478008e+02
1.29822667737614552e+02
1.30027745386453944e+02
1.30219791130322164e+02
1.30676987676979707e+02
1.30758477820010910e+02
1.30810379627948066e+02
1.30831419331751533e+02
1.30932948670422746e+02
1.31372149385265431e+02
1.31381995676842962e+02
1.31391242163314416e+02
1.31482308895356880e+02
1.31693443498639738e+02
1.31835910650859262e+02
1.31985200853608603e+02
1.32056103414023767e+02
1.33035081653327040e+02
1.33157396419963106e+02
1.33511803496247524e+02
1.33604049466473668e+02
1.33826614438539309e+02
1.33968438049919541e+02
1.34498182322150058e+02
1.34562765096881265e+02
1.34572375886132136e+02
1.34884908116988498e+02
1.35019073254878208e+02
1.35308527605982761e+02
1.35365939669621724e+02
1.36161952194108096e+02
1.36386136401844084e+02
1.36513062959424133e+02
1.36988671838939808e+02
1.37150440071548871e+02
1.37358571831060488e+02
1.37785903382521383e+02
1.38545479338992834e+02
1.38648895458688060e+02
1.38770233269006440e+02
1.39309224263729618e+02
1.39891091514388734e+02
1.39899235132913446e+02
1.40522972257871231e+02
1.41253228683233544e+02
1.41498773286291168e+02
1.41519636661704908e+02
1.41705712923569735e+02
1.41963408998167210e+02
1.42144492076734025e+02
1.42154891631237376e+02
1.42166727773731736e+02
1.42939983642825212e+02
1.43813873781739971e+02
1.43957853075536320e+02
1.44250063683493636e+02
1.44427885842716762e+02
1.44456692892165620e+02
1.44518118090982625e+02
1.44595846932785321e+02
1.44606006952264522e+02
1.44732709562794412e+02
1.44760892172903425e+02
1.44956826557379969e+02
1.44975137378099589e+02
1.45058332619349585e+02
1.45405329517499695e+02
1.45866026383722897e+02
1.46261243897770953e+02
1.46367394969816928e+02
1.46800869110335441e+02
1.46857463342214487e+02
1.46909159105021786e+02
1.47010212758379225e+02
1.47991881901866407e+02
1.48013928365757920e+02
1.48398182289815225e+02
1.48498672527180105e+02
1.48806455731683968e+02
1.49194513458083946e+02
1.49440967017708317e+02
1.51055182931878505e+02
1.51152719250442118e+02
1.51704335456163051e+02
1.51767750035951906e+02
1.52248768537821320e+02
1.52517459109482616e+02
1.52567521810160883e+02
1.52604322093882445e+02
1.52741767329810386e+02
1.53369686362192681e+02
1.53467070162101550e+02
1.53589633337478347e+02
1.53619613959852416e+02
1.53863264924595285e+02
1.53885567625002352e+02
1.54140583477085102e+02
1.54213186418847670e+02
1.54213660238081502e+02
1.54820122948685139e+02
1.54992029067820283e+02
1.55208629228343284e+02
1.55607588616252144e+02
1.55858319758030973e+02
1.55997955757325514e+02
1.56290297142786017e+02
1.56332271203701225e+02
1.56569532757483643e+02
1.56651952562974884e+02
1.56862661488568136e+02
1.56909972224056048e+02
1.57822063220595055e+02
1.57855311243900985e+02
1.57858109983572717e+02
1.58335036381049974e+02
1.58414737761007643e+02
1.58420057324544217e+02
1.58554832817106330e+02
1.58690212628218944e+02
1.58691812851735051e+02
1.59392084985479613e+02
1.59912459709194877e+02
1.59963375917913851e+02
1.60483140059872255e+02
1.60513414762945047e+02
1.60779810581319055e+02
1.61086123008382515e+02
1.61235925736417698e+02
1.61238674513599477e+02
1.61268268028346029e+02
1.61317408441784437e+02
1.62400100754174190e+02
1.63090675469296201e+02
1.63626166789542964e+02
1.64036744686600741e+02
1.64126259913218007e+02
1.64136063224361010e+02
1.65267418311092968e+02
1.65383294769040788e+02
1.65536568500322119e+02
1.65629773496362247e+02
1.65682094973684514e+02
1.65913511049544979e+02
1.66072969696139864e+02
1.66550063698904012e+02
1.66715107804929630e+02
1.66811340826891296e+02
1.66867634071341229e+02
1.66947833444273499e+02
1.67220404609016498e+02
1.67355213105112682e+02
1.67438096492263242e+02
1.67646497081038262e+02
1.67907550230487971e+02
1.68145113043215645e+02
1.68424524452471871e+02
1.68661466259881763e+02
1.68948538259524412e+02
1.68954294182093463e+02
1.69447820165673818e+02
1.69553320077481715e+02
1.70002987442402514e+02
1.70474673306862485e+02
1.70557042814739475e+02
1.70912182510872867e+02
1.70930972213296201e+02
1.72076152965023709e+02
1.72205060218511392e+02
1.72666823352990860e+02
1.72828283047217582e+02
1.72831029167335117e+02
1.72952092425728779e+02
1.73033338541587113e+02
1.73115335203467964e+02
1.73232977456273886e+02
1.73250577832582337e+02
1.73423367809248703e+02
1.73667840656083513e+02
1.73748373625307238e+02
1.73921375639394341e+02
1.74382212149619789e+02
1.74460386673692312e+02
1.74483323140145387e+02
1.75279248044809719e+02
1.75343714250551415e+02
1.75350871476098717e+02
1.76109950786810884e+02
1.76164290610053712e+02
1.76281404447882579e+02
1.76289958225113878e+02
1.77474162648156607e+02
1.77520219298145776e+02
1.77610954046657127e+02
1.77769927701293710e+02
1.77897725878043843e+02
1.78118222628679177e+02
1.78555494479177810e+02
1.78655488576405730e+02
1.78856343181190084e+02
1.78872187300218087e+02
1.78962465086411100e+02
1.79029834452155853e+02
1.79347401020622272e+02
1.79711929189070190e+02
1.79819623756756073e+02
1.80168431191612058e+02
1.80369799744495481e+02
1.80587033886126051e+02
1.80760361528610076e+02
1.80907014640133468e+02
1.81172604681188147e+02
1.81269661717915142e+02
1.81676067874656894e+02
1.81679228809528809e+02
1.81806631459272751e+02
1.82815436210305876e+02
1.82916309089291133e+02
1.83014390974310487e+02
1.83409194953486065e+02
1.83489405374886701e+02
1.83732013824560056e+02
1.84163449612811746e+02
1.84296446993775106e+02
1.84297994173551785e+02
1.84905662350887440e+02
1.85566140054138998e+02
1.85675485411157979e+02
1.85960299148198828e+02
1.86140479420454255e+02
1.86405754787921467e+02
1.86631931766135949e+02
1.87180374051773128e+02
1.87261413800077349e+02
1.87285456851713718e+02
1.87484087553698004e+02
1.87835606293058561e+02
1.87837006137504432e+02
1.87928507678857443e+02
1.87975505480786694e+02
1.88155690801048877e+02
1.88277258332773044e+02
1.88530913190879971e+02
1.88635579071946097e+02
1.88912131320430262e+02
1.89069963188508609e+02
1.89230274056013116e+02
1.90031134960062047e+02
1.90069916028484556e+02
1.90117782643692465e+02
1.90332935751023768e+02
1.90508227309573215e+02
1.91343646024667436e+02
1.91346511641642337e+02
1.91415899765098743e+02
1.91795329087264122e+02
1.91945148123928618e+02
1.91966771336838633e+02
1.92301695606689009e+02
1.92345715593184082e+02
1.92458743091383951e+02
1.92605872747883495e+02
1.92689113544761938e+02
1.93285575740942193e+02
1.93299806826085728e+02
1.93340612557490488e+02
1.93661953586489290e+02
1.93907441407087731e+02
1.94222522984926172e+02
1.94291777367898135e+02
1.94491304340320312e+02
1.94542861062435804e+02
1.95024615352745286e+02
1.95057635109529656e+02
1.95697750253745994e+02
1.96046885702873283e+02
1.96270184475272458e+02
1.96518154009891134e+02
1.96699719089865027e+02
1.97067484415206877e+02
1.97124560522835054e+02
1.97167949140209601e+02
1.97634484528972735e+02
1.98040017321969117e+02
1.98152447204199404e+02
1.98486261937048198e+02
1.98539996967578816e+02
1.98578815270496307e+02
1.99068861386209562e+02
1.99294928331583918e+02
1.99961788543556622e+02
2.00363884965010982e+02
2.00502137103639541e+02
2.00763855663772290e+02
2.01265960710132504e+02
2.01292808430984337e+02
2.01617686979074222e+02
2.01664276255287717e+02
2.01703205594070596e+02
2.01855372937159132e+02
2.01968141341508471e+02
2.02291633423850072e+02
2.02477032231378189e+02
2.02595460929318335e+02
2.02997672204782674e+02
2.03088525249991847e+02
2.03130767762040989e+02
2.03213120589595235e+02
2.03307260113775499e+02
2.03435657796425062e+02
2.03436364001766350e+02
2.03487259921483144e+02
2.03506714769163295e+02
2.03513879449434086e+02
2.03563509022621645e+02
2.04908950985927390e+02
2.04923050001309832e+02
2.05232801750654630e+02
2.05327784414697305e+02
2.05467634839402763e+02
2.05469432316386474e+02
2.05493054589519375e+02
2.06232408295205573e+02
2.06297573167291290e+02
2.06463787903912760e+02
2.06588367344488404e+02
2.06632023255047699e+02
2.06730754255270767e+02
2.07485017369521643e+02
2.07877349982989557e+02
2.07878705118340974e+02
2.07939161382288887e+02
2.08277670341561077e+02
2.08306935783680160e+02
2.08408072568194996e+02
2.08503394222428597e+02
2.08542988682034490e+02
2.08789525745145227e+02
2.08983248251722159e+02
2.09104838403368603e+02
2.09323466508389117e+02
2.10377475595361432e+02
2.10566822354570149e+02
2.11007617937974942e+02
2.11568280000050663e+02
2.11721678883646206e+02
2.11910938983993219e+02
2.12021594131850946e+02
2.12029205271212163e+02
2.12188706662967832e+02
2.12330084187218631e+02
2.12567606964758284e+02
2.12610803036626521e+02
2.12885676340837563e+02
2.13324849564120029e+02
2.13553863340521730e+02
2.14459030470219204e+02
2.14469039867881349e+02
2.14906159023848204e+02
2.14950443678444458e+02
2.14998194482310168e+02
2.15253877517732690e+02
2.15493432676740127e+02
2.15730625447814248e+02
2.15944412590555544e+02
2.16189084103976683e+02
2.16237784199541295e+02
2.16313392837612810e+02
2.16521286488056319e+02
2.16653367994699920e+02
2.16827363657194326e+02
2.16905264727126678e+02
2.17125600278637876e+02
2.17219533133019894e+02
2.17302090646512738e+02
2.17422143743722017e+02
2.17707729256192806e+02
2.18042162200074301e+02
2.18127923308038305e+02
2.18798637758863094e+02
2.19045378253561296e+02
2.19230347318393569e+02
2.19477222476609711e+02
2.19597301096395881e+02
2.19610457481251103e+02
2.19620955637000748e+02
2.19627458341983981e+02
2.19627784920858801e+02
2.19630344453264627e+02
2.19645146902834085e+02
2.19782180630232261e+02
2.19787772675810572e+02
2.19950187935744509e+02
2.20121496469641272e+02
2.20547864360118069e+02
2.21608188650793750e+02
2.21656851005011731e+02
2.21681921101821047e+02
2.22106661631086183e+02
2.22486226067489440e+02
2.22510048344792892e+02
2.22959362633708054e+02
2.23140042539469050e+02
2.23180075410906426e+02
2.23274293207513892e+02
2.23320203592773112e+02
2.23828550960206258e+02
2.24170721179471229e+02
2.24459192218015062e+02
2.24635212501736191e+02
2.24876781033806992e+02
2.24951106517685957e+02
2.25147128832464659e+02
2.25187004683076140e+02
2.25199415220919946e+02
2.25498101307117281e+02
2.26154866335868917e+02
2.26182407206807397e+02
2.26776373104856418e+02
2.27114656279695851e+02
2.27138018613650104e+02
2.27400663006195884e+02
2.27455957162485561e+02
2.27752586059934629e+02
2.27775234071796035e+02
2.27853505811060984e+02
2.27934119511113011e+02
2.28699713015042448e+02
2.28780401695014007e+02
2.28822310551457065e+02
2.29060890215067332e+02
2.29116946134462069e+02
2.29265488332090740e+02
2.29704709746801853e+02
2.29856160393183330e+02
2.29880760994119100e+02
2.30141365453243736e+02
2.30316108532991649e+02
2.30882031284607876e+02
2.30987310207292211e+02
2.31087058555282510e+02
2.31128703372511040e+02
2.31202043968432122e+02
2.31212260176083817e+02
2.31305725882964680e+02
2.31729556268681904e+02
2.32216544352822183e+02
2.32513134282381088e+02
2.32715943016026642e+02
2.32961550694925677e+02
2.33498207575266576e+02
2.33622275164772958e+02
2.33800340901059542e+02
2.33835427564414090e+02
2.33835517819900758e+02
2.33945109436412963e+02
2.34198020795731850e+02
2.34250779267304381e+02
2.34272228045171545e+02
2.34375450117487162e+02
2.35013879148872036e+02
2.35021524176654623e+02
2.35219802160706365e+02
2.35449805320700307e+02
2.36095052827487052e+02
2.36359524435825335e+02
2.36367617932574035e+02
2.36409663424117696e+02
2.36409837907387356e+02
2.36464662655738550e+02
2.36788524991667430e+02
2.36797937358806848e+02
2.37321318560751536e+02
2.37386282012930280e+02
2.37810060949789658e+02
2.38255430419299046e+02
2.38408562910733167e+02
2.38460668760839212e+02
2.38959751031587416e+02
2.39108080647336465e+02
2.39238921159551751e+02
2.39314111066810256e+02
2.39339621261437287e+02
2.39743945205850537e+02
2.39855573097032448e+02
2.39887296841950558e+02
2.40181338611655463e+02
2.40527937191055116e+02
2.40587891433475534e+02
2.40634344686867450e+02
2.40657807585876355e+02
2.40827037521797905e+02
2.40928311106638944e+02
2.40978289526617345e+02
2.41161881923095109e+02
2.41177585739259172e+02
2.41199707225419559e+02
2.41575281306751236e+02
2.42188922335159077e+02
2.42571865163298980e+02
2.42676556788235814e+02
2.42721323349822597e+02
2.43248134128429314e+02
2.43275884072295014e+02
2.43287619948344229e+02
2.43343845386119852e+02
2.43600807108680556e+02
2.43711548185655658e+02
2.43900590885381916e+02
2.44174706444285789e+02
2.44317070527099247e+02
2.44925780848593888e+02
2.45155100027466801e+02
2.45330663810421385e+02
2.45807939164082711e+02
2.46042032774045083e+02
2.46045817761521732e+02
2.46110754217875524e+02
2.46322468972752290e+02
2.46323989513942422e+02
2.46558927926467220e+02
2.46615617302402939e+02
2.46799146601069253e+02
2.47358573209044721e+02
2.47430571063811044e+02
2.47609610156547205e+02
2.48279623363104292e+02
2.48326624310716198e+02
2.48441743410476704e+02
2.48653038703690299e+02
2.48730982027345135e+02
2.48846466895309987e+02
2.49050968221843050e+02
2.49288681371201164e+02
2.49422405811910068e+02
2.49480858397171261e+02
2.49481331668448661e+02
2.49655068361646613e+02
2.49771105493389371e+02
2.49972324008648059e+02
2.50943519951839392e+02
2.51012913978718188e+02
2.51734394680451885e+02
2.51949637806270090e+02
2.51961273785560252e+02
2.52967156794776628e+02
2.53300541492970552e+02
2.53657643876657005e+02
2.53674038888203484e+02
2.53678404204418769e+02
2.53732172025270017e+02
2.53786528361763317e+02
2.53786615290304695e+02
2.53786760320174551e+02
2.53829690227796902e+02
2.54010369671495994e+02
2.54021857162430450e+02
2.54078829047197814e+02
2.54110687133733194e+02
2.54201000432190654e+02
2.54390805241622274e+02
2.54634715687121286e+02
2.54688921250849489e+02
2.54884653064085398e+02
2.54898587251304946e+02
2.55281378534925608e+02
2.55345314568677594e+02
2.55823724299436492e+02
2.55844583551104677e+02
2.55886230194383643e+02
2.56068749221582493e+02
2.56089770901587826e+02
2.56360121486122296e+02
2.56418468732782287e+02
2.56709427831322955e+02
2.57016679550778463e+02
2.57059834249278822e+02
2.57094925521683763e+02
2.57585430312930384e+02
2.57804539255869031e+02
2.58184096776626973e+02
2.58187596447814883e+02
2.58316681596393664e+02
2.58353719601749049e+02
2.58619654222354313e+02
2.59080529752988980e+02
2.59125967090258314e+02
2.59169338622328269e+02
2.59819583772689725e+02
2.60049797984742213e+02
2.60117804854645613e+02
2.60236409539346141e+02
2.60686656472635093e+02
2.60740305763508786e+02
2.60744755979529089e+02
2.60832531285654227e+02
2.60993693817474025e+02
2.61574127122301888e+02
2.61638215966035432e+02
2.62327217232194130e+02
2.62520544390284613e+02
2.62569767934897129e+02
2.62810708354666190e+02
2.63027095825970264e+02
2.63433063284809009e+02
2.63650615913747572e+02
2.63672637333715045e+02
2.63852511825357851e+02
2.64100133082689183e+02
2.64110062524023647e+02
2.64119520796414577e+02
2.64149114239943856e+02
2.64298211890523191e+02
2.64331853894898131e+02
2.64467533528400566e+02
2.64604805020077777e+02
2.64730144323195930e+02
2.65414164817011283e+02
2.65616455142189011e+02
2.65696259584407471e+02
2.65725466493375279e+02
2.65803641630308846e+02
2.65951034910082171e+02
2.66550573678427043e+02
2.66687860604966147e+02
2.66948635620282460e+02
2.67134900250364126e+02
2.67237310575658512e+02
2.67246340154635220e+02
2.67304861123819819e+02
2.67355315308770969e+02
2.67562680985911754e+02
2.68242865845744234e+02
2.68254553450428148e+02
2.68844906548662777e+02
2.68855746972110808e+02
2.68967766322497766e+02
2.69019246069338010e+02
2.69648727732927682e+02
2.70338044766265284e+02
2.70447729226705519e+02
2.70540991334149055e+02
2.70651837484279042e+02
2.70692042227281831e+02
2.70699234313765203e+02
2.70801626802045632e+02
2.70976201405147606e+02
2.70995956609791108e+02
2.71060320273085154e+02
2.71079907750176233e+02
2.71222786063011768e+02
2.71350264317408801e+02
2.71596115141324731e+02
2.71598398145227009e+02
2.71749060895241371e+02
2.71749103016222307e+02
2.72156369025415643e+02
2.72460475055356937e+02
2.72511668832659893e+02
2.72556878298256947e+02
2.72578940249366553e+02
2.73106559722671363e+02
2.73109296290159307e+02
2.73520013491665736e+02
2.73549093872744550e+02
2.73647273109442779e+02
2.73992902312044748e+02
2.74019019502169101e+02
2.74027490766431413e+02
2.74031490662574640e+02
2.74354404380209985e+02
2.74607524572296882e+02
2.75047366569381438e+02
2.75081499859707776e+02
2.75246999272149537e+02
2.75576892456357996e+02
2.75693537840812667e+02
2.75963644836369326e+02
2.76041707208478442e+02
2.76827316351083937e+02
2.77036390245002679e+02
2.77308481484771676e+02
2.77395817504446086e+02
2.77731293695043178e+02
2.77790781713044225e+02
2.78390671867464505e+02
2.78880183508984828e+02
2.78903064648501754e+02
2.78916684705089040e+02
2.79009109680044730e+02
2.79164158566665833e+02
2.79176301592834307e+02
2.79252803963300380e+02
2.79508950937284339e+02
2.79558791723817023e+02
2.80025785440158359e+02
2.80118827856702410e+02
2.80131234715537516e+02
2.80208051208811355e+02
2.80429505409137619e+02
2.80531254469086434e+02
2.80667305254762312e+02
2.81024495718243656e+02
2.81530317628399814e+02
2.81571455817949072e+02
2.81872817022173308e+02
2.82220128339773339e+02
2.82221006561355637e+02
2.82302358009867476e+02
2.82307911877892479e+02
2.82380344497938950e+02
2.82470491052474927e+02
2.82478938057194000e+02
2.82759331630704935e+02
2.82801480565287875e+02
2.83518208413642810e+02
2.83723378017846244e+02
2.83796019512043301e+02
2.84158920798813597e+02
2.84260385422925481e+02
2.84270575075603801e+02
2.84414764260629397e+02
2.84479605385279342e+02
2.84575116223885402e+02
2.84592825979433997e+02
2.84823478477415847e+02
2.84887327303486529e+02
2.84996931770689059e+02
2.85116196999768761e+02
2.85422117504036180e+02
2.86006136177909866e+02
2.86006757803205915e+02
2.86414495923994821e+02
2.86823027754058671e+02
2.86894287799121912e+02
2.86912604083315671e+02
2.86975510669655591e+02
2.87356922775423357e+02
2.87800267785989490e+02
2.88062225052440851e+02
2.88081961714530621e+02
2.88221909220377256e+02
2.88454529531297908e+02
2.88689940339935561e+02
2.88893550292370037e+02
2.89238872156008256e+02
2.89266220948923319e+02
2.89536673331970405e+02
2.89583263741108681e+02
2.89679895543623502e+02
2.89742421485894738e+02
2.89861372241193919e+02
2.89979352027707364e+02
2.90089973397853385e+02
2.90091168271761376e+02
2.90283237577497744e+02
2.90315395548080915e+02
2.90421705946898896e+02
2.90421730365828694e+02
2.90430060548021174e+02
2.90762624778840802e+02
2.90764489573945696e+02
2.90951306774401360e+02
2.91028108363792569e+02
2.91646557925642469e+02
2.91746648289968334e+02
2.91766696517272919e+02
2.91902166619064303e+02
2.91959121888498942e+02
2.92192777962251114e+02
2.92844048818620593e+02
2.93645887100297330e+02
2.93708953117264002e+02
2.94097740614086604e+02
2.94300111033379665e+02
2.94498605318852469e+02
2.94510262430119610e+02
2.94519522650667000e+02
2.94572116200080075e+02
2.94574481253097701e+02
2.94853142620816470e+02
2.94936898604318685e+02
2.95183927792627060e+02
2.95455867612947486e+02
2.95528797637537934e+02
2.95955746921222612e+02
2.96252093474182630e+02
2.96374904150530995e+02
2.96550113806033721e+02
2.96573543888153836e+02
2.96615706102289494e+02
2.96707098529588848e+02
2.96832475993433263e+02
2.96916300649663469e+02
2.96929911512700983e+02
2.97250521833213611e+02
2.97667496148580653e+02
2.97905858297016891e+02
2.97911083643062739e+02
2.98306557699433029e+02
2.98534363656060350e+02
2.98816606813339490e+02
2.98844691071059287e+02
2.99110635969562850e+02
2.99496005406500615e+02
2.99701501856702748e+02
2.99715713307086048e+02
2.99725517558723141e+02
2.99749216144991124e+02
2.99802017910098982e+02
2.99802255418190043e+02
2.99968986870972060e+02
3.00233752469692263e+02
3.00263635004920900e+02
3.00273175528171237e+02
3.00382903874459885e+02
3.00756024154310467e+02
3.01120260413516178e+02
3.01307704715120963e+02
3.01503661500457611e+02
3.01759237248618092e+02
3.02016290658490675e+02
3.02294527152759827e+02
3.02447738470891636e+02
3.02698799978043724e+02
3.02925411348555770e+02
3.03192386220964750e+02
3.03332129602091584e+02
3.03349186106927732e+02
3.03357641825844723e+02
3.03554642420389996e+02
3.03752823586023680e+02
3.03877236954552473e+02
3.03899628194570255e+02
3.03914309777710628e+02
3.03978697818138698e+02
3.04691061305208734e+02
3.05202323332035348e+02
3.05322043073453870e+02
3.05468570217084221e+02
3.05494901262211272e+02
3.05662543088875509e+02
3.05851534789289531e+02
3.05993687354125484e+02
3.06139086548357568e+02
3.06478126814350787e+02
3.06506926849422371e+02
3.06689926561549100e+02
3.06704423236488992e+02
3.06779266788358882e+02
3.06930944973101532e+02
3.07193797154482525e+02
3.07223564094427445e+02
3.07279960957613071e+02
3.07280748143047731e+02
3.07530216404044154e+02
3.07559897232682260e+02
3.07923047171164455e+02
3.08501466123544390e+02
3.08568950553254126e+02
3.08873697776796405e+02
3.09242761567770629e+02
3.09487844297670335e+02
3.09488449091864595e+02
3.09600323633289008e+02
3.09600338936553328e+02
3.09790890049711038e+02
3.10075580349442305e+02
3.10744481672274730e+02
3.10751861900716790e+02
3.11139408525806516e+02
3.11482747060015186e+02
3.11858377772968197e+02
3.11944220388540998e+02
3.11987243349636628e+02
3.11989889578827785e+02
3.11994758330154013e+02
3.12055539104925515e+02
3.12090704956998195e+02
3.12299512338307864e+02
3.12535544969260343e+02
3.12786875742280358e+02
3.12909359013216090e+02
3.13008879675946844e+02
3.13012333705631647e+02
3.13201118948923920e+02
3.13517416943513524e+02
3.13687346543802960e+02
3.13740315209288724e+02
3.13763764872810270e+02
3.13770477489487291e+02
3.13806435858630607e+02
3.14088273104711391e+02
3.14093171121455953e+02
3.14281625054433221e+02
3.14430599818069709e+02
3.14633686490784896e+02
3.14665782438026497e+02
3.14754152025618794e+02
3.15307376198256634e+02
3.15339934047713029e+02
3.15419428394012243e+02
3.16036132994364834e+02
3.16498440744765105e+02
3.16770299917652892e+02
3.16861197920176210e+02
3.16870095498356136e+02
3.16972012768700381e+02
3.17068076123818400e+02
3.17151334479372167e+02
3.17344896878626514e+02
3.17571077485076955e+02
3.17700726680955029e+02
3.17784661128803805e+02
3.17907083544084855e+02
3.17907725454529441e+02
3.18265945434039281e+02
3.18428359329056491e+02
3.18650989733762685e+02
3.18990727121183113e+02
3.19070655036113806e+02
3.19086546945900693e+02
3.19104542194228998e+02
3.19211660207128318e+02
3.19547778657486617e+02
3.19617727434537471e+02
3.20056298742554077e+02
3.20252852632398856e+02
3.20378814484483257e+02
3.20380040835382317e+02
3.20395857999374186e+02
3.20931317345780656e+02
3.21029264386763714e+02
3.21338050533341459e+02
3.21516934510273643e+02
3.21555281155763055e+02
3.21661361637051073e+02
3.21684054269115109e+02
3.22068885512209818e+02
3.22405278645675423e+02
3.22615693428260897e+02
3.22701606702195932e+02
3.22855841785223447e+02
3.22902098415534851e+02
3.22942668273358095e+02
3.23207716627263039e+02
3.23435036569333704e+02
3.23557093013211102e+02
3.23862409547611207e+02
3.23927360990635748e+02
3.23948530010441402e+02
3.24592523072878407e+02
3.24610619721548403e+02
3.24724147081055889e+02
3.24730175109159916e+02
3.24757607538068385e+02
3.24790708232138570e+02
3.24865209652988881e+02
3.25001724303821277e+02
3.25375057885937792e+02
3.25517574232967377e+02
3.25626539096466274e+02
3.25677281755297656e+02
3.25725985763757762e+02
3.26053082902188521e+02
3.26148773051002991e+02
3.26771866522036703e+02
3.26891913408135167e+02
3.26918496257346931e+02
3.27224354718522704e+02
3.27613832376465894e+02
3.28043630296842025e+02
3.28113426391645135e+02
3.28171473123569228e+02
3.28357260682549111e+02
3.28359743799888179e+02
3.29237579406768759e+02
3.29237954321900304e+02
3.29882401504177324e+02
3.29926957112760306e+02
3.29939710753976101e+02
3.30016122279364026e+02
3.30062408456578396e+02
3.30192611536856020e+02
3.30407060057932142e+02
3.30523454022146893e+02
3.30622687143974076e+02
3.30623758227459064e+02
3.30707607917055611e+02
3.30765714010921556e+02
3.30856054452950616e+02
3.30860628820043019e+02
3.30933161370725998e+02
3.31623847513434498e+02
3.31624778521522614e+02
3.31821778975247923e+02
3.32106914432950077e+02
3.32311464340398459e+02
3.32312008773445768e+02
3.32336036019189635e+02
3.32575792982597704e+02
3.32665078084876427e+02
3.32688098557049159e+02
3.32909816940349060e+02
3.33113657211093710e+02
3.33181091516142203e+02
3.33286817359950533e+02
3.33346817717344948e+02
3.33411423680282439e+02
3.33438514577481101e+02
3.33584929891669105e+02
3.33691752243039787e+02
3.33820468004946179e+02
3.33887892257033172e+02
3.33898063298834131e+02
3.34059297104675750e+02
3.34067562720975616e+02
3.34208101543849807e+02
3.35028948892990854e+02
3.35711222326623442e+02
3.35943298777995949e+02
3.35993703035885005e+02
3.36098527501181252e+02
3.36102576501185581e+02
3.36142542020144163e+02
3.36192993355854469e+02
3.36347218256000701e+02
3.36394235896187354e+02
3.36423224313829962e+02
3.36765668498214609e+02
3.36801417793856956e+02
3.36859130563992039e+02
3.37215630678782361e+02
3.37429927750508568e+02
3.37542070204194488e+02
3.38043748209756302e+02
3.38048359267393153e+02
3.38058355549723217e+02
3.38288235627417976e+02
3.38609732164779984e+02
3.38613759710760974e+02
3.39057691128793010e+02
3.39586196429063989e+02
3.39618782647105093e+02
3.39627787458276771e+02
3.39773432389665572e+02
3.39818462783008840e+02
3.40244948299312227e+02
3.40999584725665841e+02
3.41175043998445290e+02
3.41394932305709062e+02
3.41902961739211776e+02
3.42170793032903987e+02
3.42351983309918012e+02
3.42679428407032162e+02
3.42721664406920695e+02
3.42902659570255992e+02
3.42927842873453983e+02
3.42967410567569402e+02
3.42972746639182901e+02
3.43011364815660727e+02
3.43061282073508892e+02
3.43062527275715354e+02
3.43097662836608947e+02
3.43494837495913202e+02
3.43576675554089320e+02
3.43728774418817579e+02
3.43796441929924583e+02
3.43992043581221424e+02
3.44083464493199301e+02
3.44092533395581995e+02
3.44112881794990813e+02
3.44151125260493245e+02
3.44208167538292116e+02
3.44861334435832987e+02
3.44986571606917551e+02
3.45000466255439051e+02
3.45104579449871608e+02
3.45151918126527562e+02
3.45304364481815753e+02
3.45306686420833103e+02
3.45349969976995339e+02
3.45356311629940080e+02
3.45573938756740176e+02
3.46052472370130772e+02
3.46098175448996187e+02
3.46594248038921137e+02
3.46717500146368138e+02
3.47058389364792788e+02
3.47114761889321585e+02
3.47191483788585856e+02
3.47476296997701695e+02
3.47509041050879432e+02
3.47826380642904212e+02
3.48140025782324983e+02
3.48215436536005086e+02
3.48219692746618591e+02
3.48340715931418970e+02
3.48443210349207334e+02
3.48507905157717687e+02
3.48733199044371077e+02
3.48767682039250644e+02
3.48775375802216956e+02
3.49517586655128241e+02
3.49867836790061290e+02
3.49922192910390663e+02
3.50071002108793550e+02
3.50140441186643784e+02
3.50504574485635885e+02
3.50620202400870426e+02
3.51012854446709923e+02
3.51091113160640361e+02
3.51222285482421626e+02
3.51248587826527285e+02
3.51249595627928727e+02
3.51420711080890555e+02
3.51720874677531128e+02
3.51727486450624042e+02
3.51775465786559664e+02
3.51783740463908657e+02
3.51863762097926895e+02
3.51871410656591820e+02
3.51888429922840032e+02
3.52290057081618613e+02
3.52633075883029619e+02
3.52729335111967657e+02
3.52858056111458154e+02
3.52910661536484156e+02
3.52925172841088965e+02
3.53108693234825864e+02
3.53137860491743254e+02
3.53195433174575953e+02
3.53216581415389498e+02
3.53338091693456477e+02
3.53347679469737443e+02
3.53375993941318484e+02
3.53522879734328626e+02
3.53862546268587437e+02
3.54326146788503536e+02
3.54608932286045388e+02
3.54796181493571282e+02
3.54829844475145023e+02
3.54964389259082338e+02
3.54965525764623237e+02
3.55163417463381847e+02
3.55355219565216714e+02
3.55658073462966513e+02
3.55782238240575566e+02
3.55852965749328291e+02
3.56175471606319888e+02
3.56332928103739789e+02
3.56346367209957748e+02
3.56375420377714647e+02
3.56408838064082261e+02
3.57114397768889944e+02
3.57120223325100540e+02
3.57403664830188404e+02
3.57457153196881109e+02
3.57535567976158234e+02
3.57775206346279845e+02
3.57899113027470150e+02
3.58503985082619067e+02
3.58686886485301216e+02
3.58790270993388958e+02
3.59407700363074525e+02
3.59770135921124165e+02
3.59791406444340623e+02
3.60189976412918782e+02
3.60195556712653058e+02
3.60196722506998810e+02
3.60606933416813604e+02
3.60779314283416227e+02
3.61397936527659795e+02
3.61710338725297731e+02
3.61733353072025068e+02
3.61854999278983712e+02
3.61962069987140012e+02
3.62291574166821192e+02
3.62695225971464538e+02
3.62768368084081033e+02
3.62834682767625679e+02
3.62836846529982495e+02
3.63042601423278711e+02
3.63053888957001561e+02
3.63219061818884313e+02
3.63232142849234890e+02
3.63261902673837540e+02
3.63303903486593072e+02
3.63624438881591686e+02
3.63738145875992984e+02
3.63824649048711876e+02
3.63871911211632721e+02
3.64001797199875568e+02
3.64110811650937706e+02
3.64324162558106536e+02
3.64462842335434686e+02
3.64616725778428474e+02
3.64647635241175635e+02
3.64678066752986638e+02
3.64710125126099399e+02
3.64829691238645694e+02
3.64911500849315871e+02
3.64987257969887253e+02
3.65697981002160873e+02
3.65726019523354012e+02
3.65748202453171359e+02
3.66172298207444953e+02
3.66176243923180721e+02
3.66298970056919075e+02
3.66351866503963095e+02
3.66360706221898738e+02
3.66516202590231842e+02
3.66647866008708149e+02
3.67032918871860318e+02
3.67055523382818762e+02
3.67127478445142401e+02
3.67297585052919089e+02
3.67489593431079584e+02
3.67553159526456227e+02
3.67849441228738272e+02
3.68022135329738489e+02
3.68026075498517571e+02
3.68178205201458468e+02
3.68223718644055566e+02
3.68233976277498527e+02
3.68262792583612224e+02
3.68265534891889388e+02
3.68771271538125859e+02
3.69326483809399633e+02
3.69468857045136417e+02
3.70030280130770961e+02
3.70139352744410189e+02
3.70283542653872928e+02
3.70290595035510648e+02
3.70370612920268059e+02
3.70393931028131306e+02
3.70612485517653909e+02
3.70720917461191277e+02
3.70837796944923241e+02
3.70905458908770527e+02
3.71023630624737848e+02
3.71056643637640718e+02
3.71142309042900024e+02
3.71738323573798823e+02
3.71746873730407913e+02
3.71905381020504251e+02
3.72463161459617652e+02
3.72787237880639282e+02
3.72816883531371332e+02
3.72909292339191893e+02
3.73002707180846812e+02
3.73012138499495961e+02
3.73022069071766680e+02
3.73048111706932900e+02
3.73682852817192895e+02
3.73815233375851960e+02
3.74120959103942312e+02
3.74227784603189946e+02
3.74366502748493303e+02
3.74514496740433970e+02
3.74653730034238492e+02
3.74723288486479248e+02
3.74797315815393688e+02
3.74797918409266686e+02
3.75112209140622781e+02
3.75247922286894266e+02
3.75260236034147283e+02
3.75369060279389487e+02
3.75388581322365269e+02
3.75520671236670637e+02
3.75521251352522370e+02
3.75619928706030009e+02
3.75815803043556286e+02
3.75879508708720721e+02
3.76178007686326225e+02
3.76418573659308322e+02
3.76515854253802843e+02
3.76730532129830351e+02
3.76856500158317147e+02
3.77004953984119936e+02
3.77426466452116756e+02
3.77656446696695127e+02
3.77712630995677557e+02
3.77733575737913100e+02
3.77802088349589553e+02
3.77843617304614554e+02
3.77905266498225217e+02
3.77906354373628744e+02
3.78061129534203758e+02
3.78105428270158711e+02
3.78219518319926806e+02
3.78485191428415192e+02
3.78920499607646207e+02
3.79024337444848527e+02
3.79222254598459585e+02
3.79238068961320380e+02
3.79981058181761966e+02
3.80031056033256107e+02
3.80068303226654109e+02
3.80858901619700816e+02
3.80954119153977047e+02
3.80956128488297793e+02
3.81070534056051713e+02
3.81087048163483018e+02
3.81274427761716822e+02
3.81281649551407099e+02
3.81295795776745024e+02
3.81630215577803028e+02
3.81710049368860098e+02
3.82004131972740822e+02
3.82105591253755790e+02
3.82411168927356812e+02
3.82543654888360891e+02
3.82564650063444617e+02
3.82683367063778746e+02
3.83259538456020437e+02
3.83323728460884809e+02
3.83600719909030204e+02
3.83718933171505796e+02
3.83789822280350393e+02
3.84553945987805832e+02
3.84591639427268319e+02
3.84599414453119323e+02
3.84688411297487391e+02
3.84690318702929176e+02
3.84734841976930738e+02
3.84738486278096559e+02
3.84781800592387413e+02
3.84877190669025026e+02
3.85203218833660912e+02
3.85274405921788741e+02
3.85284978124480858e+02
3.85764304508557814e+02
3.85814590106442608e+02
3.85899522777291054e+02
3.86253533460928793e+02
3.86301259158641756e+02
3.86465904789576371e+02
3.86467315713641597e+02
3.86529154056096502e+02
3.86703073395650847e+02
3.86805875571602314e+02
3.86824899813555135e+02
3.87144472596950436e+02
3.87523148674200002e+02
3.87718253004970848e+02
3.87923790803575002e+02
3.88308035779808336e+02
3.88311876058518692e+02
3.88343534189744389e+02
3.88645268399586882e+02
3.89149779911749874e+02
3.89191826359460038e+02
3.89241771163658825e+02
3.89320262626200247e+02
3.89326740626182300e+02
3.89563018357596718e+02
3.89593475295009057e+02
3.89612515811759181e+02
3.89625359446703840e+02
3.89715254188380356e+02
3.90260580232533869e+02
3.90415712304759836e+02
3.90458976712883327e+02
3.90460006916937516e+02
3.90495029102684043e+02
3.90498132157139935e+02
3.90598530107935176e+02
3.90945621262660325e+02
3.91014541841334335e+02
3.91087329473586294e+02
3.91310777829566689e+02
3.91339079818018888e+02
3.91385513450896553e+02
3.91598151717694975e+02
3.91843071270978498e+02
3.92152623605531971e+02
3.92658376866199717e+02
3.92893317874784429e+02
3.93190435164896826e+02
3.93229397311444302e+02
3.93326076375190439e+02
3.93373677585693429e+02
3.93417119125578495e+02
3.93417661240892812e+02
3.93427141352262254e+02
3.93612962239040314e+02
3.93709561240072844e+02
3.93941632692868211e+02
3.94475392246347894e+02
3.94774943589094562e+02
3.94822860859238801e+02
3.94900261790871411e+02
3.94912284239284759e+02
3.95037854912097146e+02
3.95089203470825566e+02
3.95193782214022519e+02
3.95711420780771505e+02
3.96116077394146032e+02
3.96123062154983643e+02
3.96196221645341950e+02
3.96197233610757394e+02
3.96218724392108356e+02
3.96304796578117191e+02
3.96349368239803937e+02
3.96451081559741453e+02
3.96516594762222269e+02
3.97115932135430057e+02
3.97363731114603013e+02
3.97609928055930936e+02
3.98019031852829755e+02
3.98204925174756909e+02
3.98378204289968380e+02
3.98387253651147375e+02
3.99372436899401976e+02
3.99394462432252737e+02
3.99485956637816059e+02
3.99670153770178501e+02
3.99672013502617972e+02
3.99978509277501587e+02
4.00000786067992863e+02
4.00032966863079025e+02
4.00190938905975372e+02
4.00222775317307480e+02
4.00227153298180156e+02
4.00274434903249642e+02
4.00361418123047599e+02
4.00396946302841343e+02
4.00579370874166443e+02
4.00589127345507109e+02
4.00791663360805160e+02
4.00836716384740669e+02
4.00876820724460515e+02
4.01293610815019804e+02
4.01383462755863889e+02
4.01427588244329058e+02
4.01428244937199509e+02
4.01437854510191698e+02
4.01448011020447495e+02
4.01698651445999133e+02
4.01834546053579800e+02
4.01850004775820025e+02
4.01997696060961403e+02
4.02054224787201406e+02
4.02293000729851144e+02
4.02358012051479136e+02
4.02780958537056733e+02
4.02869862333474430e+02
4.03068042024966758e+02
4.03857530761255134e+02
4.03860162207106725e+02
4.03905872612155804e+02
4.03909227992233809e+02
4.04050332602926574e+02
4.04129957960331467e+02
4.04137399658876575e+02
4.04161766063052823e+02
4.04620322192964238e+02
4.04788443300714164e+02
4.05176725330939291e+02
4.05199759469331184e+02
4.05267683035647394e+02
4.05379445603142869e+02
4.05418909428352492e+02
4.05662997899209984e+02
4.06118691391257016e+02
4.06189332402008176e+02
4.06225640903441047e+02
4.06450967140477076e+02
4.06468481469311314e+02
4.07357335156781005e+02
4.07448672574855323e+02
4.07499033810564526e+02
4.07608208207841699e+02
4.08128420765512772e+02
4.08205110344562229e+02
4.08213107346287188e+02
4.08412369962019909e+02
4.08506744148256644e+02
4.08607729978461236e+02
4.09073587084451333e+02
4.09079714282881639e+02
4.09090948854268618e+02
4.09361706994034591e+02
4.09361975667897354e+02
4.09411889792708109e+02
4.09414257055743406e+02
4.09508837218759652e+02
4.09577525612354805e+02
4.09626418996337122e+02
4.09737031195769646e+02
4.09799289722451363e+02
4.09834399209832497e+02
4.10027855767104882e+02
4.10112133959583048e+02
4.10157727616979059e+02
4.10307583608893310e+02
4.10475307089305602e+02
4.11115521721544098e+02
4.11118205120365417e+02
4.11241766337010972e+02
4.11325163463787590e+02
4.11445801930527978e+02
4.11545421924372931e+02
4.11637431824886789e+02
4.11671346968223475e+02
4.11750521847842094e+02
4.11818990075069678e+02
4.11887489262516397e+02
4.11887994389772359e+02
4.12064647356955390e+02
4.12249058906645018e+02
4.12394444170382997e+02
4.12654576008076674e+02
4.12684116598581454e+02
4.12974402332257057e+02
4.13107687256754673e+02
4.13260879208944573e+02
4.13388531287899809e+02
4.13428756290299361e+02
4.13430317829077751e+02
4.13503276307576925e+02
4.13840709869175043e+02
4.13876223898328192e+02
4.13977807664243585e+02
4.14134805359251175e+02
4.14328227215629283e+02
4.14619735998971748e+02
4.14639756829037310e+02
4.15075276132316674e+02
4.15076214443170045e+02
4.15140506251573413e+02
4.15150908798879300e+02
4.15318804393297910e+02
4.15396363461070109e+02
4.15661048329281357e+02
4.15728648568257597e+02
4.15817882119895557e+02
4.16127714871536341e+02
4.16420949639644732e+02
4.16800333299036367e+02
4.16814868897901533e+02
4.17339179354477494e+02
4.17340760619586092e+02
4.18515732438965074e+02
4.18971806977964945e+02
4.18986657559175001e+02
4.18988307297133872e+02
4.18991881190968854e+02
4.19045606161772128e+02
4.19274068766312951e+02
4.19470250841487541e+02
4.19492456268979879e+02
4.19608104969846863e+02
4.19877209071482866e+02
4.20219537304978019e+02
4.20230232395200005e+02
4.20269174181350706e+02
4.20418992557365300e+02
4.20514984373972254e+02
4.20606671368268906e+02
4.20767739495814112e+02
4.21090775234818523e+02
4.21151997950445320e+02
4.21353237227022987e+02
4.21476807894575700e+02
4.21509851538388716e+02
4.21546736461077501e+02
4.21709683517007988e+02
4.22020432193388388e+02
4.22107327275376406e+02
4.22194637072830005e+02
4.22204961108514681e+02
4.22612504908549340e+02
4.22699497659754968e+02
4.23062388628701456e+02
4.23270415309045006e+02
4.23285653125370175e+02
4.23308774459586061e+02
4.23424477309468784e+02
4.23425318146772156e+02
4.23463653766534094e+02
4.23711070797592072e+02
4.23771770017026199e+02
4.23774956150027094e+02
4.24092229803966461e+02
4.24197233232586200e+02
4.24205668779512962e+02
4.24348542588488442e+02
4.24507751426446077e+02
4.24715307220213958e+02
4.24921904679661054e+02
4.24942352922309965e+02
4.24998724567372449e+02
4.25017807385774233e+02
4.25474765949953053e+02
4.26173253994276308e+02
4.26292131733264966e+02
4.26425041119090452e+02
4.26456157373173824e+02
4.26463535208964174e+02
4.26557647069455641e+02
4.26736371872572761e+02
4.26746487184304101e+02
4.26840819853336995e+02
4.26994664323559732e+02
4.27118236623327107e+02
4.27134555432227387e+02
4.27827993834048925e+02
4.27894534160177443e+02
4.28018397575427571e+02
4.28018648433515352e+02
4.28150526209176007e+02
4.28283640069144838e+02
4.28385359491238091e+02
4.28548196827254230e+02
4.28895556877813249e+02
4.29033716273838252e+02
4.29209564011737370e+02
4.29284620701371580e+02
4.29414493876745439e+02
4.29420420175690595e+02
4.30068872523610594e+02
4.30184183127177619e+02
4.30287504571269210e+02
4.30372855773337847e+02
4.30722168270535292e+02
4.30938046089221302e+02
4.30938515453440459e+02
4.31054130299179690e+02
4.31202195731923439e+02
4.31455751220385025e+02
4.31641023511180549e+02
4.31721415656094734e+02
4.31721885990699491e+02
4.31746011671057488e+02
4.31796072855308751e+02
4.31821331481850621e+02
4.32089038899201796e+02
4.32201436344459182e+02
4.32235805920151392e+02
4.32381902683158728e+02
4.32409425361427225e+02
4.32560711709176587e+02
4.32657421471072553e+02
4.32702928480856940e+02
4.32710083442901123e+02
4.32765895522246694e+02
4.32778100204685131e+02
4.33058214197747304e+02
4.33325498551991473e+02
4.33738896465756682e+02
4.34134706477846635e+02
4.34204782659033299e+02
4.34374731263115677e+02
4.34546992066060625e+02
4.34547859589523398e+02
4.34837101654166304e+02
4.34922511061569139e+02
4.35043888074047686e+02
4.35101978683403502e+02
4.35694991352849115e+02
4.35754968237869264e+02
4.35850149822629078e+02
4.36060451942222812e+02
4.36164378496421477e+02
4.36285043874913811e+02
4.36341041790427312e+02
4.36445230837802910e+02
4.36502383512882602e+02
4.36866599589662883e+02
4.36926128102391658e+02
4.36963501374512589e+02
4.37025080083476894e+02
4.37049517376809717e+02
4.37057234220094301e+02
4.37060530648340603e+02
4.37412240600684527e+02
4.37571224419917087e+02
4.38167100585200387e+02
4.38281446440481091e+02
4.38426259878358337e+02
4.38508153922330848e+02
4.38563364670502267e+02
4.38607313022311757e+02
4.38611424581673248e+02
4.38658092391632067e+02
4.38975847655282280e+02
4.38977496519732540e+02
4.39026300265868201e+02
4.39145622637677548e+02
4.39380042819725816e+02
4.39623690253250118e+02
4.39804371041674017e+02
4.40234443805353578e+02
4.40353711135754736e+02
4.40937965853684318e+02
4.41026868077093468e+02
4.41201525333143081e+02
4.41234320921252333e+02
4.41276792751429809e+02
4.41756340006957601e+02
4.41817978745672463e+02
4.41900489271654578e+02
4.42237343742699181e+02
4.42259954107490103e+02
4.42319607086049359e+02
4.42506952651864992e+02
4.42826365958359759e+02
4.42879198029593567e+02
4.42888336712203397e+02
4.43347657949030349e+02
4.43408354003692409e+02
4.43620417871886616e+02
4.43687504234419180e+02
4.43704867561753190e+02
4.43754509034731825e+02
4.43910208568336429e+02
4.44103735860470294e+02
4.44225856702671592e+02
4.44228952889680556e+02
4.44492321983444867e+02
4.44580855907233229e+02
