5.27098413614835337e+00
7.85556546872239814e+00
1.00039521962116176e+01
1.11619133277917584e+01
1.33522069697610881e+01
1.43248248086080281e+01
1.52235147818874985e+01
1.66880749342882417e+01
1.73673129669897470e+01
1.81721323339305592e+01
2.00556833837242827e+01
2.09006449696151542e+01
2.09305895801119313e+01
2.20720163754110210e+01
2.26760368920341584e+01
2.53142548706593438e+01
2.54824508272390169e+01
2.56592542471913241e+01
2.57791545025560787e+01
2.74783029900681832e+01
2.78660765607507201e+01
2.84923411130889654e+01
2.92238640926336721e+01
3.04080959447239785e+01
3.06644171237458600e+01
3.13549909923377079e+01
3.20223243331668499e+01
3.35895201852686256e+01
3.37219595522376210e+01
3.37639253589401775e+01
3.45411025871804469e+01
3.58423631418044693e+01
3.61570884936996890e+01
3.64975467130168454e+01
3.73727512579209531e+01
3.76585287503219348e+01
3.91209026675555407e+01
3.92267418490667836e+01
3.95912561200438091e+01
4.03839977208406538e+01
4.04022567418599436e+01
4.04829201611693179e+01
4.18200117626244179e+01
4.25853608479619510e+01
4.29972005861098125e+01
4.33038258309613227e+01
4.47215891494272597e+01
4.53361660486409477e+01
4.61259461687078698e+01
4.69203959981040271e+01
4.70703410962517879e+01
4.76001883013436213e+01
4.77339016187624452e+01
4.79080219026647640e+01
4.79802127314582663e+01
4.81949621114953146e+01
4.84435559900496457e+01
4.97135282847339539e+01
4.98593270881041235e+01
5.01735039684870543e+01
5.09336995828107177e+01
5.20654989470288143e+01
5.25781725978860237e+01
5.33480986156697554e+01
5.42253232766564395e+01
5.43220772585497969e+01
5.46701605716160373e+01
5.50466635058967455e+01
5.53804093280618588e+01
5.57334064936208193e+01
5.58145414477987671e+01
5.60948638926302721e+01
5.70593200365218394e+01
5.75588454512554506e+01
5.78484126664899634e+01
5.80318418326417884e+01
5.87287581848316336e+01
5.94331935041050130e+01
6.04244766927449888e+01
6.12610095166877926e+01
6.12763561330028921e+01
6.14794221674615642e+01
6.19822121286373573e+01
6.22556023517716852e+01
6.22620092363160893e+01
6.25346723336057977e+01
6.37074640057324757e+01
6.43190532857837525e+01
6.44636929859407388e+01
6.46198635217501192e+01
6.49208327339240867e+01
6.49489584515753791e+01
6.53788151745266077e+01
6.60443428934175074e+01
6.61350707042541899e+01
6.65733411511790507e+01
6.74555411134350464e+01
6.79178183968004419e+01
6.93837652103241851e+01
6.99255905550885899e+01
6.99354300770696682e+01
6.99694812495286982e+01
7.06761690543694954e+01
7.07941296435588328e+01
7.08885233017404062e+01
7.15231845850703962e+01
7.16501197158495557e+01
7.20437370236854520e+01
7.23814851128189929e+01
7.34579299699010448e+01
7.35412404778599864e+01
7.39772870474546238e+01
7.41362898041933249e+01
7.41448895546855056e+01
7.44561283536148153e+01
7.48221669722672544e+01
7.54520318209965524e+01
7.57953744420875353e+01
7.60348680381198960e+01
7.61469335895897075e+01
7.79169122852390501e+01
7.79574506045013891e+01
7.83033251329758428e+01
7.85473074789364176e+01
7.93079400290257297e+01
7.93446429166495051e+01
7.94862517900416350e+01
7.95717817231972901e+01
7.96780618034055266e+01
8.02400352415390898e+01
8.03798905425180692e+01
8.11835034826072928e+01
8.17695830739411775e+01
8.23503055842281100e+01
8.25448320754258162e+01
8.26818441881757451e+01
8.31581659370953332e+01
8.43423873244805407e+01
8.44129385077394119e+01
8.46031095434522911e+01
8.47935893620530265e+01
8.50474220018665079e+01
8.55150502820153662e+01
8.55201030169104115e+01
8.56921031119329371e+01
8.60507809473388932e+01
8.64580475088196039e+01
8.72173865167284958e+01
8.72781461368745823e+01
8.78341601367018967e+01
8.78786871777627141e+01
8.82338474467041181e+01
8.83283970957885458e+01
8.89780815221056969e+01
8.93420194288697189e+01
8.94316832166913969e+01
9.03320655222523499e+01
9.12860390495688421e+01
9.17622371132738124e+01
9.18190848350260325e+01
9.18848022110403662e+01
9.21214114729563818e+01
9.24158473001709240e+01
9.26010665600771716e+01
9.37596086176640569e+01
9.42107826889330369e+01
9.48648920961377797e+01
9.50483294767741000e+01
9.52097559157687954e+01
9.52667165898795929e+01
9.53784176096899188e+01
9.55862122614201724e+01
9.56159334927352944e+01
9.59664641809898029e+01
9.62551212824971714e+01
9.63244140519681622e+01
9.69068657161956253e+01
9.70199414450356556e+01
9.71783330816145963e+01
9.75251158195352872e+01
9.76191926695648959e+01
9.78117432955779407e+01
9.89432222237492880e+01
9.91630948445089473e+01
1.00083250478144620e+02
1.00301381812723321e+02
1.00498510946045485e+02
1.00638113803244522e+02
1.01188944281696521e+02
1.01642762062239839e+02
1.01728834190420685e+02
1.01959366282061097e+02
1.02367373442864476e+02
1.02739958868313423e+02
1.03084993412791675e+02
1.03221433351127672e+02
1.04291414413512470e+02
1.04302258839623647e+02
1.04403135566049357e+02
1.04462015369683087e+02
1.05306100031492662e+02
1.05403246888662565e+02
1.06354803741031873e+02
1.06706603449609176e+02
1.06709175716875976e+02
1.06772721521379907e+02
1.06781367441817650e+02
1.07200804181788257e+02
1.07459991556418146e+02
1.07474212281543018e+02
1.07567120416864739e+02
1.07852882715728853e+02
1.07875209922110614e+02
1.08496019379355488e+02
1.09195279791740475e+02
1.09514842257493356e+02
1.09896815589347995e+02
1.10051132463593234e+02
1.10072369267011510e+02
1.10342133938950369e+02
1.11917132278890364e+02
1.11972859277660504e+02
1.11996454446945904e+02
1.12197687166578788e+02
1.12781874364717950e+02
1.12834338291812017e+02
1.13038704228933099e+02
1.13588035011269554e+02
1.14140403530135217e+02
1.14344921041640774e+02
1.14348614743566927e+02
1.14366306762019093e+02
1.14546182610484252e+02
1.15083071219192405e+02
1.15248726025107203e+02
1.15831333482198872e+02
1.16311804769801967e+02
1.16818275424590468e+02
1.17174769310082112e+02
1.17282619979345469e+02
1.17833530856568842e+02
1.18051652567077156e+02
1.18169868586935195e+02
1.18187394144471043e+02
1.18743586623283903e+02
1.18778802967358786e+02
1.18804044298107925e+02
1.19251423239268107e+02
1.19338214548944379e+02
1.19555777341342605e+02
1.19904217731501362e+02
1.20010621252151566e+02
1.20108822089441290e+02
1.20124574023938038e+02
1.20157565066334413e+02
1.20515614640042642e+02
1.20832696569403780e+02
1.21650590383870323e+02
1.22190909742525690e+02
1.22939462083377762e+02
1.23436308996623154e+02
1.23634536468733387e+02
1.23742290738491491e+02
1.24273542532312604e+02
1.24280273921265859e+02
1.24296585975324703e+02
1.24949155451440035e+02
1.25038966199890865e+02
1.25285157416892943e+02
1.25806012944901227e+02
1.26425958344902170e+02
1.26567700311469338e+02
1.26576024600987694e+02
1.26726282597450648e+02
1.26910248152640335e+02
1.26998081839227922e+02
1.28210827581822969e+02
1.29312264323211934e+02
1.29493824608477553e+02
1.29822667737638938e+02
1.30027745386455706e+02
1.30219791130322164e+02
1.30676987676980218e+02
1.30758477820011819e+02
1.30810379627945281e+02
1.30831419332693031e+02
1.30932948670422036e+02
1.31372149385267960e+02
1.31381995676839608e+02
1.31391242163310494e+02
1.31482308896263476e+02
1.31693443498674810e+02
1.31835910651500797e+02
1.31985200853607921e+02
1.32056103414155132e+02
1.33035081653327325e+02
1.33157396420530688e+02
1.33511803496246841e+02
1.33604049466472020e+02
1.33826614438534364e+02
1.33968438049918802e+02
1.34498182322146363e+02
1.34562765096881321e+02
1.34572375886134068e+02
1.34884908116987162e+02
1.35019073254876560e+02
1.35308527605984125e+02
1.35365939669622435e+02
1.36161952194107982e+02
1.36386136401848660e+02
1.36513062959424190e+02
1.36988671838940320e+02
1.37150440071550520e+02
1.37358571831060829e+02
1.37785903382523827e+02
1.38545479341723535e+02
1.38648895458706818e+02
1.38770233269090568e+02
1.39309224263731323e+02
1.39891091515518497e+02
1.39899235132940134e+02
1.40522972257874471e+02
1.41253228683232294e+02
1.41498773286346079e+02
1.41519636661704453e+02
1.41705712923567887e+02
1.41963408998168916e+02
1.42144492076738288e+02
1.42154891631238229e+02
1.42166727773730827e+02
1.42939983644505105e+02
1.43813873781738266e+02
1.43957853075534672e+02
1.44250063684083841e+02
1.44427885842716364e+02
1.44456692892168519e+02
1.44518118090983819e+02
1.44595846936219118e+02
1.44606006955588782e+02
1.44732709562793900e+02
1.44760892172902857e+02
1.44956826557383749e+02
1.44975137378097315e+02
1.45058332619349130e+02
1.45405329517500036e+02
1.45866026383719884e+02
1.46261243897775216e+02
1.46367394969816530e+02
1.46800869110357951e+02
1.46857463342218750e+02
1.46909159105078402e+02
1.47010212759459023e+02
1.47991881902163925e+02
1.48013928365772529e+02
1.48398182289812780e+02
1.48498672527184169e+02
1.48806455731700737e+02
1.49194513458086078e+02
1.49440967019612742e+02
1.51055182931877766e+02
1.51152719256218802e+02
1.51704335456163960e+02
1.51767750035951849e+02
1.52248768537822968e+02
1.52517459109481990e+02
1.52567521810162589e+02
1.52604322093878523e+02
1.52741767332916481e+02
1.53369686362192965e+02
1.53467070162106552e+02
1.53589633337475902e+02
1.53619613959853780e+02
1.53863264924594660e+02
1.53885567625231488e+02
1.54140583477083624e+02
1.54213186418847044e+02
1.54213660238081218e+02
1.54820122948684741e+02
1.54992029067821136e+02
1.55208629229603901e+02
1.55607588616253508e+02
1.55858319758031143e+02
1.55997955757323723e+02
1.56290297142783913e+02
1.56332271203736070e+02
1.56569532757482818e+02
1.56651952562974429e+02
1.56862661488567596e+02
1.56909972225874981e+02
1.57822063220596021e+02
1.57855311243909455e+02
1.57858109983573627e+02
1.58335036381060149e+02
1.58414737761009064e+02
1.58420057324542995e+02
1.58554832877368369e+02
1.58690212634440115e+02
1.58691812900985212e+02
1.59392084985479812e+02
1.59912459810652535e+02
1.59963375917914334e+02
1.60483140059872710e+02
1.60513414762944024e+02
1.60779810581319452e+02
1.61086123008532525e+02
1.61235925736432591e+02
1.61238674577942277e+02
1.61268268028342845e+02
1.61317408441786142e+02
1.62400100754169557e+02
1.63090675469295036e+02
1.63626166789541742e+02
1.64036744686602503e+02
1.64126259913217325e+02
1.64136063225731164e+02
1.65267418312857217e+02
1.65383294773357022e+02
1.65536568500321550e+02
1.65629773496362304e+02
1.65682094973681501e+02
1.65913511049542819e+02
1.66072969696139467e+02
1.66550063698901283e+02
1.66715107804925708e+02
1.66811340826957633e+02
1.66867634071335715e+02
1.66947833444292144e+02
1.67220404609015873e+02
1.67355213105113762e+02
1.67438096898630192e+02
1.67646497082267615e+02
1.67907550230487573e+02
1.68145113043220704e+02
1.68424524452477044e+02
1.68661466488031010e+02
1.68948538259523275e+02
1.68954294182091871e+02
1.69447820165765847e+02
1.69553320077482510e+02
1.70002987442404560e+02
1.70474673306861803e+02
1.70557042814738963e+02
1.70912182757346784e+02
1.70930972213295320e+02
1.72076152965023937e+02
1.72205060247376196e+02
1.72666823353584448e+02
1.72828283633681338e+02
1.72831029749006234e+02
1.72952092425731394e+02
1.73033338541590183e+02
1.73115335203493316e+02
1.73232977456272806e+02
1.73250577832582280e+02
1.73423367809249669e+02
1.73667840657418139e+02
1.73748373629324476e+02
1.73921375639392693e+02
1.74382212151254976e+02
1.74460386673691858e+02
1.74483323140144705e+02
1.75279248250995124e+02
1.75343714265424069e+02
1.75350871476099144e+02
1.76109950786809520e+02
1.76164290610053797e+02
1.76281404447883460e+02
1.76289958225112343e+02
1.77474163017716535e+02
1.77520219298147197e+02
1.77610954046655479e+02
1.77769927701295330e+02
1.77897725878042877e+02
1.78118222628678495e+02
1.78555494479178435e+02
1.78655488576414882e+02
1.78856343181245734e+02
1.78872187300217945e+02
1.78962465086412749e+02
1.79029834452159321e+02
1.79347401021003122e+02
1.79711929189069622e+02
1.79819623756756982e+02
1.80168431191609841e+02
1.80369799744495594e+02
1.80587033886133383e+02
1.80760362178193986e+02
1.80907014640132900e+02
1.81172604681185533e+02
1.81269661735463387e+02
1.81676067874658315e+02
1.81679229195256198e+02
1.81806631459272239e+02
1.82815436210305052e+02
1.82916309089290905e+02
1.83014390974311652e+02
1.83409195229689374e+02
1.83489405378276331e+02
1.83732013825861884e+02
1.84163449614218109e+02
1.84296446993774680e+02
1.84297994173554173e+02
1.84905662723646458e+02
1.85566140054139794e+02
1.85675485411157808e+02
1.85960299148200988e+02
1.86140479420452380e+02
1.86405754787920216e+02
1.86631931766135494e+02
1.87180374051770684e+02
1.87261413800296850e+02
1.87285456851713832e+02
1.87484087553697407e+02
1.87835606293057992e+02
1.87837006137502442e+02
1.87928514847967108e+02
1.87975512134462292e+02
1.88155690801046376e+02
1.88277258332773556e+02
1.88530913204764715e+02
1.88635580283199033e+02
1.88912131320429467e+02
1.89069963188513100e+02
1.89230274056039661e+02
1.90031134960061081e+02
1.90069916028483817e+02
1.90117782643694511e+02
1.90332935751026184e+02
1.90508227309571623e+02
1.91343659904100150e+02
1.91346511641649556e+02
1.91415899765098970e+02
1.91795329087264747e+02
1.91945148123927254e+02
1.91966781667664065e+02
1.92301695606689464e+02
1.92345715921282817e+02
1.92458743091383610e+02
1.92605872747885428e+02
1.92689113544761199e+02
1.93285575740945148e+02
1.93299806826086240e+02
1.93340612963022238e+02
1.93661953586489005e+02
1.93907441407088641e+02
1.94222522987284208e+02
1.94291777368919725e+02
1.94491304343192326e+02
1.94542861063531120e+02
1.95024616130473191e+02
1.95057635109600824e+02
1.95697750253740026e+02
1.96046885702873567e+02
1.96270184475395297e+02
1.96518154009892328e+02
1.96699719198855405e+02
1.97067484426867509e+02
1.97124560522835736e+02
1.97167949140210283e+02
1.97634484528971143e+02
1.98040017321969174e+02
1.98152447204198722e+02
1.98486261937049562e+02
1.98539996967580066e+02
1.98578815270496250e+02
1.99068861386209562e+02
1.99294984918608577e+02
1.99961788543554974e+02
2.00363884966054627e+02
2.00502137103652160e+02
2.00763899920019867e+02
2.01265960710131992e+02
2.01292808486115575e+02
2.01617686979072573e+02
2.01664276255289167e+02
2.01703240738498664e+02
2.01855372937161917e+02
2.01968141710147393e+02
2.02291633423874600e+02
2.02477032231374835e+02
2.02595461348774563e+02
2.02997672204781850e+02
2.03088529292183580e+02
2.03130767762040136e+02
2.03213120589590460e+02
2.03307260113776920e+02
2.03435721352116843e+02
2.03436427467555404e+02
2.03487259921485588e+02
2.03506714769162556e+02
2.03513879449436502e+02
2.03563509805543845e+02
2.04908950985928300e+02
2.04923050001310912e+02
2.05232801750654232e+02
2.05327784415422343e+02
2.05467634839401853e+02
2.05469432317134306e+02
2.05493056741446253e+02
2.06232408295202674e+02
2.06297573167359474e+02
2.06463821845315863e+02
2.06588367344489939e+02
2.06632023257325557e+02
2.06730754264430004e+02
2.07485017369520790e+02
2.07877349982990381e+02
2.07878705118880930e+02
2.07939161429838407e+02
2.08277670341562214e+02
2.08306935783679990e+02
2.08408072568194825e+02
2.08503454001917362e+02
2.08542988682034661e+02
2.08789525745144545e+02
2.08983248251721989e+02
2.09104838403368319e+02
2.09323466508388776e+02
2.10377475595361034e+02
2.10566822354575379e+02
2.11007617937975795e+02
2.11568283178245281e+02
2.11721678883644017e+02
2.11910938983992708e+02
2.12021594131851202e+02
2.12029205271213812e+02
2.12188707042276860e+02
2.12330084187218461e+02
2.12567607374317447e+02
2.12610803036667903e+02
2.12885728164230159e+02
2.13324887877959100e+02
2.13553864063990090e+02
2.14459030470218806e+02
2.14469084354007180e+02
2.14906159023846953e+02
2.14950443678443492e+02
2.14998194482310794e+02
2.15253877517732121e+02
2.15493432676742202e+02
2.15730679924704589e+02
2.15944412625339851e+02
2.16189084103975063e+02
2.16237784199542375e+02
2.16313392837610650e+02
2.16521286488362193e+02
2.16653367994700034e+02
2.16827363657616786e+02
2.16905264727556698e+02
2.17125600278637421e+02
2.17219533133020207e+02
2.17302090646540535e+02
2.17422143750460350e+02
2.17707729256191328e+02
2.18042162200077030e+02
2.18127923308039669e+02
2.18798640277199866e+02
2.19045378253561125e+02
2.19230347318394422e+02
2.19477222476609199e+02
2.19597301096400088e+02
2.19610457481252581e+02
2.19620955636999952e+02
2.19627458341985061e+02
2.19627784920855674e+02
2.19630816757389880e+02
2.19645610007809694e+02
2.19782180630234620e+02
2.19787772677529176e+02
2.19950187935745362e+02
2.20121496469640817e+02
2.20547864360117842e+02
2.21608188650796649e+02
2.21656851005013664e+02
2.21681921101821047e+02
2.22106801322353704e+02
2.22486226067488474e+02
2.22510048344793915e+02
2.22959362988391945e+02
2.23140042539470812e+02
2.23180075781199093e+02
2.23274293207513551e+02
2.23320253376207802e+02
2.23828550964217413e+02
2.24170779651166185e+02
2.24459192527901109e+02
2.24635212501733690e+02
2.24876781713384219e+02
2.24951935327930698e+02
2.25147128852412152e+02
2.25187004683078271e+02
2.25200145605934154e+02
2.25498101307118873e+02
2.26154866335935083e+02
2.26182407206941775e+02
2.26776373104855793e+02
2.27114656279696362e+02
2.27138018613650331e+02
2.27400663006195828e+02
2.27455959412974835e+02
2.27752586059930536e+02
2.27775317609834644e+02
2.27853505811061495e+02
2.27934119511112158e+02
2.28699727498119842e+02
2.28780401695211935e+02
2.28822310551651867e+02
2.29060890219565295e+02
2.29116946134462353e+02
2.29265488332099721e+02
2.29704709746802450e+02
2.29856160393184609e+02
2.29880760994119669e+02
2.30141365453244703e+02
2.30316108681064634e+02
2.30882031284607251e+02
2.30987310208741576e+02
2.31087058555284329e+02
2.31128703372512462e+02
2.31202043968426096e+02
2.31212260176084669e+02
2.31305725882965930e+02
2.31729556268682757e+02
2.32216544352821700e+02
2.32513134282380236e+02
2.32715950660184092e+02
2.32961605499485870e+02
2.33498267991434432e+02
2.33622275164773953e+02
2.33803362429050708e+02
2.33835427565984730e+02
2.33835517819898087e+02
2.33945109436412167e+02
2.34198020795731850e+02
2.34250779565506491e+02
2.34272228045187660e+02
2.34375450422993765e+02
2.35013879148872775e+02
2.35021524176654793e+02
2.35221921235681918e+02
2.35449805338437670e+02
2.36098232716170173e+02
2.36359524435824312e+02
2.36367617932574547e+02
2.36413131494337506e+02
2.36413305234811105e+02
2.36464740879871783e+02
2.36788820000940177e+02
2.36797937358851755e+02
2.37321320491917334e+02
2.37386282601076630e+02
2.37810061050556840e+02
2.38255430419300296e+02
2.38408739054442208e+02
2.38460668760838928e+02
2.38959751031581220e+02
2.39108080647337260e+02
2.39238921159551637e+02
2.39314118478859370e+02
2.39339621301808393e+02
2.39743945205852128e+02
2.39855573097030572e+02
2.39887296841949137e+02
2.40181338611654496e+02
2.40530221233197722e+02
2.40587891433476614e+02
2.40634344686869269e+02
2.40657807585877265e+02
2.40827037521800662e+02
2.40928311106636727e+02
2.40978289526618084e+02
2.41161881923096416e+02
2.41177585739325650e+02
2.41199707225485042e+02
2.41575281309336276e+02
2.42188922335163568e+02
2.42571865163303130e+02
2.42680622864844224e+02
2.42721323349823024e+02
2.43248134128427694e+02
2.43275941040943735e+02
2.43287619948342979e+02
2.43343845386124258e+02
2.43600867451876866e+02
2.43711548185655772e+02
2.43900590885382712e+02
2.44174706444284936e+02
2.44317070527098736e+02
2.44926083178032968e+02
2.45155100027467654e+02
2.45330663810418741e+02
2.45807939164083280e+02
2.46042032998047659e+02
2.46045817761520425e+02
2.46110754444317195e+02
2.46322468972751039e+02
2.46323989513943218e+02
2.46558927992460497e+02
2.46615696547143273e+02
2.46799146611451363e+02
2.47358578690751642e+02
2.47432513481124431e+02
2.47611331985357197e+02
2.48279624952442646e+02
2.48326624310983618e+02
2.48444747578387421e+02
2.48653038704322682e+02
2.48730982027756113e+02
2.48846466895310471e+02
2.49050968221841913e+02
2.49288681371199857e+02
2.49425747611350687e+02
2.49480858397172256e+02
2.49481331668447524e+02
2.49655068361643998e+02
2.49771105493389371e+02
2.49972324008647547e+02
2.50943520463752975e+02
2.51012913978720121e+02
2.51734394680450180e+02
2.51949637806269777e+02
2.51961500856218549e+02
2.52967156794777679e+02
2.53300541492970581e+02
2.53657643876656891e+02
2.53689679397621148e+02
2.53693987182943374e+02
2.53732172025269165e+02
2.53786528361763487e+02
2.53786615290298414e+02
2.53786760320173528e+02
2.53829690227795993e+02
2.54010369671506226e+02
2.54021857162444178e+02
2.54078829047197701e+02
2.54110687133732199e+02
2.54201056055753781e+02
2.54390862720953919e+02
2.54634715687118671e+02
2.54688921250845908e+02
2.54884653064085512e+02
2.54898587253287928e+02
2.55281378534924897e+02
2.55345315168070044e+02
2.55823724299434446e+02
2.55844583551104620e+02
2.55886230194384495e+02
2.56068749221583062e+02
2.56089770901585950e+02
2.56360121490057679e+02
2.56418468772612130e+02
2.56709432799948161e+02
2.57016679550777383e+02
2.57059834249277571e+02
2.57098052560231451e+02
2.57585465586354815e+02
2.57808081927863498e+02
2.58184096776628564e+02
2.58187669088601240e+02
2.58316681743494030e+02
2.58353719749603158e+02
2.58619654222353233e+02
2.59080529753979533e+02
2.59131989414950397e+02
2.59169338627967932e+02
2.59819583772688759e+02
2.60049797984778081e+02
2.60117804854646465e+02
2.60236410772128693e+02
2.60686865835807282e+02
2.60740305763515209e+02
2.60767684658781093e+02
2.60854706814778467e+02
2.60993693817473684e+02
2.61574127122302798e+02
2.61638215966033499e+02
2.62327217494970853e+02
2.62520544390283874e+02
2.62569767934898493e+02
2.62810708354664200e+02
2.63027114419315069e+02
2.63433063284807815e+02
2.63651525208267287e+02
2.63676344255335891e+02
2.63852511825357112e+02
2.64100133082690718e+02
2.64110062524026716e+02
2.64119520796685777e+02
2.64149114239943401e+02
2.64298211890523874e+02
2.64331853894897563e+02
2.64467533530880587e+02
2.64604805020076526e+02
2.64730144323195361e+02
2.65414165499417948e+02
2.65616455142189295e+02
2.65696310038056879e+02
2.65725466493374483e+02
2.65803693255406813e+02
2.65951034910080807e+02
2.66550573678426986e+02
2.66691216243493784e+02
2.66949150678342050e+02
2.67138507736058273e+02
2.67237310575657432e+02
2.67246343743127625e+02
2.67304861156426853e+02
2.67355315308770230e+02
2.67562680985911527e+02
2.68242865845741790e+02
2.68254553450426727e+02
2.68844906548663459e+02
2.68855746972112740e+02
2.68967766323131002e+02
2.69019246069344774e+02
2.69648727732927910e+02
2.70338044766302630e+02
2.70447743699897785e+02
2.70540991334149282e+02
2.70692042375018787e+02
2.70699420517074657e+02
2.70714410441194275e+02
2.70801626802046087e+02
2.70976201405145559e+02
2.70996023702450088e+02
2.71060320355552051e+02
2.71079907832852030e+02
2.71222786063012506e+02
2.71402524646050267e+02
2.71596115141324560e+02
2.71598398145227918e+02
2.71839478833364012e+02
2.71839524643743744e+02
2.72156369025413994e+02
2.72460475055355630e+02
2.72511668832659211e+02
2.72556878306290059e+02
2.72583144090242115e+02
2.73109297156645312e+02
2.73115548147281402e+02
2.73520013491664656e+02
2.73549590968168616e+02
2.73647273110337210e+02
2.73992902312044009e+02
2.74019019502167055e+02
2.74027490766427945e+02
2.74037909063206939e+02
2.74433205177947627e+02
2.74607524572296029e+02
2.75047366569379676e+02
2.75081499859709822e+02
2.75246999272149708e+02
2.75576892456356859e+02
2.75693537840810961e+02
2.75963644836369951e+02
2.76041707208474747e+02
2.76827316351085244e+02
2.77039866308081912e+02
2.77312112664886911e+02
2.77455399701465581e+02
2.77731336678027617e+02
2.77790825043330756e+02
2.78390671867465869e+02
2.78880183508998414e+02
2.78903067147478737e+02
2.78916684705089892e+02
2.79009109680044219e+02
2.79164158578782406e+02
2.79176301592833340e+02
2.79252814334163020e+02
2.79508950937283828e+02
2.79558791723816228e+02
2.80025785440158245e+02
2.80118827856821099e+02
2.80208051286445766e+02
2.80234828962765391e+02
2.80429505409139324e+02
2.80531254469086548e+02
2.80667305530981878e+02
2.81024495718247806e+02
2.81542905118386329e+02
2.81571948734554439e+02
2.81872978642437999e+02
2.82220128339773680e+02
2.82221006561355921e+02
2.82302358009867191e+02
2.82307911877893332e+02
2.82380344497940996e+02
2.82470491052486693e+02
2.82478938057197468e+02
2.82762816154362895e+02
2.82801480565286170e+02
2.83518208413641958e+02
2.83723378018038602e+02
2.83796019512378052e+02
2.84158920798813256e+02
2.84260385460703787e+02
2.84270575113425195e+02
2.84450764768287968e+02
2.84514578263526857e+02
2.84575116223886141e+02
2.84592825979434053e+02
2.84823478477416984e+02
2.84887389614972960e+02
2.84996931770691731e+02
2.85116196999767851e+02
2.85502350088032131e+02
2.86006136177909980e+02
2.86088045544699582e+02
2.86414495923995389e+02
2.86823028307261666e+02
2.86894287799121173e+02
2.86912604083312829e+02
2.86975510670572078e+02
2.87356922775423243e+02
2.87800267785987842e+02
2.88065689229120153e+02
2.88090925484226943e+02
2.88225467456189335e+02
2.88454529531296714e+02
2.88689940339933514e+02
2.88893550292368559e+02
2.89238873074133323e+02
2.89266228173417517e+02
2.89536673331967961e+02
2.89583263741108510e+02
2.89679959097607025e+02
2.89742421485894170e+02
2.89861372241192669e+02
2.89979352027706284e+02
2.90283271106434029e+02
2.90315429205370890e+02
2.90339405691204206e+02
2.90340522192959497e+02
2.90421705946901341e+02
2.90421730365830911e+02
2.90430060548019981e+02
2.90762624778835232e+02
2.90764489595736961e+02
2.90951306774397665e+02
2.91028497712270678e+02
2.91646559543127580e+02
2.91746648297873833e+02
2.91766696517272919e+02
2.91902166619065724e+02
2.91959121893597114e+02
2.92192777962248613e+02
2.92844048818620024e+02
2.93647744217034699e+02
2.93786835560560064e+02
2.94097876381748335e+02
2.94386258597632661e+02
2.94501857326419156e+02
2.94510262430119440e+02
2.94519522650665806e+02
2.94572116200080359e+02
2.94574481253097474e+02
2.94853142620945221e+02
2.94936898604317605e+02
2.95183927792626093e+02
2.95455867612952773e+02
2.95528797637537707e+02
2.95955746921224204e+02
2.96252093474183425e+02
2.96374935902249206e+02
2.96550113806046397e+02
2.96573544077943609e+02
2.96615706102290403e+02
2.96707098530093447e+02
2.96840947556416097e+02
2.96916300649662446e+02
2.96929911512699277e+02
2.97250522120130256e+02
2.97667496148582302e+02
2.97905858309981625e+02
2.97911083656034009e+02
2.98306557699433313e+02
2.98535421418854980e+02
2.99109176987393596e+02
2.99110635969595990e+02
2.99139478937832848e+02
2.99590274766781135e+02
2.99703787699924590e+02
2.99715713307084854e+02
2.99726595330390523e+02
2.99749216144989020e+02
2.99802017910097391e+02
2.99805610683886357e+02
2.99968986870968763e+02
3.00233752469692831e+02
3.00263635004916125e+02
3.00273175528168451e+02
3.00382908696636548e+02
3.00756024156435444e+02
3.01120260413514302e+02
3.01307705105381331e+02
3.01528254477628650e+02
3.01759545212614398e+02
3.02016290658490675e+02
3.02294527189901828e+02
3.02447738471147886e+02
3.02763052366949864e+02
3.02925411348555656e+02
3.03274227194570983e+02
3.03332153471309709e+02
3.03349210020955866e+02
3.03357641825845576e+02
3.03640901958670213e+02
3.03752823586024590e+02
3.03877236954553894e+02
3.03899628194569402e+02
3.03914309777708979e+02
3.03994162365592729e+02
3.04691083025675027e+02
3.05202323332034837e+02
3.05322043073455234e+02
3.05468571179135040e+02
3.05494901262211727e+02
3.05662543090615088e+02
3.05852426048791301e+02
3.05993687354125314e+02
3.06139086548357511e+02
3.06478127129314373e+02
3.06506926849440163e+02
3.06689926561549612e+02
3.06704423236489788e+02
3.06779266788775601e+02
3.06938527636183721e+02
3.07193797154481899e+02
3.07223564094428184e+02
3.07279960957612218e+02
3.07280856936742737e+02
3.07533259300090378e+02
3.07559897232682147e+02
3.07923047171164399e+02
3.08501466123541775e+02
3.08568950553253842e+02
3.08873697776796860e+02
3.09242761567771311e+02
3.09487844297670051e+02
3.09488449091862947e+02
3.10312741478224268e+02
3.10580995410630123e+02
3.10625443275629152e+02
3.10626690722543117e+02
3.10751860605020909e+02
3.10763223187264146e+02
3.11139408525806459e+02
3.11482747060014219e+02
3.11947239679132053e+02
3.11987243352313897e+02
3.11989889581497721e+02
3.11997795453769982e+02
3.12012643353869294e+02
3.12055539104925742e+02
3.12162381610452826e+02
3.12429033879250881e+02
3.12535547872367033e+02
3.12786875742277232e+02
3.12909359013216431e+02
3.13008879675947867e+02
3.13012333841630323e+02
3.13201118948924204e+02
3.13601491680158063e+02
3.13687581109451401e+02
3.13763764872808565e+02
3.13770477489487746e+02
3.13806435858631573e+02
3.13827299974196478e+02
3.14088273104709970e+02
3.14093171121453452e+02
3.14281640027188303e+02
3.14430599818069538e+02
3.14633686490782395e+02
3.14666471218429649e+02
3.14754152037038978e+02
3.15339976684091823e+02
3.15419428394011561e+02
3.15992593898339010e+02
3.16036132994364664e+02
3.16498440935599774e+02
3.16770300027485234e+02
3.16861213203050397e+02
3.16870110794072161e+02
3.16972012768698562e+02
3.17151334479385298e+02
3.17344896878626855e+02
3.17571077485076955e+02
3.17655541628666185e+02
3.17700726680955825e+02
3.17784661128803180e+02
3.17907083544086788e+02
3.17907725454523927e+02
3.18272709005212050e+02
3.18428359329057855e+02
3.18668796667692732e+02
3.18990727121232624e+02
3.19070655036113692e+02
3.19086546945898760e+02
3.19104542194228259e+02
3.19211660207128773e+02
3.19547778657498213e+02
3.19617727434537812e+02
3.20056298742554020e+02
3.20252852632820691e+02
3.20378814980687025e+02
3.20380040835381294e+02
3.20395857999372254e+02
3.20931317345779746e+02
3.21338132463458919e+02
3.21377645999083995e+02
3.21516934510274325e+02
3.21661361637518382e+02
3.21686946597904068e+02
3.22129924841640047e+02
3.22321370677975153e+02
3.22405278645675139e+02
3.22615693428260556e+02
3.22701606702195079e+02
3.22855841785220719e+02
3.22902098415535704e+02
3.22942668273356787e+02
3.23207716627263324e+02
3.23435036569333874e+02
3.23557093013210533e+02
3.23862409547611549e+02
3.24254511013581975e+02
3.24277227339801470e+02
3.24610619721548176e+02
3.24677167907898081e+02
3.24732788255077367e+02
3.24760226601953661e+02
3.24791236135387123e+02
3.24810540817356070e+02
3.24865328337850030e+02
3.25001734935449974e+02
3.25375057885935746e+02
3.25517574232966183e+02
3.25677283608974506e+02
3.26053082928118499e+02
3.26148773051003047e+02
3.26274765200732361e+02
3.26511912446232998e+02
3.26772037128868078e+02
3.26899324662468359e+02
3.26918496257345225e+02
3.27475680646058152e+02
3.27613832376466405e+02
3.28043630343815380e+02
3.28113426395593990e+02
3.28185666378188387e+02
3.28357260682549679e+02
3.28359743799889941e+02
3.29882401563469955e+02
3.29926957112759453e+02
3.29939710759458592e+02
3.30016122279365106e+02
3.30062408456576065e+02
3.30192611536855168e+02
3.30407060057935098e+02
3.30523454022148712e+02
3.30622687143971916e+02
3.30623758227460769e+02
3.30713533353817922e+02
3.30765714010921613e+02
3.30856063054046331e+02
3.30860637425226457e+02
3.30933161370724633e+02
3.31065647906157608e+02
3.31070197814920277e+02
3.31623882731567107e+02
3.31624778521521023e+02
3.31821778975250368e+02
3.32106914432949338e+02
3.32311464340397947e+02
3.32312008773444290e+02
3.32336036099971238e+02
3.32575792982594976e+02
3.32688142123645775e+02
3.32710727960856673e+02
3.32909816940348435e+02
3.33113657211093539e+02
3.33181900501935047e+02
3.33286817359949168e+02
3.33411423680281985e+02
3.33438514577626620e+02
3.33584929891670470e+02
3.33691752243039389e+02
3.33820468004947372e+02
3.33942679191494392e+02
3.34059297104675522e+02
3.34067562720975332e+02
3.34086713489049430e+02
3.34208101543850944e+02
3.34629976375732667e+02
3.35028949601474949e+02
3.35711222326764187e+02
3.35943298777996063e+02
3.36098913283318950e+02
3.36102576501212923e+02
3.36142542020142912e+02
3.36193036679471732e+02
3.36219700690184993e+02
3.36394236104200274e+02
3.36431027454157288e+02
3.36507677540048746e+02
3.36765670386187423e+02
3.36803543232876166e+02
3.36887364343503862e+02
3.37215630678776904e+02
3.37429927750509478e+02
3.37542070204193180e+02
3.38045887813080753e+02
3.38048359267393209e+02
3.38060498020206580e+02
3.38288235627416611e+02
3.38609732164778450e+02
3.38613759710761371e+02
3.39068691655755629e+02
3.39586196429062227e+02
3.39773433293741334e+02
3.39818462783821872e+02
3.40244948317484784e+02
3.40999700840497383e+02
3.41175043998444323e+02
3.41298122207800532e+02
3.41358509601490084e+02
3.41396663420542779e+02
3.41902985034563415e+02
3.42351316110642358e+02
3.42351983374026361e+02
3.42721664406920183e+02
3.42902659570257811e+02
3.42927842873455234e+02
3.43011364815660329e+02
3.43061282073510199e+02
3.43062527275713933e+02
3.43097662836610596e+02
3.43440968847385250e+02
3.43494837495911327e+02
3.43576675554090230e+02
3.43661660245151495e+02
3.43727478157056510e+02
3.43728774418816954e+02
3.43960393404987826e+02
3.43992043581220742e+02
3.44092533395581540e+02
3.44110015019946161e+02
3.44112881794991779e+02
3.44156185358384221e+02
3.44208167538292116e+02
3.44986571606917948e+02
3.45000466255440358e+02
3.45104579689739069e+02
3.45151918126525459e+02
3.45304368578916467e+02
3.45306690518579956e+02
3.45349969976995510e+02
3.45356311629938489e+02
3.45367067724536810e+02
3.45573938756739324e+02
3.46052472370201542e+02
3.46267197125336054e+02
3.46594248038920853e+02
3.46717500146411282e+02
3.47107200164118240e+02
3.47114761910442041e+02
3.47191483788585003e+02
3.47476296997702377e+02
3.47509041050879603e+02
3.47826380642904496e+02
3.48140025782324983e+02
3.48215436536006621e+02
3.48219692746621263e+02
3.48340715931417549e+02
3.48443230888589994e+02
3.48508173598546648e+02
3.48767682084483511e+02
3.48812853429191875e+02
3.48855528688826780e+02
3.49517589531748229e+02
3.49867836790062029e+02
3.49922192910390606e+02
3.50071002108792982e+02
3.50140441186644068e+02
3.50504574485634009e+02
3.50620202401185793e+02
3.51013532631496275e+02
3.51230953804452099e+02
3.51321016841940320e+02
3.51420711080891977e+02
3.51720874677529707e+02
3.51727486450624042e+02
3.51775507827236027e+02
3.51865408964898563e+02
3.51873058549371024e+02
3.52290066569744511e+02
3.52597396111764169e+02
3.52633075883028312e+02
3.52731733204688965e+02
3.52757633226592759e+02
3.52880827305800437e+02
3.52910661536483872e+02
3.53137860491741606e+02
3.53195433174575271e+02
3.53338091697790844e+02
3.53347679469737272e+02
3.53522879818551985e+02
3.53713474723202978e+02
3.53862546268581866e+02
3.53894900813412562e+02
3.54326146788504900e+02
3.54608932286045331e+02
3.54796181886993338e+02
3.54829844475144739e+02
3.54964389259083987e+02
3.54965525764623180e+02
3.55163417463380654e+02
3.55648814243136712e+02
3.55651639835848073e+02
3.55658073462965774e+02
3.55729226809551790e+02
3.55782238240577215e+02
3.55852965749327211e+02
3.56027263847734957e+02
3.56175471692148903e+02
3.56214113500761471e+02
3.56332928103736151e+02
3.56346367209957350e+02
3.56375493347413055e+02
3.56408838064082431e+02
3.57114397768888864e+02
3.57120223325100881e+02
3.57403664830186301e+02
3.57457153197037030e+02
3.57678710244044908e+02
3.57775206346280299e+02
3.57899113027468843e+02
3.58508117651785710e+02
3.58790270993388560e+02
3.58858861835728931e+02
3.59770135921124393e+02
3.59791406444344375e+02
3.60195558253283821e+02
3.60196724047705459e+02
3.60606933416812751e+02
3.60779314283418728e+02
3.61435863201204029e+02
3.61784160526674384e+02
3.61807422204661805e+02
3.61855433887413199e+02
3.61901745050998613e+02
3.61962242064410077e+02
3.62291574166962562e+02
3.62645502868354470e+02
3.62695225971465163e+02
3.62768368084080294e+02
3.62834682767625793e+02
3.62836846529980562e+02
3.63042715226034716e+02
3.63071259903618625e+02
3.63219063175902477e+02
3.63232142849234492e+02
3.63261902673836232e+02
3.63306240575044285e+02
3.63624438881591402e+02
3.63738157607380515e+02
3.63824649048712843e+02
3.63871911211632721e+02
3.64324162558106650e+02
3.64462842335437131e+02
3.64623463022435715e+02
3.64647635241175749e+02
3.64678066759622709e+02
3.64811182055118763e+02
3.64911500849317349e+02
3.64911572633453432e+02
3.64987257969885206e+02
3.65014652275220271e+02
3.65131480155441182e+02
3.65698000185074477e+02
3.65726020332952828e+02
3.65748202458332855e+02
3.66173479938411106e+02
3.66177425973578920e+02
3.66298970056920268e+02
3.66516202590232012e+02
3.67055523382817285e+02
3.67090110549922770e+02
3.67127478445142344e+02
3.67297585054349497e+02
3.67489593431081232e+02
3.67553159526456454e+02
3.67849441228738385e+02
3.68022160285386178e+02
3.68026075498516093e+02
3.68178205324649468e+02
3.68200706028158834e+02
3.68223718644058636e+02
3.68235904326080060e+02
3.68262792583613248e+02
3.68265534891890013e+02
3.68429868927077166e+02
3.69140979364238490e+02
3.69328628253877639e+02
3.69468857045130619e+02
3.70256603435703141e+02
3.70283542653871109e+02
3.70290595035510478e+02
3.70305740462620918e+02
3.70370612920267774e+02
3.70393931028128975e+02
3.70720917603323073e+02
3.70838000287955367e+02
3.70905458909296158e+02
3.71023630624738985e+02
3.71056643637639411e+02
3.71142309042897921e+02
3.71738323573796265e+02
3.71746873753498846e+02
3.71905407150026520e+02
3.72463161459617481e+02
3.72816883531369456e+02
3.72824620463883491e+02
3.72909332522858961e+02
3.73002707180845732e+02
3.73048111706932957e+02
3.73322485799949902e+02
3.73462967997607620e+02
3.73686008727950480e+02
3.73815542757102094e+02
3.74120959103942653e+02
3.74227784603189434e+02
3.74366502748494611e+02
3.74529040222458946e+02
3.74653730034239231e+02
3.74797315815483273e+02
3.74797918409266458e+02
3.75112209140621474e+02
3.75314149598252015e+02
3.75326637433303915e+02
3.75369060279387838e+02
3.75388581322365326e+02
3.75520671630208710e+02
3.75521251746064422e+02
3.75616862419537085e+02
3.75619929143878551e+02
3.76178012845484261e+02
3.76418570507222114e+02
3.76465170372773116e+02
3.76679932156570715e+02
3.76846337732780796e+02
3.76856500158317374e+02
3.76913198374678075e+02
3.77656446696695582e+02
3.77712630995675454e+02
3.77733575737913611e+02
3.77802088349593703e+02
3.77843617872382822e+02
3.77846351091952954e+02
3.77905266498225785e+02
3.77906354373630563e+02
3.78105428270158257e+02
3.78219518322332021e+02
3.78485191428412463e+02
3.78621162987267780e+02
3.79024337444847959e+02
3.79227180034697483e+02
3.79256907891290155e+02
3.79322506109411790e+02
3.79361314517858432e+02
3.79981466093026768e+02
3.80005967885071925e+02
3.80031056033256107e+02
3.80068303226653313e+02
3.80889353531154086e+02
3.80954899680751623e+02
3.80956909078956016e+02
3.81070534064939181e+02
3.81087048163482507e+02
3.81274427761717618e+02
3.81281649551409089e+02
3.81295795776745820e+02
3.81630215577992317e+02
3.81710049368860098e+02
3.82004158447783027e+02
3.82105591253860268e+02
3.82300690889306622e+02
3.82411168927356186e+02
3.82543654888361630e+02
3.82564650063446607e+02
3.82683367063777894e+02
3.83259538456019584e+02
3.83323739586604972e+02
3.83600719909029237e+02
3.83718933171505455e+02
3.83895289576730875e+02
3.84553945987807879e+02
3.84591639427268149e+02
3.84599414453121028e+02
3.84690318702930540e+02
3.84734841976931705e+02
3.84738486278094626e+02
3.84877203994063336e+02
3.85203218833659434e+02
3.85274405921788741e+02
3.85764304508559974e+02
3.85814590106440789e+02
3.86038159147596105e+02
3.86361642693562430e+02
3.86467315713641710e+02
3.86467644090645990e+02
3.86529154142052164e+02
3.86805875571605100e+02
3.86825080329629429e+02
3.87058039840995320e+02
3.87155240752129544e+02
3.87393630272677854e+02
3.87523148713198395e+02
3.87718253004969426e+02
3.87923790803576537e+02
3.88311876058519545e+02
3.88705410163110116e+02
3.89131132484197508e+02
3.89141148445839690e+02
3.89149779911749704e+02
3.89191826359459071e+02
3.89241771163657802e+02
3.89377564375365523e+02
3.89384134168022626e+02
3.89563020950062764e+02
3.89616820032235239e+02
3.89625359446705147e+02
3.89655054825216723e+02
3.89870186809829420e+02
3.90083069179333563e+02
3.90260580232534664e+02
3.90415335542356445e+02
3.90491698150322918e+02
3.90495029102685692e+02
3.90498132157139935e+02
3.90598555957650035e+02
3.90945621262659813e+02
3.91014541845635847e+02
3.91087329473585328e+02
3.91262978996092954e+02
3.91310777829564529e+02
3.91339079818017751e+02
3.91385513450892915e+02
3.91759344205870946e+02
3.91843146004821904e+02
3.92152623605530835e+02
3.92559961236543359e+02
3.92658376866198523e+02
3.92958890523265040e+02
3.93121007567815070e+02
3.93190454293787468e+02
3.93229397311660648e+02
3.93326076375190155e+02
3.93373677784800975e+02
3.93417119125577472e+02
3.93417661240894006e+02
3.93427141352261117e+02
3.93612962239039575e+02
3.93709561240070741e+02
3.94475392246348008e+02
3.94573572172432193e+02
3.94774943589094221e+02
3.94822860861152719e+02
3.94900261790871696e+02
3.94912284239283167e+02
3.95041209944407456e+02
3.95089203470824884e+02
3.95711420780771050e+02
3.96116077394143360e+02
3.96123062154983074e+02
3.96196687992312718e+02
3.96197699957092084e+02
3.96516594762223463e+02
3.96658535083388244e+02
3.97115932135430057e+02
3.97363731114602501e+02
3.97609928055930425e+02
3.98019031852830039e+02
3.98041907746408413e+02
3.98142875671913771e+02
3.98158758202338163e+02
3.98204925174755829e+02
3.98378204412289733e+02
3.98474660506321527e+02
3.99372436899402999e+02
3.99394462432254102e+02
3.99401538566450029e+02
3.99485956637818163e+02
3.99670153770179070e+02
3.99672013502620302e+02
4.00000786067991839e+02
4.00032966863079423e+02
4.00227153298178905e+02
4.00274434903248505e+02
4.00579370874163999e+02
4.00589127345505119e+02
4.00791663360804648e+02
4.00836802221062442e+02
4.00884595804965727e+02
4.01293616227174084e+02
4.01398477787183197e+02
4.01427588244330707e+02
4.01437854510191926e+02
4.01698651445998337e+02
4.01834546053579629e+02
4.01850004775818547e+02
4.01947220902591141e+02
4.02010346650168685e+02
4.02200812860249130e+02
4.02267315631784300e+02
4.02293007346111608e+02
4.02358012051478966e+02
4.02783290247993193e+02
4.02869862333473577e+02
4.03364057549653978e+02
4.03857530761255362e+02
4.03860162840333999e+02
4.03953535416635077e+02
4.03956940303452541e+02
4.04052113175865429e+02
4.04137421148966041e+02
4.04234103024764522e+02
4.04363801918767592e+02
4.04638775339687527e+02
4.04771688004931036e+02
4.04788443300713027e+02
4.05176725337570019e+02
4.05199759469331468e+02
4.05379451258700783e+02
4.05385500917356921e+02
4.05418909428351810e+02
4.05662997899855270e+02
4.06118691391259574e+02
4.06189332402008688e+02
4.06227744805944610e+02
4.06450967140477132e+02
4.06468481469312394e+02
4.07499033810564526e+02
4.07608208207840562e+02
4.07955836446105366e+02
4.07998272100400357e+02
4.08205147284767804e+02
4.08213107939124200e+02
4.08304988131401103e+02
4.08506744148255166e+02
4.08607729978462203e+02
4.08749928728778229e+02
4.09073587084453209e+02
4.09079714282882264e+02
4.09090948854269243e+02
4.09361706994034250e+02
4.09361975667888657e+02
4.09411900310152589e+02
4.09414257056171664e+02
4.09508837218760505e+02
4.09577525612355146e+02
4.09626418996334621e+02
4.09718766195835883e+02
4.09790212421219508e+02
4.09799289759865644e+02
4.09834399209831020e+02
4.10027855767105223e+02
4.10112133959581683e+02
4.10157727616977695e+02
4.10193597224086602e+02
4.10475307089305034e+02
4.10996912739176707e+02
4.11118205129329283e+02
4.11241766337010176e+02
4.11325163463787874e+02
4.11446347001078095e+02
4.11671346968223702e+02
4.11789040975938690e+02
4.11818990075070076e+02
4.11887734579556081e+02
4.11888239695792663e+02
4.12066630247306477e+02
4.12210734612697365e+02
4.12249058906644962e+02
4.12394444170381576e+02
4.12654576008075253e+02
4.12687635672310762e+02
4.12933838884793488e+02
4.12974402332257341e+02
4.13107687256756378e+02
4.13260879208943550e+02
4.13388531287898275e+02
4.13514250355560478e+02
4.13876223898328533e+02
4.13912721426286510e+02
4.13958227508584741e+02
4.13977758645559959e+02
4.14134805359252255e+02
4.14141939510787552e+02
4.14191631496026787e+02
4.14619735999603392e+02
4.14640333492673221e+02
4.15075276132318095e+02
4.15076214443172944e+02
4.15396363461069654e+02
4.15576135189324248e+02
4.15666400032562478e+02
4.15817019464338330e+02
4.15882801287745394e+02
4.15900692975078528e+02
4.16127714871532419e+02
4.16279615340971873e+02
4.16332287885879794e+02
4.16420949639645244e+02
4.16800333299035799e+02
4.16814868897900340e+02
4.17340760619587968e+02
4.18515734684584061e+02
4.18991881299105444e+02
4.19024515244398629e+02
4.19026255288283323e+02
4.19045606912016581e+02
4.19384297294879559e+02
4.19492456268978799e+02
4.19608107031416353e+02
4.19956706158739451e+02
4.20230234608540854e+02
4.20269174181350934e+02
4.20304448717833111e+02
4.20418992557365357e+02
4.20514984373972709e+02
4.20606671368269190e+02
4.20788597467153693e+02
4.21090775234819148e+02
4.21151997950443388e+02
4.21353237227021793e+02
4.21476807894575074e+02
4.21510741299929066e+02
4.21955265790377439e+02
4.22021647078640626e+02
4.22107327275375837e+02
4.22194637072830744e+02
4.22204961108512919e+02
4.22229174967129325e+02
4.22504724720403033e+02
4.22628178208771885e+02
4.22998657439185251e+02
4.23062388628702706e+02
4.23270415309043869e+02
4.23285653125370743e+02
4.23296170965988779e+02
4.23465057705243453e+02
4.23711070797593891e+02
4.23771770017027563e+02
4.23774956150027606e+02
4.24092229803962539e+02
4.24197233232587052e+02
4.24205668779514269e+02
4.24348542588487646e+02
4.24365582755657556e+02
4.24466822478688243e+02
4.24507751426444486e+02
4.24556334222442388e+02
4.24715307222186368e+02
4.24921904679662020e+02
4.24942371835567371e+02
4.25474782961778772e+02
4.26173253994158870e+02
4.26292131733267468e+02
4.26425041119090054e+02
4.26463535208963208e+02
4.26736606897247384e+02
4.26744965714798695e+02
4.26746487184302737e+02
4.26840819853336257e+02
4.26994664323557743e+02
4.27118236632969058e+02
4.27181375661809795e+02
4.27463013314290265e+02
4.27827993834050119e+02
4.27894534160176192e+02
4.28018506531164405e+02
4.28018757381566445e+02
4.28150526209176292e+02
4.28283738136085560e+02
4.28895556877811941e+02
4.28931158422780243e+02
4.29033716273836035e+02
4.29209564011737029e+02
4.29284624317566056e+02
4.29346838507208986e+02
4.30102322678344819e+02
4.30119527859110690e+02
4.30126695374208850e+02
4.30184183127177278e+02
4.30296069467309621e+02
4.30372855773336653e+02
4.30597131109926295e+02
4.30689410547018269e+02
4.30722168314739918e+02
4.30938046089218460e+02
4.30938515453437162e+02
4.31054130299179008e+02
4.31237258958512029e+02
4.31459384094811924e+02
4.31641023511182595e+02
4.31721885990696990e+02
4.31746074993294428e+02
4.31821331481851132e+02
4.32042596344836056e+02
4.32089038899201341e+02
4.32201436344459296e+02
4.32235805920150881e+02
4.32560712453902795e+02
4.32657421471071814e+02
4.32765945331714647e+02
4.33058214197746338e+02
4.33221435601161659e+02
4.33325498551991870e+02
4.33469913484252061e+02
4.33738896465755658e+02
4.33934222135734046e+02
4.34134706477847487e+02
4.34204782659033924e+02
4.34374731263115450e+02
4.34575662950948811e+02
4.34576530621136328e+02
4.34754875521422093e+02
4.34837101654165053e+02
4.35043888074047288e+02
4.35101978769149866e+02
4.35130058730556073e+02
4.35654614176731400e+02
4.35700213226769279e+02
4.35754968237871537e+02
4.36164378496420795e+02
4.36285043874912560e+02
4.36341041790427596e+02
4.36454922930694181e+02
4.36502383512883625e+02
4.36508418870710159e+02
4.36741320754980904e+02
4.36926137563175018e+02
4.37025080083475871e+02
4.37049517376811480e+02
4.37060530648341967e+02
4.37412240600684754e+02
4.37510265396363422e+02
4.37571224419917371e+02
4.37801304478676002e+02
4.38167100585200672e+02
4.38281446969152341e+02
4.38426259878357882e+02
4.38508153922332610e+02
4.38550677479682520e+02
4.38563364669687701e+02
4.38607313022313463e+02
4.38611424581673475e+02
4.38658092943256463e+02
4.38975847655284042e+02
4.38977496519735553e+02
4.39026300265869054e+02
4.39145622637758265e+02
4.39380042819722462e+02
4.39623690253248526e+02
4.39804371041673392e+02
4.40354517315487044e+02
4.40991682219950576e+02
4.41000925089250018e+02
4.41032284290476014e+02
4.41277679769423514e+02
4.41586014464454081e+02
4.41756340006958851e+02
4.41817978745669905e+02
4.41900489271654067e+02
4.41981446260729513e+02
4.42237343742699238e+02
4.42259954107489818e+02
4.42319607086050667e+02
4.42397262026002124e+02
4.42826365958360782e+02
4.42887534962778716e+02
4.42896669113431926e+02
4.42988386873614388e+02
4.43347657961409539e+02
4.43620424675767879e+02
4.43704867561754895e+02
4.43754509034729324e+02
4.43910208568334895e+02
4.44064519721334079e+02
4.44103735860470067e+02
4.44492321983444697e+02
4.44580895025612392e+02
4.44581020129241949e+02
4.44731287316070109e+02
4.44864132604809981e+02
4.44869622306143242e+02
4.45028207743100211e+02
4.45102489538651014e+02
