5.27098833511486298e+00
7.85557909015326139e+00
1.00039612054653091e+01
1.11619515284191770e+01
1.33522295364991983e+01
1.43248378906465099e+01
1.52235970945812369e+01
1.66880969054525217e+01
1.73673672009658873e+01
1.81721692763716121e+01
2.00558347128309791e+01
2.09006893476307880e+01
2.09306148810499266e+01
2.20721239974947210e+01
2.26761310840889792e+01
2.53142996741731068e+01
2.54825053673663717e+01
2.56595017758371000e+01
2.57792480503746901e+01
2.74784904934226830e+01
2.78662687990896600e+01
2.84923667284851021e+01
2.92239203659815914e+01
3.04081731175637486e+01
3.06645362614238088e+01
3.13551653359517140e+01
3.20226983195910151e+01
3.35898166335661941e+01
3.37220257314846847e+01
3.37642671272759713e+01
3.45411999545702884e+01
3.58424451452665309e+01
3.61572327801682292e+01
3.64977707910811233e+01
3.73727970218522145e+01
3.76588253411800622e+01
3.91214313355317316e+01
3.92268515011579595e+01
3.95914172379950031e+01
4.03845471371438833e+01
4.04026946466693033e+01
4.04831033488107366e+01
4.18201381142008799e+01
4.25856097616011553e+01
4.29975776296790286e+01
4.33039176673603237e+01
4.47220572667270062e+01
4.53363309593589250e+01
4.61262612919850596e+01
4.69211088544538484e+01
4.70706595554757214e+01
4.76002300390631632e+01
4.77347248484525721e+01
4.79086350176970157e+01
4.79803057886158726e+01
4.81951028597810662e+01
4.84437716479925840e+01
4.97139277856670816e+01
4.98595208469782349e+01
5.01740868822721993e+01
5.09338908089546294e+01
5.20657733322476730e+01
5.25788757063397512e+01
5.33486425638873598e+01
5.42254262987905307e+01
5.43225932460922678e+01
5.46703107115787930e+01
5.50468629806521790e+01
5.53813311777000479e+01
5.57337571918609740e+01
5.58157057415033577e+01
5.60956887290810258e+01
5.70596711999145469e+01
5.75594492562940161e+01
5.78486748151424948e+01
5.80326885827883103e+01
5.87288318258175650e+01
5.94336339765078776e+01
6.04246418193755943e+01
6.12619382746135273e+01
6.12772893432909029e+01
6.14796639556585873e+01
6.19824840152935010e+01
6.22563883152257063e+01
6.22622422417069856e+01
6.25349875588200135e+01
6.37080066465159831e+01
6.43193602363274692e+01
6.44648543503317910e+01
6.46214377528226862e+01
6.49214100033870807e+01
6.49500323983528176e+01
6.53792140151300316e+01
6.60444835848951186e+01
6.61359385243636098e+01
6.65745117844951722e+01
6.74562163221030744e+01
6.79180532982727811e+01
6.93842262216363679e+01
6.99268423603820111e+01
6.99358872555613971e+01
6.99697906803214948e+01
7.06766549515552640e+01
7.07955361719215261e+01
7.08896708117458161e+01
7.15233321725525286e+01
7.16501814471105547e+01
7.20441319504922149e+01
7.23822816059732475e+01
7.34588057402589243e+01
7.35418402980276369e+01
7.39775732060122664e+01
7.41383325827075623e+01
7.41463221795638390e+01
7.44574916599777907e+01
7.48224258403036515e+01
7.54532291618981787e+01
7.57969305907238891e+01
7.60352469209297510e+01
7.61479202430036537e+01
7.79172863834049849e+01
7.79582276518612218e+01
7.83037815870072507e+01
7.85480273608326911e+01
7.93096903554776702e+01
7.93451077375422358e+01
7.94869762999012721e+01
7.95720085438439071e+01
7.96782085252220611e+01
8.02416537189142502e+01
8.03804518437956688e+01
8.11853846840079711e+01
8.17707098318221028e+01
8.23511843520012405e+01
8.25453425942990862e+01
8.26830971394466872e+01
8.31585063220385905e+01
8.43449464422365622e+01
8.44146850964908992e+01
8.46048039815013055e+01
8.47941827880594303e+01
8.50475291858155344e+01
8.55166527644838368e+01
8.55214909795797382e+01
8.56941051764393649e+01
8.60510452852493586e+01
8.64585181816846955e+01
8.72185871549679916e+01
8.72788153013419787e+01
8.78352255131809159e+01
8.78792578539089106e+01
8.82342419130488622e+01
8.83287342071912178e+01
8.89791172309623448e+01
8.93428201786897773e+01
8.94340342001727322e+01
9.03342962435223740e+01
9.12864057415943080e+01
9.17630619282493853e+01
9.18203270405014109e+01
9.18863419008936546e+01
9.21219195309124643e+01
9.24183060645578962e+01
9.26027779829847475e+01
9.37598060796836705e+01
9.42116722815468393e+01
9.48652507790031336e+01
9.50489081287199156e+01
9.52128562043049271e+01
9.52688227062513704e+01
9.53804883146857208e+01
9.55881011409185248e+01
9.56165881753099143e+01
9.59671373569655657e+01
9.62576280712976882e+01
9.63264997048332248e+01
9.69078279897002801e+01
9.70207109877063658e+01
9.71800804624507748e+01
9.75257630019704038e+01
9.76198214342059600e+01
9.78132518660506207e+01
9.89443493504160188e+01
9.91645296645387475e+01
1.00083462114954642e+02
1.00304428877597758e+02
1.00498969767181649e+02
1.00638199224606097e+02
1.01191953949241508e+02
1.01643998884166365e+02
1.01729587054594276e+02
1.01961072272660005e+02
1.02367800576513901e+02
1.02742017877846479e+02
1.03085386348312085e+02
1.03223686780746590e+02
1.04291968189428701e+02
1.04303532418746187e+02
1.04403833028897225e+02
1.04465132753843648e+02
1.05306898021131701e+02
1.05404162254204692e+02
1.06357306690086489e+02
1.06710256291410388e+02
1.06711693889658022e+02
1.06775215947121836e+02
1.06782417989496793e+02
1.07202143766650437e+02
1.07460989148283574e+02
1.07477279174692001e+02
1.07568162955250500e+02
1.07855310607771514e+02
1.07877866330678302e+02
1.08498079540932906e+02
1.09196826557177758e+02
1.09515154885697939e+02
1.09897300960083697e+02
1.10053061227496300e+02
1.10072567223977785e+02
1.10342783958569271e+02
1.11920965315979004e+02
1.11973396481455325e+02
1.11997541050750726e+02
1.12199443460351176e+02
1.12784153813590564e+02
1.12838327653825303e+02
1.13039393972282568e+02
1.13588890376253062e+02
1.14141345362468655e+02
1.14345763077910561e+02
1.14351308734910617e+02
1.14367228087396910e+02
1.14549058183570594e+02
1.15084827404396179e+02
1.15249757393145359e+02
1.15832602699927776e+02
1.16311951339568168e+02
1.16818649549296822e+02
1.17176198060804410e+02
1.17286505567443129e+02
1.17836770263266033e+02
1.18053106345220357e+02
1.18171687585679763e+02
1.18188980741204631e+02
1.18746570354206114e+02
1.18781772070465450e+02
1.18808253564217154e+02
1.19254678677879724e+02
1.19341894215702752e+02
1.19556308934513396e+02
1.19906958465539446e+02
1.20011208664945997e+02
1.20110896794290284e+02
1.20125021003675130e+02
1.20160879732661016e+02
1.20516251952323159e+02
1.20833622567007410e+02
1.21653127247774393e+02
1.22191673369342141e+02
1.22940975728764300e+02
1.23438699137608353e+02
1.23635636158088573e+02
1.23743287656357268e+02
1.24278229913124534e+02
1.24281360027107922e+02
1.24299568895250388e+02
1.24950389007728432e+02
1.25040202152626904e+02
1.25290329327855687e+02
1.25807370170353380e+02
1.26426221510322222e+02
1.26570044573962832e+02
1.26579600472591380e+02
1.26729772884654722e+02
1.26911968592104728e+02
1.26998571376561557e+02
1.28212736423693428e+02
1.29314295165677976e+02
1.29496108624697996e+02
1.29825074130692570e+02
1.30031854671103275e+02
1.30220647100500656e+02
1.30677606776844414e+02
1.30759282036128099e+02
1.30811199310713278e+02
1.30836137634273769e+02
1.30933711622612776e+02
1.31375655931123674e+02
1.31386233990590767e+02
1.31394739480985891e+02
1.31487093685933218e+02
1.31696164363511429e+02
1.31840253626343099e+02
1.31986499535788852e+02
1.32059675147762761e+02
1.33036173727013477e+02
1.33161464668083937e+02
1.33513012137369685e+02
1.33604334763775739e+02
1.33827894197698100e+02
1.33971706456856936e+02
1.34499444062171705e+02
1.34562878177835955e+02
1.34574422008056700e+02
1.34886539163367871e+02
1.35020429349029541e+02
1.35309126960675798e+02
1.35369085093180956e+02
1.36163603741672176e+02
1.36387879540096890e+02
1.36516892873487933e+02
1.36990462186624484e+02
1.37150955936510314e+02
1.37364156686381108e+02
1.37786640754613927e+02
1.38552039686536517e+02
1.38651171781182796e+02
1.38773293537448382e+02
1.39313571750394289e+02
1.39895555427483856e+02
1.39901742362415661e+02
1.40523870213814092e+02
1.41255969437470071e+02
1.41501917405004662e+02
1.41520938057988332e+02
1.41706444934740176e+02
1.41964431847300006e+02
1.42145831696353895e+02
1.42156005996339246e+02
1.42169853638322394e+02
1.42945102360037055e+02
1.43815645014968283e+02
1.43961355710311750e+02
1.44255446022595777e+02
1.44428296817456811e+02
1.44458065062367865e+02
1.44519654520242852e+02
1.44599940820400576e+02
1.44610095351263880e+02
1.44738107120216000e+02
1.44762336256920179e+02
1.44961882007162870e+02
1.44979554410436918e+02
1.45064139327830759e+02
1.45405586143438370e+02
1.45867653758260133e+02
1.46261972382789708e+02
1.46369124323469862e+02
1.46803164916120380e+02
1.46862376913881121e+02
1.46911850040622568e+02
1.47014362766332596e+02
1.47995907390682419e+02
1.48016106295126775e+02
1.48400560558713750e+02
1.48499565788014991e+02
1.48808790977035045e+02
1.49195613153979735e+02
1.49445819554894541e+02
1.51058151351474947e+02
1.51159213024255905e+02
1.51708222073809480e+02
1.51768787819695859e+02
1.52252001019460863e+02
1.52517651329926395e+02
1.52568021747990855e+02
1.52612435744954837e+02
1.52746954048229782e+02
1.53370664553715841e+02
1.53468943137369422e+02
1.53590415276677533e+02
1.53621008862639798e+02
1.53868963497606245e+02
1.53889171534196890e+02
1.54142598650189683e+02
1.54215191618047697e+02
1.54217379210738130e+02
1.54821763510846409e+02
1.54993725013366344e+02
1.55212614557701130e+02
1.55608475000697098e+02
1.55859005585757387e+02
1.55999633902171666e+02
1.56292049034526514e+02
1.56334627896920097e+02
1.56575803384055860e+02
1.56654054615301249e+02
1.56863233961084887e+02
1.56914407353368262e+02
1.57823074404894612e+02
1.57857421849378937e+02
1.57864796657726487e+02
1.58337257225166212e+02
1.58419479099064660e+02
1.58424795183252144e+02
1.58560970519587869e+02
1.58695980282043365e+02
1.58697691240635919e+02
1.59395190637320269e+02
1.59919186920714850e+02
1.59966836346752700e+02
1.60484545780904199e+02
1.60516247380931731e+02
1.60785000436846786e+02
1.61089275890797410e+02
1.61237516956043123e+02
1.61244596747277285e+02
1.61271275585331153e+02
1.61322444790760784e+02
1.62401313539864560e+02
1.63096748777995828e+02
1.63627500258475919e+02
1.64037082640320676e+02
1.64126898096503652e+02
1.64139864233818429e+02
1.65271524167667224e+02
1.65388152316938914e+02
1.65537476040853306e+02
1.65637150511742107e+02
1.65683422162166693e+02
1.65915404912287812e+02
1.66075559745055386e+02
1.66551888874014594e+02
1.66716988083990856e+02
1.66814209797632344e+02
1.66873716239559002e+02
1.66949889963363972e+02
1.67225043966478239e+02
1.67356242645910839e+02
1.67448229093808180e+02
1.67651930962602478e+02
1.67908640710185097e+02
1.68147210774753887e+02
1.68426699407962360e+02
1.68668850336381894e+02
1.68949575412666405e+02
1.68959312624997523e+02
1.69450626195611818e+02
1.69556380610236118e+02
1.70004404875338395e+02
1.70477387457138661e+02
1.70562580468340627e+02
1.70919955307873266e+02
1.70933806001433567e+02
1.72076523692906505e+02
1.72213233554281175e+02
1.72670893823010630e+02
1.72834308801357622e+02
1.72837051142857661e+02
1.72959015731666966e+02
1.73040077352537452e+02
1.73117401384919248e+02
1.73240198718111998e+02
1.73251373290014584e+02
1.73423513763535738e+02
1.73671434058379219e+02
1.73752772273870363e+02
1.73923593349043045e+02
1.74386030649527925e+02
1.74464471283455310e+02
1.74484689227540485e+02
1.75285834067171351e+02
1.75349901301804636e+02
1.75358698360873746e+02
1.76111702496047570e+02
1.76164945104509371e+02
1.76288421932652966e+02
1.76290900947437223e+02
1.77481983578732610e+02
1.77522368663785500e+02
1.77613151861219166e+02
1.77771164510578473e+02
1.77902514210218129e+02
1.78119414073847423e+02
1.78556487545390468e+02
1.78657282504529093e+02
1.78858866649166742e+02
1.78874362259620909e+02
1.78967602796254170e+02
1.79032061357393985e+02
1.79350861088116147e+02
1.79713279196480272e+02
1.79825593360340548e+02
1.80172347870741476e+02
1.80372503793882970e+02
1.80588670420390315e+02
1.80769018100453479e+02
1.80909662089181580e+02
1.81175331732804153e+02
1.81275561725000699e+02
1.81677729780416001e+02
1.81686550478452517e+02
1.81813543581825087e+02
1.82817402040932421e+02
1.82919966596825418e+02
1.83026604570224862e+02
1.83415634694823552e+02
1.83493302858048082e+02
1.83735475676654687e+02
1.84167035781223859e+02
1.84298516007255046e+02
1.84305939687908705e+02
1.84912762950589695e+02
1.85567086047308749e+02
1.85675810499583008e+02
1.85969691009906285e+02
1.86142069298187465e+02
1.86408641612378347e+02
1.86637130303063515e+02
1.87182072828360077e+02
1.87264410280095774e+02
1.87295249829148844e+02
1.87488648320593427e+02
1.87842770545829154e+02
1.87844167614737529e+02
1.87939886395986377e+02
1.87986619022481960e+02
1.88160476875647362e+02
1.88282699971587022e+02
1.88536114336944166e+02
1.88645157346133857e+02
1.88913251392043833e+02
1.89071350093363492e+02
1.89232584158450237e+02
1.90033489532760484e+02
1.90077379472000615e+02
1.90120184683882201e+02
1.90334324070078651e+02
1.90516420609170922e+02
1.91348099480965317e+02
1.91357551487195053e+02
1.91417029851302885e+02
1.91797979233163261e+02
1.91947849446559957e+02
1.91979080556702286e+02
1.92304065886834593e+02
1.92351906831422440e+02
1.92462044716718111e+02
1.92615757139576203e+02
1.92690930951586921e+02
1.93286219954150710e+02
1.93304315774135745e+02
1.93347247643452619e+02
1.93662198408004741e+02
1.93909776208104290e+02
1.94227706487468879e+02
1.94295099058739908e+02
1.94494794019902685e+02
1.94546273690940211e+02
1.95032294702124744e+02
1.95060124527443293e+02
1.95698925552867195e+02
1.96054291941773698e+02
1.96272843717982369e+02
1.96527863303518330e+02
1.96708385739619587e+02
1.97072174250851759e+02
1.97125420479970501e+02
1.97176458111547987e+02
1.97638824215149583e+02
1.98044503458292780e+02
1.98157340368757673e+02
1.98487546761827417e+02
1.98540713957401437e+02
1.98586930895778977e+02
1.99070615299051696e+02
1.99324557529614196e+02
1.99970664822729901e+02
2.00367765295186217e+02
2.00504303473406509e+02
2.00787380856493684e+02
2.01269900548370600e+02
2.01299348233338975e+02
2.01620434919183850e+02
2.01667068563648314e+02
2.01725080358931393e+02
2.01857012792149874e+02
2.01974066138332574e+02
2.02293383663503647e+02
2.02479013258787802e+02
2.02601665398633202e+02
2.03000680638409875e+02
2.03101814270160190e+02
2.03133508385731943e+02
2.03215908310904155e+02
2.03313774793269204e+02
2.03467923503062536e+02
2.03468620559743044e+02
2.03501347499927732e+02
2.03508456939974252e+02
2.03527764214797259e+02
2.03570599148695806e+02
2.04910399136988161e+02
2.04935142475922675e+02
2.05234922072883222e+02
2.05331056052381058e+02
2.05468926941795047e+02
2.05472749512644356e+02
2.05502977290847213e+02
2.06233212798289316e+02
2.06299944439051444e+02
2.06483362632092962e+02
2.06588790340133414e+02
2.06635174333680510e+02
2.06735000418224786e+02
2.07492822366174977e+02
2.07881904761579477e+02
2.07895118165349118e+02
2.07944944350258538e+02
2.08293813962810532e+02
2.08311092467343968e+02
2.08416408992783687e+02
2.08530749952104543e+02
2.08547235370193192e+02
2.08790863769327757e+02
2.08989935356843830e+02
2.09108353240085904e+02
2.09327872454333800e+02
2.10381000344274469e+02
2.10568173389003249e+02
2.11017076840791077e+02
2.11578822955251184e+02
2.11723718219292891e+02
2.11916842276966150e+02
2.12023354926637381e+02
2.12030507150019332e+02
2.12194354559379150e+02
2.12340763976741528e+02
2.12573423823175602e+02
2.12612933723903183e+02
2.12909464582176184e+02
2.13345373385235916e+02
2.13560264605553272e+02
2.14461818572960027e+02
2.14490482316460174e+02
2.14909135185789069e+02
2.14953459498347939e+02
2.15003255720594524e+02
2.15255671362327007e+02
2.15493900613511215e+02
2.15755393400023053e+02
2.15949507313763178e+02
2.16190104765389748e+02
2.16277868442578381e+02
2.16315932924035565e+02
2.16524022274365819e+02
2.16661439134572248e+02
2.16830630637902118e+02
2.16908580078122014e+02
2.17133103232488367e+02
2.17219715538573865e+02
2.17304333733555922e+02
2.17426017908453986e+02
2.17715556320815864e+02
2.18077707993677762e+02
2.18157988770149103e+02
2.18807734892460786e+02
2.19047267980514022e+02
2.19231800666281089e+02
2.19481262929351885e+02
2.19613478570010273e+02
2.19614534216919679e+02
2.19629851810564816e+02
2.19671628894747414e+02
2.19671960833612303e+02
2.19733551112173842e+02
2.19747615009531586e+02
2.19783352566669095e+02
2.19790557737051500e+02
2.19951828074356683e+02
2.20122307143785719e+02
2.20551013171491491e+02
2.21620336155627228e+02
2.21660855987489924e+02
2.21687295121675334e+02
2.22146037452784668e+02
2.22487942893692093e+02
2.22514292424100717e+02
2.22964738473329959e+02
2.23168437018851307e+02
2.23185553515136291e+02
2.23281583634493131e+02
2.23342191404547037e+02
2.23833312748573832e+02
2.24195257473849239e+02
2.24467800492804116e+02
2.24637226219838112e+02
2.24882494117791083e+02
2.25072603026541202e+02
2.25151793718197979e+02
2.25228402517743262e+02
2.25313892279236967e+02
2.25500314413294717e+02
2.26156909288432189e+02
2.26184845315256922e+02
2.26779019566441605e+02
2.27118116297570594e+02
2.27141503875601870e+02
2.27407825077251857e+02
2.27464206870938540e+02
2.27759945385529846e+02
2.27803018801284736e+02
2.27867383335612516e+02
2.27936176162432417e+02
2.28716874258538468e+02
2.28783805712428517e+02
2.28825751429548518e+02
2.29064455203966105e+02
2.29117593382548279e+02
2.29267670320622216e+02
2.29712746069161653e+02
2.29881949639983134e+02
2.29885292576311855e+02
2.30167588080906029e+02
2.30322629540431535e+02
2.30882431940149189e+02
2.30990843824353618e+02
2.31119158784670532e+02
2.31132649141882865e+02
2.31206039681979831e+02
2.31215925436778690e+02
2.31312191068186053e+02
2.31732467326376565e+02
2.32252843982226125e+02
2.32518045104476641e+02
2.32728200394855236e+02
2.32983940959924837e+02
2.33522203905898238e+02
2.33624106130645401e+02
2.33837329691411384e+02
2.33837907395327449e+02
2.33946812489194429e+02
2.34090328133570665e+02
2.34199729046766265e+02
2.34255949914678723e+02
2.34273602547332075e+02
2.34380643714275919e+02
2.35025129611012403e+02
2.35025617531624818e+02
2.35453902059121702e+02
2.35455446437392197e+02
2.36371285380283410e+02
2.36492109954682235e+02
2.36495068446481071e+02
2.36502657140494676e+02
2.36800196017529316e+02
2.36855318373630070e+02
2.36889134087249204e+02
2.36889399236657056e+02
2.37328780632237056e+02
2.37391589473114436e+02
2.37815602997116827e+02
2.38262244425320404e+02
2.38455601984247807e+02
2.38467593913566304e+02
2.38960558409787865e+02
2.39110657328056277e+02
2.39245183364741024e+02
2.39325219819988718e+02
2.39342688744505210e+02
2.39744249735949126e+02
2.39888320959422401e+02
2.39889925280529724e+02
2.40236273023677512e+02
2.40593606306881526e+02
2.40668081657111628e+02
2.40671234260192477e+02
2.40755134895211739e+02
2.40828540756614927e+02
2.40931349479216948e+02
2.40981550382876804e+02
2.41169363204946421e+02
2.41181289289781802e+02
2.41203434717708518e+02
2.41578620680240874e+02
2.42191137636850556e+02
2.42732891679698355e+02
2.42876511024296803e+02
2.43015082624357234e+02
2.43252120230219361e+02
2.43291641960853241e+02
2.43298086868662949e+02
2.43344899532365133e+02
2.43623969667212350e+02
2.43722252211070042e+02
2.43903323600985260e+02
2.44176299640457472e+02
2.44321589413997259e+02
2.44991533906476917e+02
2.45155975904615985e+02
2.45368914499895567e+02
2.45830439680809860e+02
2.46046960478763623e+02
2.46048008081344619e+02
2.46115736325301441e+02
2.46327192510268503e+02
2.46332191209485813e+02
2.46563745892062116e+02
2.46638947362064727e+02
2.46802897553060632e+02
2.47368341901966772e+02
2.47630213175702210e+02
2.47799613016806660e+02
2.48286377617265117e+02
2.48328862780018966e+02
2.48655391136221596e+02
2.48709376069216120e+02
2.48733396832967145e+02
2.48848356578836416e+02
2.49053097796878461e+02
2.49291880895898800e+02
2.49497200477051393e+02
2.49514467265751364e+02
2.49661606237357717e+02
2.49720990457126589e+02
2.49777637235758647e+02
2.50008184900938176e+02
2.50948325300438825e+02
2.51018146616483079e+02
2.51737376042298109e+02
2.52012013683413898e+02
2.52313500778461815e+02
2.53276913473474622e+02
2.53301532594757560e+02
2.53667362726551374e+02
2.53734929839960984e+02
2.53793827770449582e+02
2.53836479796327581e+02
2.54014636391541387e+02
2.54026139478995958e+02
2.54079347695116553e+02
2.54147456831027796e+02
2.54222355050082996e+02
2.54397593770922839e+02
2.54397790193242685e+02
2.54412689764867224e+02
2.54692793993716407e+02
2.54722785317446011e+02
2.54759033343170501e+02
2.54763289778120821e+02
2.54901793886707509e+02
2.55272578200005313e+02
2.55283056400320163e+02
2.55353557582939715e+02
2.55827892672984291e+02
2.55848774901861930e+02
2.55950481114674830e+02
2.56084345713577250e+02
2.56092259649793846e+02
2.56364339006976365e+02
2.56422762210247470e+02
2.56718100876250787e+02
2.57020876350811932e+02
2.57062475774800646e+02
2.57370145732126502e+02
2.57605615683780570e+02
2.58110904160264226e+02
2.58185738824690020e+02
2.58208400203335145e+02
2.58321517440746220e+02
2.58358591494344523e+02
2.58934545872769604e+02
2.59082702302769349e+02
2.59172808129588020e+02
2.59465822316231083e+02
2.59853233313897704e+02
2.60051351414083115e+02
2.60152814710522762e+02
2.60242540230981717e+02
2.60732250979740456e+02
2.60742673703901573e+02
2.61463003939553005e+02
2.61580267045167375e+02
2.61644415084881416e+02
2.61812952677904718e+02
2.61880183360871342e+02
2.62333458629760571e+02
2.62525327752491421e+02
2.62575960344256828e+02
2.62917036807471845e+02
2.63041192325230554e+02
2.63435894296374727e+02
2.63779860937518038e+02
2.63853090363742012e+02
2.63934283168198817e+02
2.64101404923304813e+02
2.64121845658868438e+02
2.64123634687051890e+02
2.64152554603450085e+02
2.64330630553447008e+02
2.64334905837055203e+02
2.64470618277190056e+02
2.64607096523239647e+02
2.64738955159715488e+02
2.65418494960911403e+02
2.65716188935484752e+02
2.65823796465596729e+02
2.65854018500656935e+02
2.65951260106618406e+02
2.65957424044281765e+02
2.66931547660888214e+02
2.66976032197051040e+02
2.67032762820193398e+02
2.67239407974048390e+02
2.67253987581965362e+02
2.67308744779138578e+02
2.67442272986750368e+02
2.67568897851147653e+02
2.67760720512980015e+02
2.68244291949810076e+02
2.68257771935241749e+02
2.68849433828772248e+02
2.68860289240265843e+02
2.68970984931187331e+02
2.69020231862618175e+02
2.69725078511676429e+02
2.70340167419449926e+02
2.70459498456716346e+02
2.70544960638729776e+02
2.70697206308057844e+02
2.70738603846578485e+02
2.70834382732213953e+02
2.71009733236824331e+02
2.71014567707577157e+02
2.71065186855196089e+02
2.71084797311461557e+02
2.71225431348340180e+02
2.72092902502378251e+02
2.72166946634964802e+02
2.72466155445338245e+02
2.72517208773069115e+02
2.72560124552916250e+02
2.72804106527002659e+02
2.72811349125821607e+02
2.72900907230423400e+02
2.72903890554541704e+02
2.73114886876798323e+02
2.73531671339550485e+02
2.73628148550079118e+02
2.73649700857065568e+02
2.73998816186449062e+02
2.74021845894967214e+02
2.74033441880216628e+02
2.74096253343381932e+02
2.74610473001158880e+02
2.74800045755579390e+02
2.75085887590881043e+02
2.75275032388756244e+02
2.75427787576259561e+02
2.75430506335002633e+02
2.75433672341326883e+02
2.75579357030802498e+02
2.75993315623559624e+02
2.76044537355007151e+02
2.76113533909057537e+02
2.76294109600128763e+02
2.76835305288182212e+02
2.77329250047890696e+02
2.77615164958634637e+02
2.77749209662425415e+02
2.77808838717201638e+02
2.78459914560618586e+02
2.78880970822095378e+02
2.78909831136358207e+02
2.79017113391058388e+02
2.79114226535974126e+02
2.79167793389527219e+02
2.79177759867495752e+02
2.79262833644467946e+02
2.79313801363964103e+02
2.80028704939993759e+02
2.80121320945708248e+02
2.80212481919470747e+02
2.80448643466877911e+02
2.80535629788826441e+02
2.80671339794030132e+02
2.80798949556952721e+02
2.80827585352810956e+02
2.81024983288114527e+02
2.81251124777973132e+02
2.81637659782730339e+02
2.81907186780583629e+02
2.82225880387867051e+02
2.82307536491322026e+02
2.82313100457979431e+02
2.82408629597301569e+02
2.82411194696549501e+02
2.82472764804237499e+02
2.82510250688945462e+02
2.82979772826252315e+02
2.83120939986062695e+02
2.83507792975465350e+02
2.83523229812198792e+02
2.83726783479720666e+02
2.83798073362441414e+02
2.84169166867589297e+02
2.84265447997818796e+02
2.84275652246617710e+02
2.84576773972284059e+02
2.84827334094407775e+02
2.84903882009418794e+02
2.84993572073275800e+02
2.85239042078340503e+02
2.85419104011611466e+02
2.85762581683837880e+02
2.85843809360533783e+02
2.86008894401277530e+02
2.86417402313686011e+02
2.86828166058694364e+02
2.86900086362083584e+02
2.86918425736891209e+02
2.86978618260021108e+02
2.87363646164853094e+02
2.87459256967312626e+02
2.87460782819775432e+02
2.87816671695913442e+02
2.88358052588797364e+02
2.88514300220704513e+02
2.88523356535264838e+02
2.88693992985098816e+02
2.88920334871121668e+02
2.89246606512693916e+02
2.89274821411041103e+02
2.89309880105330194e+02
2.89539677660654888e+02
2.89584255546396435e+02
2.89705542420274355e+02
2.89745835682629604e+02
2.89868617994511737e+02
2.90298933934361685e+02
2.90331160490646653e+02
2.90762993778228292e+02
2.90768403415652870e+02
2.90953177782239550e+02
2.91085159606396019e+02
2.91426121241091664e+02
2.91652566676859124e+02
2.91750261406231857e+02
2.91830253706691451e+02
2.91945350655920151e+02
2.91962615792743122e+02
2.92245681505749758e+02
2.93505411755069645e+02
2.93845446491883763e+02
2.93939703790985050e+02
2.94126947117105487e+02
2.94511534026843719e+02
2.94547766566315659e+02
2.94602922927411669e+02
2.94607635110530168e+02
2.94618929831427749e+02
2.94680830899607486e+02
2.94855071960034707e+02
2.95345498761678755e+02
2.95458665142905261e+02
2.95533389717600812e+02
2.95608714157172585e+02
2.95752304444533365e+02
2.95887242958451566e+02
2.95941426527688805e+02
2.95964763689960023e+02
2.95974619778494912e+02
2.96255085463313094e+02
2.96396259258580130e+02
2.96553199323468561e+02
2.96577345211340457e+02
2.96629675433034095e+02
2.96708155689339151e+02
2.96816777119723383e+02
2.96922108472005220e+02
2.97256257444735070e+02
2.97672759857909341e+02
2.97911327414160269e+02
2.97916562548656316e+02
2.97941519127828542e+02
2.98309321425986582e+02
2.98660678662998748e+02
2.98933932850304359e+02
2.99114620914966849e+02
2.99727210223012662e+02
2.99767579182748477e+02
2.99805930889592219e+02
2.99870545245821631e+02
2.99971875969435928e+02
2.99998247986633714e+02
3.00090810308620917e+02
3.00269463752669822e+02
3.00279018948000612e+02
3.00390343181872140e+02
3.00517561480167046e+02
3.00758575461428677e+02
3.00996870912672648e+02
3.01312577432308672e+02
3.01805955169653089e+02
3.02298151223214290e+02
3.02300165182381988e+02
3.02442041639593867e+02
3.02450795946405492e+02
3.02949396778628170e+02
3.03289002664188729e+02
3.03345585182318246e+02
3.03361406464801007e+02
3.03362676274978867e+02
3.03514722193441116e+02
3.03759425118301237e+02
3.03903175858743452e+02
3.04021859329857193e+02
3.04430544347287196e+02
3.04700666206926599e+02
3.05323241878128442e+02
3.05382011284832402e+02
3.05397506245533236e+02
3.05455330508846828e+02
3.05465611937725043e+02
3.05473927569951570e+02
3.05666056882396560e+02
3.05851833550357696e+02
3.05959036139846830e+02
3.06400527666048561e+02
3.06482866677727770e+02
3.06507550998251872e+02
3.06549521076165320e+02
3.06701801703848218e+02
3.06714926416716480e+02
3.06781323257037570e+02
3.06842851993271779e+02
3.07218795981300332e+02
3.07248659730395616e+02
3.07305110099874469e+02
3.07565049745920192e+02
3.07598109738184917e+02
3.07683939259631188e+02
3.07719460280942712e+02
3.07995640490477285e+02
3.08505844782787449e+02
3.08574016447708914e+02
3.08881622621217048e+02
3.09115320494801836e+02
3.09335800784720959e+02
3.10753825759603387e+02
3.11142015420602320e+02
3.11210731873981331e+02
3.11485717973862393e+02
3.11993449735557306e+02
3.11996102806872955e+02
3.12100641365397792e+02
3.12209514404279844e+02
3.12263355465454083e+02
3.12268928234009309e+02
3.12542074945906052e+02
3.12702311740835626e+02
3.12912662642053192e+02
3.13010737863353143e+02
3.13016068738665012e+02
3.13086889528338929e+02
3.13703348469894649e+02
3.13724817823952435e+02
3.13775391185133685e+02
3.14040683556044769e+02
3.14094325382442662e+02
3.14099232941279638e+02
3.14289554733355999e+02
3.14445129278057948e+02
3.14641271805774181e+02
3.14750891151397923e+02
3.14757617765204486e+02
3.15353701149507742e+02
3.15371242574154394e+02
3.15423602951652924e+02
3.15625544325974488e+02
3.15716019004446593e+02
3.15769430187129728e+02
3.15825938973860616e+02
3.15825999902371223e+02
3.16503142604358231e+02
3.16774268301803659e+02
3.16872642817114865e+02
3.16881558585355947e+02
3.16973568101243018e+02
3.17152038669194781e+02
3.17535482465846258e+02
3.17574749646137661e+02
3.17744308651181314e+02
3.17913520305870065e+02
3.17917316142559685e+02
3.18120837987428558e+02
3.18197206505154668e+02
3.18434784444920638e+02
3.18714516175015092e+02
3.18994021362223293e+02
3.19108099064851103e+02
3.19143941770174024e+02
3.19216208707086935e+02
3.19216347261560259e+02
3.19300753724778815e+02
3.19550377315961100e+02
3.19618000698444575e+02
3.20128621269749146e+02
3.20256575132869557e+02
3.20383621949784811e+02
3.20401530544261618e+02
3.20417392794965167e+02
3.21357940199789596e+02
3.21366598149526112e+02
3.21390297938491472e+02
3.21503453719026766e+02
3.21663070632741324e+02
3.21683839852926894e+02
3.21856676200912261e+02
3.22218653573019424e+02
3.22409520744336078e+02
3.22715056732218727e+02
3.22857021964658315e+02
3.22909071484839728e+02
3.22978625759507963e+02
3.22993248627648541e+02
3.23210283798180626e+02
3.23462474943402299e+02
3.23868553612403957e+02
3.23969750293065431e+02
3.24088661632185335e+02
3.24783052415237989e+02
3.24858738499147194e+02
3.24887338764616175e+02
3.24948036867111114e+02
3.24971508611062291e+02
3.25001412699529965e+02
3.25008840835154956e+02
3.25148163872166378e+02
3.25371645793245193e+02
3.25412989687288018e+02
3.25521195911944687e+02
3.25683077527978526e+02
3.26059877931443452e+02
3.26444977184952791e+02
3.26799562980488759e+02
3.26800791005307815e+02
3.26903236796632768e+02
3.27118238372315659e+02
3.27134303122288770e+02
3.27361716615517025e+02
3.27594512994736078e+02
3.27616719847854142e+02
3.28047153902967352e+02
3.28116935358021919e+02
3.28363779459217994e+02
3.28366269238423229e+02
3.28707886105418311e+02
3.29886301140708724e+02
3.29896974853284178e+02
3.29931047351494385e+02
3.29942653086805649e+02
3.30201457009933620e+02
3.30396751375460553e+02
3.30413749762168322e+02
3.30450633465688384e+02
3.30865919071316739e+02
3.30870503841232562e+02
3.31152944816340437e+02
3.31272200819110708e+02
3.31629672919976770e+02
3.31635772044050782e+02
3.31792905233302804e+02
3.31826172882420565e+02
3.31940444794864788e+02
3.32164889837333135e+02
3.32323691217633268e+02
3.32340809114322496e+02
3.32699326967817456e+02
3.32775386631197193e+02
3.32801936649874392e+02
3.33089600439898845e+02
3.33331096689090487e+02
3.33440271197393827e+02
3.33551501911345781e+02
3.33585875129511237e+02
3.33713468781694132e+02
3.33826268504662266e+02
3.34077349648366635e+02
3.34085638416542793e+02
3.34213458255235651e+02
3.34581571436058653e+02
3.34987824125424027e+02
3.35006035830984274e+02
3.35034096583813380e+02
3.35422715528733306e+02
3.35505435882078359e+02
3.35715578842769901e+02
3.35946739969027135e+02
3.35990215432550485e+02
3.36103161756892177e+02
3.36145322670355768e+02
3.36157892963230665e+02
3.36208322576146429e+02
3.36312836496176487e+02
3.36398578225283359e+02
3.36771844561349667e+02
3.36809747113170260e+02
3.37219910230743835e+02
3.38054501649670783e+02
3.38255561446072647e+02
3.38270962547433669e+02
3.38392471245030265e+02
3.38423486037444036e+02
3.38612173349036880e+02
3.38651347287867679e+02
3.39010476239830950e+02
3.39393642244054718e+02
3.39617546646280971e+02
3.39640377977129788e+02
3.39778966969885687e+02
3.39820435491075273e+02
3.40248258182381619e+02
3.40370666363914324e+02
3.40491430574763399e+02
3.40855890112989869e+02
3.41021117865157862e+02
3.41309870304549577e+02
3.41500481975161051e+02
3.41910942264602795e+02
3.42143500892121210e+02
3.42355767112447779e+02
3.42468546748466679e+02
3.42545717532184881e+02
3.43068633839094559e+02
3.43069883915884930e+02
3.43108033194545897e+02
3.43258402270043575e+02
3.43286148318092387e+02
3.43502582835746807e+02
3.43609117018985671e+02
3.43637195544806787e+02
3.43695339578209087e+02
3.43844937690304278e+02
3.43957997018667584e+02
3.44217554345085205e+02
3.44223303828861845e+02
3.44522375255007205e+02
3.44884013881656415e+02
3.45108652100154927e+02
3.45153118592422743e+02
3.45180600127359753e+02
3.45313234030945750e+02
3.45315562734345008e+02
3.45360310607219390e+02
3.45394852397452951e+02
3.45539639419335799e+02
3.45578626003024624e+02
3.45844298208577698e+02
3.46054744411592310e+02
3.46216043396989903e+02
3.46615240688419362e+02
3.46625482149098048e+02
3.46717954403987619e+02
3.47018414780466628e+02
3.47119092181622364e+02
3.47315669655522584e+02
3.47481035582588220e+02
3.47513303357438303e+02
3.47730961169360057e+02
3.48230445237693857e+02
3.48234713579944582e+02
3.48357548426690528e+02
3.48453360969227560e+02
3.48482063337807062e+02
3.48553197531638716e+02
3.48633925983995937e+02
3.48772782399423591e+02
3.49328292849282207e+02
3.49523213084640247e+02
3.49873475888054486e+02
3.49925665528183799e+02
3.50159293583447948e+02
3.50240992658094569e+02
3.50506876916469309e+02
3.50621716471273544e+02
3.50742433277030500e+02
3.50922799847196984e+02
3.51065080134765594e+02
3.51098329574952800e+02
3.51442748335512533e+02
3.51517330884249077e+02
3.51790146783886939e+02
3.51814383905850605e+02
3.51891130643703036e+02
3.52042757279714010e+02
3.52050741805098710e+02
3.52298821345209490e+02
3.52834797362538666e+02
3.52915183866055031e+02
3.53044197890790997e+02
3.53145236649140202e+02
3.53196693639728892e+02
3.53341430252229884e+02
3.53526905131863487e+02
3.53537148385390424e+02
3.53678025746639264e+02
3.53866216010800258e+02
3.53993019461697145e+02
3.54331575125774066e+02
3.54633981294843011e+02
3.54748046018607852e+02
3.54801389181330364e+02
3.54808780719258948e+02
3.54973168943797532e+02
3.55043503889567887e+02
3.55691854326057864e+02
3.55714295408538078e+02
3.55913816186324993e+02
3.56162364599691841e+02
3.56178901792197621e+02
3.56391035190750699e+02
3.56397831286168298e+02
3.56654353367032627e+02
3.56669078701984972e+02
3.56845721852755446e+02
3.56980081372538848e+02
3.57406681656107821e+02
3.57461709235485046e+02
3.57781898542511044e+02
3.57903419833446264e+02
3.58248991445571619e+02
3.58303334012775508e+02
3.58547930247119325e+02
3.58800318820315056e+02
3.59685935482932678e+02
3.59688797399472833e+02
3.59795568722757366e+02
3.59803931101121179e+02
3.60204101984988824e+02
3.60205272600867147e+02
3.60243818102346950e+02
3.60477883582701793e+02
3.60622834439785038e+02
3.60870525737996104e+02
3.60963251057467119e+02
3.61118517819646627e+02
3.61799935783599267e+02
3.61994318337733603e+02
3.62052205779148949e+02
3.62109915683801205e+02
3.62260389577200613e+02
3.62293005608269482e+02
3.62544244880976748e+02
3.62847286967497894e+02
3.62849457844410040e+02
3.63069154210243710e+02
3.63224096345992507e+02
3.63237716703831438e+02
3.63264367250591363e+02
3.63389810116787544e+02
3.63525898664515012e+02
3.63739994619308959e+02
3.63808894579126218e+02
3.63872663053588667e+02
3.63917399869249607e+02
3.64220124847984039e+02
3.64683375034021992e+02
3.64916501283716570e+02
3.65062058857100965e+02
3.65708007491572630e+02
3.65731819953959530e+02
3.65754172345733423e+02
3.66045705147682952e+02
3.66110957625975630e+02
3.66243328266945127e+02
3.66317536797220782e+02
3.66321602639398861e+02
3.66521960355982173e+02
3.66639371894185388e+02
3.67143517463632520e+02
3.67301229299356123e+02
3.67405060635557220e+02
3.67561868720629832e+02
3.67614300518809728e+02
3.67857118660130027e+02
3.68033685167725025e+02
3.68181295263998663e+02
3.68267858803239278e+02
3.68339646027238246e+02
3.68596575276239378e+02
3.68785763327647260e+02
3.68862898131121028e+02
3.69196572763815652e+02
3.69330706399707992e+02
3.69474115062289684e+02
3.69508524884025519e+02
3.70051400194551093e+02
3.70381798857582567e+02
3.70536723690304825e+02
3.70564177223429965e+02
3.70571761749860229e+02
3.70726101628824608e+02
3.70747002844036729e+02
3.70762644595464849e+02
3.70864249286455333e+02
3.70871037515974876e+02
3.70907661864708530e+02
3.71048089878690917e+02
3.71146458046980683e+02
3.71366502433023925e+02
3.71389453931550065e+02
3.71396503427290668e+02
3.71555605943104524e+02
3.71640191653808074e+02
3.71712726267119024e+02
3.71743230303247060e+02
3.71750702896259099e+02
3.71919853494340032e+02
3.72506802455954926e+02
3.72671698757238460e+02
3.72920045951571410e+02
3.73009258832593787e+02
3.73057627996243468e+02
3.73154302980687930e+02
3.73561785763310127e+02
3.73854019453929823e+02
3.73913023244262490e+02
3.74089904697227098e+02
3.74175773676897279e+02
3.74371187516598638e+02
3.74498124775679912e+02
3.74799189623083407e+02
3.75116908433860885e+02
3.75389426540635441e+02
3.75393203048595979e+02
3.75529661225937161e+02
3.75530245114375020e+02
3.75624283024188912e+02
3.76182591053833789e+02
3.76261926602919971e+02
3.76441811620192539e+02
3.76724509264326002e+02
3.76859663312548946e+02
3.77185730312288115e+02
3.77255445899386586e+02
3.77274064981879633e+02
3.77517750841624888e+02
3.77622556932644216e+02
3.77717568504068481e+02
3.77775342921998572e+02
3.77849234587437650e+02
3.77916283178742788e+02
3.77917375873842843e+02
3.78219847909705209e+02
3.78379317356820934e+02
3.78603768356654655e+02
3.79374236943519804e+02
3.79514697182531563e+02
3.79886563277843948e+02
3.80033079278606351e+02
3.80071625590137955e+02
3.81066956338648993e+02
3.81068919710893169e+02
3.81073589702779714e+02
3.81145304011162125e+02
3.81355515933915285e+02
3.81531807394315479e+02
3.81589534123658723e+02
3.81631622663201142e+02
3.81716859959229737e+02
3.81777114247601958e+02
3.81998178297715071e+02
3.82002190990154531e+02
3.82101968806977311e+02
3.82110087012457257e+02
3.82455188727310201e+02
3.82552232159535947e+02
3.82585924556223063e+02
3.82646527742573539e+02
3.82688919459834551e+02
3.82969424447800748e+02
3.83039666972537248e+02
3.83332064756678278e+02
3.83584790322451568e+02
3.83595321133930497e+02
3.83725110587435211e+02
3.83949732658061407e+02
3.83989583240035358e+02
3.84016549735077660e+02
3.84241495481486709e+02
3.84572129868498450e+02
3.84608332738314402e+02
3.84886693693628786e+02
3.84971379742325325e+02
3.84975287034637972e+02
3.85071293549066240e+02
3.85242089353276242e+02
3.85278656396959605e+02
3.85452233048297330e+02
3.86471467983109960e+02
3.86532531981091665e+02
3.86582725817723940e+02
3.86606516035502978e+02
3.86824708753645155e+02
3.86858632517310980e+02
3.87528575437846257e+02
3.88026789939492915e+02
3.88080081540786182e+02
3.88157557649819637e+02
3.88656828865813736e+02
3.89155961883750592e+02
3.89245211405064197e+02
3.89484978905127832e+02
3.89556939762006323e+02
3.89616760932988882e+02
3.89784650935610784e+02
3.89789874631473708e+02
3.90265042263616465e+02
3.90286110466307832e+02
3.90600334896856225e+02
3.90654605879434143e+02
3.90766926514146007e+02
3.90775980317076687e+02
3.91018628443889952e+02
3.91148434771961661e+02
3.91236434991559577e+02
3.91243251309516040e+02
3.91281588069700319e+02
3.91316382523764332e+02
3.91364794503660733e+02
3.91678814918779153e+02
3.91770200594138828e+02
3.91859725358622086e+02
3.92168870152436170e+02
3.92422643821017004e+02
3.92660466367692834e+02
3.92796484019458148e+02
3.93045458593069156e+02
3.93163177271034783e+02
3.93197931874244432e+02
3.93230517967277365e+02
3.93379105511533567e+02
3.93395248958488537e+02
3.93427452290114616e+02
3.93427998150663598e+02
3.93483759384815471e+02
3.93779596056752439e+02
3.94005711584599567e+02
3.94016681984995671e+02
3.94321308764168748e+02
3.94341307340290086e+02
3.94388414428735132e+02
3.94481707221066245e+02
3.94498052578460602e+02
3.94826199740479296e+02
3.95006857740752594e+02
3.95024038404802354e+02
3.95096529356725341e+02
3.95228207564350896e+02
3.95753018458642828e+02
3.95887741410769308e+02
3.96116773726244901e+02
3.96280081759096333e+02
3.96281163249787483e+02
3.96480898550772508e+02
3.96522723613266749e+02
3.97431874369093293e+02
3.97452669837210919e+02
3.97749237256336414e+02
3.97985583908765420e+02
3.98094186008428210e+02
3.98263426854177624e+02
3.98381080603816599e+02
3.98547903278813465e+02
3.98601497198768243e+02
3.99489857748407417e+02
3.99581004197667085e+02
3.99634422949183204e+02
3.99806128483507564e+02
3.99862161341611682e+02
3.99864142022728288e+02
4.00003114421528835e+02
4.00185951545532589e+02
4.00279082883014325e+02
4.00315271379727733e+02
4.00563689294976029e+02
4.00798375122721382e+02
4.00858728165766365e+02
4.01301285909067360e+02
4.01383949353300181e+02
4.01398919564551306e+02
4.01439135430983470e+02
4.01445073159581625e+02
4.01462082629813267e+02
4.02032507815168628e+02
4.02054908174149205e+02
4.02198358104326644e+02
4.02301428097369012e+02
4.02371003580453021e+02
4.02634398615530131e+02
4.02701353232041242e+02
4.02740880282651005e+02
4.02768773799584324e+02
4.03009025409715605e+02
4.03260898755234052e+02
4.03467829339619470e+02
4.03865735634832845e+02
4.03872134286757159e+02
4.04103242335042637e+02
4.04149244055514487e+02
4.04168066961033560e+02
4.04380440736487458e+02
4.05035919190962090e+02
4.05182994472439532e+02
4.05385324117066602e+02
4.05423687056473682e+02
4.05653479787794936e+02
4.05664432866753373e+02
4.05679155630204150e+02
4.06121420652983261e+02
4.06195480384924281e+02
4.06356321236308077e+02
4.06490786437203155e+02
4.06504633737748350e+02
4.06607225610227715e+02
4.06669632295980705e+02
4.06711726841095242e+02
4.07118961177883534e+02
4.07179865865635293e+02
4.07314916970087893e+02
4.07426399026341983e+02
4.07608751208466856e+02
4.08216689672495249e+02
4.08218186117267464e+02
4.08257424379559893e+02
4.08614429796661852e+02
4.08741646240087448e+02
4.08794802705397387e+02
4.09372342842669468e+02
4.09372614791351566e+02
4.09392315237563025e+02
4.09418480657223881e+02
4.09419578657135389e+02
4.09448330493516664e+02
4.09789108183935014e+02
4.09805071192261039e+02
4.09838653973374107e+02
4.10117329771467212e+02
4.10575317524607954e+02
4.10682746097871473e+02
4.11120922262785712e+02
4.11198493703802910e+02
4.11302162067700351e+02
4.11323458997277044e+02
4.11354371500898651e+02
4.11503053319356241e+02
4.11565666195357494e+02
4.11657136878212555e+02
4.11673131358086607e+02
4.11755688080666800e+02
4.11947406199947977e+02
4.11947936421118357e+02
4.12072086895896859e+02
4.12180475961860111e+02
4.12255873915290294e+02
4.12417215846890031e+02
4.12541625455062217e+02
4.12683399739397487e+02
4.13028692647599541e+02
4.13102781709607143e+02
4.13392503579039385e+02
4.13412954910510621e+02
4.13563083031949304e+02
4.13969272293526501e+02
4.14139140507338539e+02
4.14307371618716957e+02
4.14621225919461722e+02
4.14700389879545241e+02
4.14732115206048547e+02
4.14855979057751370e+02
4.15225012247762834e+02
4.15225865495412904e+02
4.15309687154477615e+02
4.15378137988068602e+02
4.15436676825674681e+02
4.15681290812198995e+02
4.15819142839611004e+02
4.15833925579561878e+02
4.15903367280882094e+02
4.16133386494954038e+02
4.16195992611524844e+02
4.16458967811291245e+02
4.17010215029095889e+02
4.17341394314659965e+02
4.17344792786862058e+02
4.17706365543311904e+02
4.18521389658654471e+02
4.18995441860361780e+02
4.19050969261706996e+02
4.19221989175765998e+02
4.19615750546255299e+02
4.20238397882914455e+02
4.20525929846040640e+02
4.20546218985005567e+02
4.20558983438496853e+02
4.20584705641105302e+02
4.20645982435971518e+02
4.20770114615909733e+02
4.21018064538157319e+02
4.21077850275497099e+02
4.21237247046785342e+02
4.21488759710046565e+02
4.21577474323270280e+02
4.21734737278216244e+02
4.21833569227471344e+02
4.22115548911791620e+02
4.22207326401001410e+02
4.22297578973714053e+02
4.22507219157739769e+02
4.22804976493270146e+02
4.23048239796409462e+02
4.23069138924157755e+02
4.23483414214041090e+02
4.23589847380601782e+02
4.23592245540347335e+02
4.23598118845570752e+02
4.23775236122710794e+02
4.23860447269299470e+02
4.24098648129284243e+02
4.24131752227891525e+02
4.24207358745056240e+02
4.24293742735589035e+02
4.24371135642835725e+02
4.24381608152838567e+02
4.24718233636485138e+02
4.24868965982180271e+02
4.24882415242838988e+02
4.24937967741992566e+02
4.24951676567691038e+02
4.25372497070042641e+02
4.25484666545833761e+02
4.25566248849962562e+02
4.25855662851374291e+02
4.25880089416278338e+02
4.26043421691879644e+02
4.26136844799284859e+02
4.26174142400943310e+02
4.26187175554959026e+02
4.26190605055503852e+02
4.26505550344497351e+02
4.26647026286438518e+02
4.27063421626017202e+02
4.27124975049254658e+02
4.27403404627609802e+02
4.27705759874360751e+02
4.27835168523388916e+02
4.27914808058011431e+02
4.28060594296391400e+02
4.28060853169321376e+02
4.28154900639441962e+02
4.28309809212960545e+02
4.28450976129507353e+02
4.28895624937534194e+02
4.28902004554416294e+02
4.29008208526862290e+02
4.29222521201080895e+02
4.29290500274251599e+02
4.29392178496400106e+02
4.29668883993189979e+02
4.29873927180420083e+02
4.30135021305165878e+02
4.30187802477770560e+02
4.30241889450930330e+02
4.30244515480955215e+02
4.30346615707151386e+02
4.30377476723261339e+02
4.30470130311324397e+02
4.30724911770202311e+02
4.31023929475123282e+02
4.31025562338750206e+02
4.31050011060879456e+02
4.31050623915054530e+02
4.31069121746838960e+02
4.31161042509651452e+02
4.31399076020104985e+02
4.31757795125591429e+02
4.31885721126643944e+02
4.32368745687291721e+02
4.32565959162090167e+02
4.32816098643823921e+02
4.32835339922838330e+02
4.32907578223616042e+02
4.32937471421816099e+02
4.33496990503629036e+02
4.33741478698881110e+02
4.34056903446446881e+02
4.34193508630623228e+02
4.34270125149019236e+02
4.34767638678803451e+02
4.34923587169966481e+02
4.35107777043475721e+02
4.35319679546951193e+02
4.35474817847166264e+02
4.35595463403857025e+02
4.35783461536367781e+02
4.35902942718678673e+02
4.35909062307500790e+02
4.36079230251169406e+02
4.36138172025219774e+02
4.36284406486540433e+02
4.36617678486929208e+02
4.36665844985953754e+02
4.36915833766793412e+02
4.36934414635038593e+02
4.37390267574972086e+02
4.37573455399056456e+02
4.37607226717557637e+02
4.37640108575520230e+02
4.37686980315286519e+02
4.38023521219090185e+02
4.38179376242423473e+02
4.38290034260533162e+02
4.38432483824695282e+02
4.38564366230669407e+02
4.38616573674318943e+02
4.38667059936100031e+02
4.38838905208295046e+02
4.39036181424932465e+02
4.39149418616641583e+02
4.39311204834343016e+02
4.39385588410601599e+02
4.39571584321600199e+02
4.39574421048224963e+02
4.39634148719893233e+02
4.40428870837493150e+02
4.40499360842785904e+02
4.40667119931419165e+02
4.41063439467216654e+02
4.41087519806633168e+02
4.41129701025816530e+02
4.41182327347010187e+02
4.41357633922753053e+02
4.41607067186088898e+02
4.41756731923161624e+02
4.42396164890709997e+02
4.42404553123704886e+02
4.42404949819013495e+02
4.42436996552447908e+02
4.42708134265691456e+02
4.42767828090287139e+02
4.42819782872919632e+02
4.42833766656496323e+02
4.42904319745919906e+02
4.43041498514486193e+02
4.43321552191916339e+02
4.43350034447974167e+02
4.43628845925019959e+02
4.43759981499384935e+02
4.43859913980583656e+02
4.43913797652346716e+02
4.44215116385264082e+02
4.44612419356594842e+02
4.44612549364719598e+02
4.44757807277035681e+02
4.44766025292244990e+02
4.44816792558392876e+02
4.45066474700513368e+02
4.45120292180629463e+02
4.45141860468503296e+02
4.45343278730157976e+02
4.45356899801352711e+02
4.45402989971289685e+02
4.46147494969163176e+02
4.46459770287141737e+02
4.46842399467484711e+02
4.47294701870265953e+02
4.47328651968950680e+02
4.47328928225605978e+02
4.47491855350124865e+02
4.47528097619179221e+02
4.47579844190336530e+02
4.47785448398933909e+02
4.47943656976964576e+02
4.48018464445278596e+02
4.48150735967869423e+02
4.48240372976211347e+02
4.48244703913308740e+02
4.48284878797329043e+02
4.48358377126516530e+02
4.48616432912246637e+02
4.48691158835027977e+02
4.49090903722586404e+02
4.49187014078383186e+02
4.49244973325188766e+02
4.49381334831165191e+02
4.49496242907206351e+02
4.49585364770590672e+02
4.49642556036274755e+02
4.49840004168387281e+02
4.49869257410567798e+02
4.50129153498296660e+02
4.50393530116961188e+02
4.51231219640107838e+02
4.51271522379011799e+02
4.51416703094564582e+02
4.51721095513536397e+02
4.51724292806106519e+02
4.51891987789385098e+02
4.51988494823714632e+02
