5.27098259181313544e+00
7.85556042845776492e+00
1.00039488583067051e+01
1.11618991712899689e+01
1.33521985636844249e+01
1.43248199550801765e+01
1.52234841822355875e+01
1.66880667837668213e+01
1.73672927334088953e+01
1.81721185607446003e+01
2.00556270061907114e+01
2.09006284191546641e+01
2.09305801485721474e+01
2.20719761119297146e+01
2.26760017260552686e+01
2.53142382016276528e+01
2.54824303908179957e+01
2.56591618297493724e+01
2.57791195840595435e+01
2.74782326874230094e+01
2.78660045921299186e+01
2.84923315998236291e+01
2.92238430883683975e+01
3.04080670797795136e+01
3.06643724079944917e+01
3.13549257924285527e+01
3.20221844792570778e+01
3.35894087913329287e+01
3.37219348167858541e+01
3.37637971562977839e+01
3.45410660345241922e+01
3.58423325506199433e+01
3.61570344851712946e+01
3.64974623905741637e+01
3.73727342047684274e+01
3.76584177316310047e+01
3.91207045906011288e+01
3.92267008258160885e+01
3.95911958492464251e+01
4.03837912413028448e+01
4.04020919010671236e+01
4.04828512907265718e+01
4.18199643783433004e+01
4.25852675005401906e+01
4.29970583972886899e+01
4.33037913918150039e+01
4.47214137823771338e+01
4.53361039963488608e+01
4.61258279425113429e+01
4.69201284709963602e+01
4.70702211057130668e+01
4.76001727696870347e+01
4.77335918307316618e+01
4.79077907000187366e+01
4.79801780545943686e+01
4.81949094557121143e+01
4.84434750801304830e+01
4.97133782481636288e+01
4.98592543579551588e+01
5.01732837075390208e+01
5.09336278881247537e+01
5.20653955488415718e+01
5.25779092409780944e+01
5.33478942541905425e+01
5.42252847034835028e+01
5.43218825753279688e+01
5.46701042228929168e+01
5.50465884828406971e+01
5.53800625842427721e+01
5.57332747133742288e+01
5.58141027686331412e+01
5.60945523693105699e+01
5.70591877010379918e+01
5.75586185675471782e+01
5.78483138092536606e+01
5.80315213578078612e+01
5.87287307106578069e+01
5.94330271930950360e+01
6.04244150761178886e+01
6.12606556459240963e+01
6.12760111827890555e+01
6.14793315067712669e+01
6.19821099373039672e+01
6.22553054347821941e+01
6.22619218163727410e+01
6.25345537395631794e+01
6.37072599447188352e+01
6.43189379524167890e+01
6.44632552271643959e+01
6.46192698487127188e+01
6.49206147930710529e+01
6.49485522050308077e+01
6.53786645701964346e+01
6.60442900583292669e+01
6.61347444196088361e+01
6.65728974505994984e+01
6.74552858413446756e+01
6.79177301659678676e+01
6.93835918464017709e+01
6.99251188196111286e+01
6.99352578104198699e+01
6.99693645482823285e+01
7.06759859949091265e+01
7.07936038976409066e+01
7.08880895971131224e+01
7.15231295124564497e+01
7.16500967440788088e+01
7.20435877811411274e+01
7.23811853009520547e+01
7.34575987897527511e+01
7.35410135791465223e+01
7.39771793637136739e+01
7.41355186609577288e+01
7.41443482013825133e+01
7.44556118888524168e+01
7.48220703038443418e+01
7.54515813972443823e+01
7.57947838831664455e+01
7.60347255234312343e+01
7.61465601223383430e+01
7.79167715361278681e+01
7.79571578485993797e+01
7.83031528890630000e+01
7.85470359110088907e+01
7.93072801343691935e+01
7.93444679141861684e+01
7.94859786723386037e+01
7.95716964904276551e+01
7.96780068299825643e+01
8.02394234166688420e+01
8.03796781489177903e+01
8.11828005971561595e+01
8.17691588690364597e+01
8.23499728347533448e+01
8.25446394331951581e+01
8.26813698010432176e+01
8.31580380369975387e+01
8.43414203674427370e+01
8.44122770849555337e+01
8.46024666707743336e+01
8.47933657340878142e+01
8.50473820231684385e+01
8.55144474083181194e+01
8.55195772660139255e+01
8.56913424462429276e+01
8.60506821704325375e+01
8.64578694559752421e+01
8.72169335138412123e+01
8.72778933107477712e+01
8.78337577880782021e+01
8.78784710858825520e+01
8.82336989089814097e+01
8.83282705914676001e+01
8.89776907471241856e+01
8.93417159541782837e+01
8.94307968698686011e+01
9.03312227327866992e+01
9.12859020503253191e+01
9.17619252383628918e+01
9.18186139802412811e+01
9.18842223901596071e+01
9.21212203950609876e+01
9.24149298771342416e+01
9.26004179870645601e+01
9.37595344370564021e+01
9.42104470838745840e+01
9.48647571834158327e+01
9.50481112243979567e+01
9.52085830307260892e+01
9.52659173010601990e+01
9.53776308516172264e+01
9.55854963955319761e+01
9.56156857133340452e+01
9.59662102259904515e+01
9.62541678354476460e+01
9.63236293063525011e+01
9.69065019893428712e+01
9.70196496811213365e+01
9.71776732707454869e+01
9.75248715154542367e+01
9.76189559404142528e+01
9.78111734073255263e+01
9.89427946919145427e+01
9.91625533478925831e+01
1.00083171565612801e+02
1.00300233090180257e+02
1.00498338542893634e+02
1.00638082034543771e+02
1.01187808120943572e+02
1.01642293643658036e+02
1.01728550661753275e+02
1.01958719331670380e+02
1.02367213648662840e+02
1.02739183975395576e+02
1.03084845426516409e+02
1.03220578894001335e+02
1.04291205724544284e+02
1.04301777984763007e+02
1.04402871046001863e+02
1.04460852500543666e+02
1.05305797283886619e+02
1.05402900049568203e+02
1.06353854996593554e+02
1.06705219580785723e+02
1.06708218319156714e+02
1.06771772418755063e+02
1.06780968559725537e+02
1.07200297437859319e+02
1.07459614357004355e+02
1.07473044580513914e+02
1.07566727186922378e+02
1.07851965585567910e+02
1.07874210587794238e+02
1.08495241225587634e+02
1.09194692586051104e+02
1.09514724764636838e+02
1.09896634258111220e+02
1.10050404334892988e+02
1.10072295110236709e+02
1.10341889586136347e+02
1.11915687733718130e+02
1.11972657046273568e+02
1.11996045010234326e+02
1.12197021273002221e+02
1.12781009644668359e+02
1.12832834415589303e+02
1.13038443758372324e+02
1.13587711672899275e+02
1.14140047553000358e+02
1.14344603067130748e+02
1.14347601388389222e+02
1.14365957097000290e+02
1.14545091731516862e+02
1.15082407989171031e+02
1.15248334222647600e+02
1.15830852406349635e+02
1.16311750142231915e+02
1.16818135760513556e+02
1.17174226461201016e+02
1.17281172057270311e+02
1.17832302979202240e+02
1.18051102172673836e+02
1.18169180380765454e+02
1.18186794730563790e+02
1.18742450313441992e+02
1.18777671731227002e+02
1.18802446832666377e+02
1.19250193592061351e+02
1.19336812096270990e+02
1.19555577127481683e+02
1.19903183505535424e+02
1.20010400615199785e+02
1.20108034138594718e+02
1.20124406302754721e+02
1.20156318125570778e+02
1.20515375987289673e+02
1.20832348194617410e+02
1.21649632934101703e+02
1.22190621829154225e+02
1.22938891519853428e+02
1.23435402107302707e+02
1.23634120335739794e+02
1.23741911817987216e+02
1.24271776621098340e+02
1.24279861112366405e+02
1.24295454595339464e+02
1.24948686768087043e+02
1.25038498854654605e+02
1.25283210433754334e+02
1.25805496673103761e+02
1.26425859519503319e+02
1.26566815075367799e+02
1.26574667747355903e+02
1.26724971954807330e+02
1.26909595681480354e+02
1.26997897760251661e+02
1.28210101793539536e+02
1.29311494982596003e+02
1.29492961136806798e+02
1.29821757025722832e+02
1.30026188200164199e+02
1.30219467843686175e+02
1.30676756428558690e+02
1.30758175798903778e+02
1.30810070873501786e+02
1.30829660460575099e+02
1.30932661257954464e+02
1.31370812018299944e+02
1.31380395537674190e+02
1.31389907936742134e+02
1.31480489862790932e+02
1.31692409876537795e+02
1.31834253835591880e+02
1.31984712225326632e+02
1.32054757882163415e+02
1.33034669218230135e+02
1.33155866372729236e+02
1.33511345717807615e+02
1.33603943158568086e+02
1.33826129844626450e+02
1.33967204822280166e+02
1.34497702292657095e+02
1.34562723088637711e+02
1.34571604798355224e+02
1.34884289901304101e+02
1.35018557131583520e+02
1.35308303726545773e+02
1.35364745743839876e+02
1.36161324522844041e+02
1.36385476615509901e+02
1.36511610827666971e+02
1.36987990411030921e+02
1.37150245885507218e+02
1.37356468572711037e+02
1.37785625545297478e+02
1.38543014609865907e+02
1.38648031524840576e+02
1.38769079007214827e+02
1.39307574458105705e+02
1.39889418015386468e+02
1.39898281570391077e+02
1.40522635800685237e+02
1.41252190216801523e+02
1.41497584149009242e+02
1.41519144320947987e+02
1.41705438098331285e+02
1.41963023204258036e+02
1.42143986499007951e+02
1.42154472995906815e+02
1.42165545207181594e+02
1.42938045250492678e+02
1.43813207364703374e+02
1.43956522625258174e+02
1.44248033207398407e+02
1.44427731463867076e+02
1.44456170345512760e+02
1.44517537326852164e+02
1.44594285852729172e+02
1.44604447683981903e+02
1.44730653795055844e+02
1.44760342354263400e+02
1.44954896059189082e+02
1.44973463516288689e+02
1.45056182019006428e+02
1.45405233451372510e+02
1.45865406593863554e+02
1.46260969836254503e+02
1.46366735965810335e+02
1.46799997956595803e+02
1.46855615451613744e+02
1.46908145653337158e+02
1.47008648547660016e+02
1.47990353728597938e+02
1.48013100231049805e+02
1.48397281720855062e+02
1.48498335277221656e+02
1.48805566392990102e+02
1.49194098135048080e+02
1.49439129561570667e+02
1.51054056558193849e+02
1.51150276188509963e+02
1.51702870704244276e+02
1.51767358898266650e+02
1.52247538915242274e+02
1.52517387567039350e+02
1.52567335315216837e+02
1.52601278944760111e+02
1.52739800285296042e+02
1.53369319372237157e+02
1.53466360554111759e+02
1.53589341295363738e+02
1.53619087162442554e+02
1.53861135568499947e+02
1.53884202705475786e+02
1.54139821719904774e+02
1.54211601264273668e+02
1.54213085096234579e+02
1.54819500399588719e+02
1.54991385762238906e+02
1.55207122411677972e+02
1.55607257429796618e+02
1.55858061506083061e+02
1.55997315970330305e+02
1.56289629175618813e+02
1.56331385041019701e+02
1.56567160017742424e+02
1.56651157441946793e+02
1.56862446807241895e+02
1.56908288859902711e+02
1.57821682259048544e+02
1.57854507203814478e+02
1.57855590063899854e+02
1.58334189667117187e+02
1.58412929294745425e+02
1.58418249960151570e+02
1.58552517700351757e+02
1.58688050871979669e+02
1.58689589043246031e+02
1.59390905824161962e+02
1.59909988841995698e+02
1.59962074183318919e+02
1.60482607935831822e+02
1.60512337749949438e+02
1.60777856413826953e+02
1.61084929098113264e+02
1.61235323703507731e+02
1.61236473114468538e+02
1.61267122424471097e+02
1.61315497064960994e+02
1.62399646150188516e+02
1.63088379289590591e+02
1.63625663757600648e+02
1.64036617892386175e+02
1.64126020053842126e+02
1.64134622042055412e+02
1.65265857602596896e+02
1.65381468644582526e+02
1.65536227844649773e+02
1.65626999469333327e+02
1.65681597034543984e+02
1.65912795464225326e+02
1.66071987871810734e+02
1.66549367399086350e+02
1.66714390749087784e+02
1.66810255415764004e+02
1.66865328630149691e+02
1.66947061436253591e+02
1.67218649097502748e+02
1.67354825846451888e+02
1.67434423640208877e+02
1.67644443726376096e+02
1.67907138440291931e+02
1.68144312481369184e+02
1.68423694211203383e+02
1.68658782318100521e+02
1.68948147872443144e+02
1.68952399284143553e+02
1.69446758684775148e+02
1.69552170255729322e+02
1.70002452410487933e+02
1.70473638981776332e+02
1.70554943256203842e+02
1.70909323757457400e+02
1.70929891292881791e+02
1.72076015041320147e+02
1.72201993966303860e+02
1.72665277636893052e+02
1.72826202896967629e+02
1.72828949647082595e+02
1.72949491278478433e+02
1.73030800806705543e+02
1.73114551820360759e+02
1.73230283928033828e+02
1.73250280839024754e+02
1.73423313757839594e+02
1.73666473344315762e+02
1.73746724807758255e+02
1.73920536021547889e+02
1.74380758261660162e+02
1.74458840704302190e+02
1.74482808144918295e+02
1.75276834872079291e+02
1.75341372489355081e+02
1.75348019743860164e+02
1.76109289325645420e+02
1.76164044424319627e+02
1.76278814805882348e+02
1.76289603123419965e+02
1.77471316788506556e+02
1.77519401798144997e+02
1.77610118984626411e+02
1.77769465904067317e+02
1.77895911816520993e+02
1.78117776160817414e+02
1.78555123315520916e+02
1.78654815930379016e+02
1.78855389361284836e+02
1.78871356757849640e+02
1.78960513820640926e+02
1.79028983937258317e+02
1.79346089011939284e+02
1.79711420901405575e+02
1.79817385635986909e+02
1.80166948856934198e+02
1.80368785545557785e+02
1.80586414498231477e+02
1.80757271204239942e+02
1.80906004094718185e+02
1.81171563223646388e+02
1.81267438991243353e+02
1.81675439782351930e+02
1.81676566195692033e+02
1.81804023994488830e+02
1.82814693602814089e+02
1.82914925824584941e+02
1.83010057298331276e+02
1.83406844206077551e+02
1.83487944371915603e+02
1.83730695549737902e+02
1.84162082267976757e+02
1.84293077037804721e+02
1.84297798336215237e+02
1.84903077241006599e+02
1.85565784308648290e+02
1.85675363987562264e+02
1.85956904458220379e+02
1.86139883366471565e+02
1.86404659117239191e+02
1.86629957985491899e+02
1.87179733164169647e+02
1.87260278938423028e+02
1.87281796052440825e+02
1.87482355283231243e+02
1.87833228137499418e+02
1.87834628378295463e+02
1.87925591988564577e+02
1.87972632356742906e+02
1.88153870037372144e+02
1.88275223630707558e+02
1.88528951203084432e+02
1.88632273575744762e+02
1.88911708584864243e+02
1.89069439564690242e+02
1.89229401672352310e+02
1.90030234827421509e+02
1.90067097186563501e+02
1.90116865223320133e+02
1.90332413812962841e+02
1.90505281820290065e+02
1.91340401242105713e+02
1.91345916790722811e+02
1.91415475003205643e+02
1.91794316235461963e+02
1.91944115263487276e+02
1.91963759938472435e+02
1.92300806650705908e+02
1.92343461396837995e+02
1.92457495411887407e+02
1.92602368827931571e+02
1.92688429203510680e+02
1.93285335815073381e+02
1.93298098000750088e+02
1.93338203137647952e+02
1.93661862659866699e+02
1.93906556525310123e+02
1.94220562078537171e+02
1.94290509228295605e+02
1.94489998390573305e+02
1.94541557866184007e+02
1.95021912755773144e+02
1.95056694013724950e+02
1.95697311327300781e+02
1.96044107429495511e+02
1.96269179340414667e+02
1.96514755288236756e+02
1.96696482278971928e+02
1.97065716174462807e+02
1.97124237000489359e+02
1.97164911647089582e+02
1.97632832224651111e+02
1.98038307812268158e+02
1.98150618439198070e+02
1.98485777819969087e+02
1.98539728599134207e+02
1.98575922862313121e+02
1.99068199984009937e+02
1.99289922393907545e+02
1.99958639550888790e+02
2.00362411531496377e+02
2.00501319224203655e+02
2.00759689179727673e+02
2.01264468678420997e+02
2.01290342343330678e+02
2.01616639869277776e+02
2.01663213656029257e+02
2.01699231451698154e+02
2.01854761414379539e+02
2.01965988187161940e+02
2.02290971444506340e+02
2.02476282890414154e+02
2.02593210064591688e+02
2.02996536008333692e+02
2.03084233263634815e+02
2.03129718627259649e+02
2.03212054192094456e+02
2.03304810824830327e+02
2.03432958036161949e+02
2.03433664361200670e+02
2.03483987912103430e+02
2.03506059049095882e+02
2.03510634902012953e+02
2.03561023052442579e+02
2.04908407366664903e+02
2.04919057845858219e+02
2.05232008403688440e+02
2.05326534507171516e+02
2.05467151963882884e+02
2.05468163863885081e+02
2.05489714822464634e+02
2.06232106245337832e+02
2.06296675675804806e+02
2.06460230256428645e+02
2.06588208897851473e+02
2.06630847869250147e+02
2.06729153552538719e+02
2.07482249674965772e+02
2.07873659040888469e+02
2.07877491622015953e+02
2.07936984466238471e+02
2.08274184356470982e+02
2.08305350242017084e+02
2.08405130738587786e+02
2.08499097972140135e+02
2.08541367831735727e+02
2.08789022629456611e+02
2.08980720634867055e+02
2.09103508679777576e+02
2.09321821075251137e+02
2.10376144036803908e+02
2.10566312420517761e+02
2.11004398174222160e+02
2.11564835445356096e+02
2.11720914250920544e+02
2.11908719420413661e+02
2.12020928194102112e+02
2.12028717615735957e+02
2.12186653508278027e+02
2.12326125842060662e+02
2.12565493895934594e+02
2.12609999758839535e+02
2.12881967264961645e+02
2.13321422078983574e+02
2.13551614091885483e+02
2.14457978132102710e+02
2.14465516604385982e+02
2.14905019582116665e+02
2.14949290208608375e+02
2.14996272596884296e+02
2.15253203782140247e+02
2.15493258956018451e+02
2.15726830432070301e+02
2.15942494041353257e+02
2.16188703769275435e+02
2.16232012905235990e+02
2.16312429398150243e+02
2.16520250579767321e+02
2.16650340347395058e+02
2.16826112057964224e+02
2.16903995379078538e+02
2.17122953490908401e+02
2.17219465707389020e+02
2.17301245327559570e+02
2.17420683678663067e+02
2.17704976688026875e+02
2.18036965027837482e+02
2.18123261640905298e+02
2.18795622693456721e+02
2.19044668911546694e+02
2.19229801545210080e+02
2.19475679858628553e+02
2.19592353992418680e+02
2.19608898897094605e+02
2.19617951964789881e+02
2.19624297738084692e+02
2.19624628873738175e+02
2.19626711441822010e+02
2.19641531095324865e+02
2.19781739646771030e+02
2.19786732162458350e+02
2.19949575451653971e+02
2.20121191944227178e+02
2.20546674219707370e+02
2.21604283079907987e+02
2.21655358476246590e+02
2.21679900816576207e+02
2.22101941782795848e+02
2.22485579548908163e+02
2.22508438403034233e+02
2.22957401278195562e+02
2.23135719688135225e+02
2.23178077267588264e+02
2.23271565018092929e+02
2.23316839935293672e+02
2.23826749504133886e+02
2.24167165321525715e+02
2.24456001457510581e+02
2.24634451036429653e+02
2.24874766037360587e+02
2.24946992221837434e+02
2.25145379051032137e+02
2.25181627144369145e+02
2.25195462757640200e+02
2.25497266590318645e+02
2.26154096034571637e+02
2.26181486347444832e+02
2.26775374164975517e+02
2.27113336968025635e+02
2.27136690354752091e+02
2.27398141424541564e+02
2.27453206850306060e+02
2.27749999653998941e+02
2.27771450006079760e+02
2.27849253393982508e+02
2.27933352437366068e+02
2.28694948488279465e+02
2.28779096831729191e+02
2.28820992484926307e+02
2.29059546465713993e+02
2.29116703639918171e+02
2.29264667996106368e+02
2.29701981505041658e+02
2.29852038689530332e+02
2.29880314593471383e+02
2.30137464661555896e+02
2.30313663148486512e+02
2.30881881870995585e+02
2.30985969600826138e+02
2.31082687928951430e+02
2.31127191878090400e+02
2.31200514110449774e+02
2.31210871638386095e+02
2.31303303341047354e+02
2.31728459087180397e+02
2.32211899150055160e+02
2.32511287722827831e+02
2.32712291045718018e+02
2.32958335557491750e+02
2.33494878438244314e+02
2.33621589159453322e+02
2.33794048621565707e+02
2.33834498279567242e+02
2.33834836702703285e+02
2.33944466871225018e+02
2.34197381740892979e+02
2.34248881516521692e+02
2.34271709850918512e+02
2.34373541637447033e+02
2.35010206298916330e+02
2.35020180216995129e+02
2.35214555098173832e+02
2.35448262652554320e+02
2.36088978427084896e+02
2.36354757202194207e+02
2.36362869393924598e+02
2.36406236659220440e+02
2.36406411105413156e+02
2.36461026555791705e+02
2.36782944162250033e+02
2.36797085407641362e+02
2.37318807206345525e+02
2.37384407805532192e+02
2.37807979692834806e+02
2.38253025746965989e+02
2.38404063559762562e+02
2.38458226572839862e+02
2.38959450973702701e+02
2.39107114545030640e+02
2.39236553304645838e+02
2.39310775368852433e+02
2.39338506454550441e+02
2.39743832377909541e+02
2.39851417382020884e+02
2.39886305304202381e+02
2.40175594817988667e+02
2.40522906892717344e+02
2.40585745620958676e+02
2.40629962628519422e+02
2.40653854306564313e+02
2.40826477306504216e+02
2.40927165761990352e+02
2.40977056853606712e+02
2.41159336281822675e+02
2.41176166770322197e+02
2.41198279730450793e+02
2.41574022485881756e+02
2.42188090595584242e+02
2.42565959614396888e+02
2.42670175153361129e+02
2.42715652563968717e+02
2.43246605155845941e+02
2.43272820697990085e+02
2.43286078032014188e+02
2.43343449355405824e+02
2.43597675851146107e+02
2.43708180172839377e+02
2.43899562640227373e+02
2.44174107077634574e+02
2.44315370856095115e+02
2.44920565614653810e+02
2.45154772605509777e+02
2.45326113983803282e+02
2.45802251936946902e+02
2.46040203107021625e+02
2.46045000201766015e+02
2.46108905132219093e+02
2.46320676484683020e+02
2.46320940655264337e+02
2.46557115821627633e+02
2.46612361204119281e+02
2.46797735683751057e+02
2.47355548313773568e+02
2.47426164220056762e+02
2.47605343386671905e+02
2.48277320682352695e+02
2.48325782788077504e+02
2.48436586977653860e+02
2.48652158391378237e+02
2.48730069603938261e+02
2.48845756326318451e+02
2.49050163453378502e+02
2.49287483562126283e+02
2.49417036757672463e+02
2.49476870479325271e+02
2.49476971400569710e+02
2.49652745985284980e+02
2.49768782854263009e+02
2.49968207029746395e+02
2.50941815556036545e+02
2.51010950838023007e+02
2.51733269523227023e+02
2.51938148247445667e+02
2.51956860268785647e+02
2.52957811911463409e+02
2.53300170024201122e+02
2.53654556885070690e+02
2.53669568507626650e+02
2.53673940207355486e+02
2.53731131684930915e+02
2.53777496715519476e+02
2.53777583657114633e+02
2.53784127166377743e+02
2.53827370631361191e+02
2.54008740930617193e+02
2.54020222889223930e+02
2.54078635162017918e+02
2.54106288970016578e+02
2.54198083177380965e+02
2.54387850287683818e+02
2.54628051773527886e+02
2.54687453162780173e+02
2.54871777784429241e+02
2.54897377885044818e+02
2.55280748515243999e+02
2.55342280158178937e+02
2.55822124900528479e+02
2.55842975908445396e+02
2.55880805682158325e+02
2.56064600392954389e+02
2.56088843768844413e+02
2.56358526754293848e+02
2.56416853284230797e+02
2.56706733833711496e+02
2.57015099807349657e+02
2.57058842273441883e+02
2.57090081261970454e+02
2.57580592361930371e+02
2.57799464460843069e+02
2.58183477764106897e+02
2.58184531888436481e+02
2.58314866715887661e+02
2.58351891815992758e+02
2.58609811366788108e+02
2.59079710630524346e+02
2.59119731240689475e+02
2.59168035106840421e+02
2.59815776630179130e+02
2.60049214711520335e+02
2.60113921237123463e+02
2.60234287116817313e+02
2.60682584461604961e+02
2.60739416160025257e+02
2.60739620347637810e+02
2.60827505858840027e+02
2.60978633329994636e+02
2.61571915159136438e+02
2.61635983437214804e+02
2.62324890379832709e+02
2.62518750502643456e+02
2.62567454081095320e+02
2.62803754652873522e+02
2.63023361299509247e+02
2.63431996595485771e+02
2.63643988847224932e+02
2.63667587570805381e+02
2.63852297594286370e+02
2.64099660152956858e+02
2.64106601579836820e+02
2.64118648708966816e+02
2.64147840037717174e+02
2.64293955729035133e+02
2.64330714807307345e+02
2.64466366291707004e+02
2.64603946836627642e+02
2.64727303424899901e+02
2.65412648709324230e+02
2.65608964846519712e+02
2.65693430814559406e+02
2.65718267643879358e+02
2.65800837030984553e+02
2.65950951978094963e+02
2.66538897519456782e+02
2.66683234136557644e+02
2.66943530642902829e+02
2.67130150737976010e+02
2.67236529283783511e+02
2.67243880880676670e+02
2.67303394570076193e+02
2.67343277483590327e+02
2.67560548626969876e+02
2.68242330020310078e+02
2.68253346694354263e+02
2.68843170254440565e+02
2.68854005351326009e+02
2.68966552383842782e+02
2.69018876433211972e+02
2.69643048624046628e+02
2.70337246594876319e+02
2.70444454424486480e+02
2.70539495787288729e+02
2.70644383743828143e+02
2.70690106682320334e+02
2.70695494143449878e+02
2.70797997457299743e+02
2.70972531372665799e+02
2.70993122677339557e+02
2.71058475919953935e+02
2.71078055182861135e+02
2.71221794267257110e+02
2.71343620199160000e+02
2.71569338959850711e+02
2.71571667347390985e+02
2.71744784604200163e+02
2.71744826611872213e+02
2.72152553207940173e+02
2.72458328038932109e+02
2.72509594884973239e+02
2.72555659783941678e+02
2.72573985006464568e+02
2.73099793967167329e+02
2.73107325842640876e+02
2.73516682033917505e+02
2.73544046805419725e+02
2.73646356089445021e+02
2.73990738414137468e+02
2.74017965470164540e+02
2.74025313722852843e+02
2.74025706181411806e+02
2.74345981061921862e+02
2.74606411926454939e+02
2.75036148989336084e+02
2.75079854414011947e+02
2.75241096961776520e+02
2.75575964870115172e+02
2.75681392252389742e+02
2.75959829200885338e+02
2.76040642917684522e+02
2.76824692192521979e+02
2.77031987044210382e+02
2.77304007382855730e+02
2.77388987690677936e+02
2.77728633921764981e+02
2.77788099825460904e+02
2.78385391125985620e+02
2.78879889115938568e+02
2.78900443506533975e+02
2.78900815593318953e+02
2.79006159847797335e+02
2.79162791716076185e+02
2.79175754929482309e+02
2.79249904207318991e+02
2.79471059797023372e+02
2.79521483080626012e+02
2.80024691660563235e+02
2.80117889075380617e+02
2.80122054715624927e+02
2.80206386595964091e+02
2.80424983696030722e+02
2.80529619413028058e+02
2.80665847325256209e+02
2.81024314399591162e+02
2.81522550816858256e+02
2.81567071100571638e+02
2.81869361542860702e+02
2.82211840738527030e+02
2.82218282716778276e+02
2.82300378862275693e+02
2.82305929174676180e+02
2.82376769159893570e+02
2.82469637718886474e+02
2.82475462998266494e+02
2.82754663289567020e+02
2.82790016117857022e+02
2.83516325484052345e+02
2.83722093212458390e+02
2.83795245697186715e+02
2.84155875323312216e+02
2.84258453442193286e+02
2.84268637893942127e+02
2.84409499187092365e+02
2.84474397779963397e+02
2.84574492211126540e+02
2.84581492346768073e+02
2.84822024581955702e+02
2.84884701967498131e+02
2.84985097229922644e+02
2.85109402521121183e+02
2.85414618550811838e+02
2.85999393724107790e+02
2.86005097275198978e+02
2.86413415398059101e+02
2.86821179200514507e+02
2.86892131671328684e+02
2.86910439739670778e+02
2.86974346282460033e+02
2.87354433541131584e+02
2.87796221893843040e+02
2.88058035442999653e+02
2.88075748052955419e+02
2.88217684947721523e+02
2.88449676947859416e+02
2.88688422226708781e+02
2.88889991662517446e+02
2.89236071008813383e+02
2.89263602569585260e+02
2.89535545621284086e+02
2.89582896096562536e+02
2.89675183015289235e+02
2.89741130138392123e+02
2.89858937534788538e+02
2.89889114032099314e+02
2.90084513885444949e+02
2.90085710820056420e+02
2.90280658327883998e+02
2.90295253967005237e+02
2.90295274312839297e+02
2.90312802815691839e+02
2.90350411704263024e+02
2.90762488243206462e+02
2.90763014822803484e+02
2.90950611341321633e+02
2.91024065780560704e+02
2.91644497466550888e+02
2.91745287102727389e+02
2.91759516580681975e+02
2.91889558324889322e+02
2.91957808423421511e+02
2.92173313658434381e+02
2.92828300553280087e+02
2.93638939969680905e+02
2.93702155484894320e+02
2.94094541362179257e+02
2.94293012407419269e+02
2.94450023825070161e+02
2.94494240890099832e+02
2.94509785624823166e+02
2.94516243255778477e+02
2.94571177474387127e+02
2.94852417944045897e+02
2.94925624608932367e+02
2.95172344014002306e+02
2.95454826119589029e+02
2.95527057546104515e+02
2.95952955738360629e+02
2.96250969446852082e+02
2.96371238253567071e+02
2.96548957515510551e+02
2.96572155862487421e+02
2.96612103982420649e+02
2.96706704312484021e+02
2.96826654301096028e+02
2.96835575548974361e+02
2.96914140672949088e+02
2.97248384114102009e+02
2.97665647271881085e+02
2.97903763866109671e+02
2.97908985768960974e+02
2.98305519437184671e+02
2.98528989058339562e+02
2.98810314216058714e+02
2.98838419687020405e+02
2.99109141852715197e+02
2.99488209633401198e+02
2.99699476919667177e+02
2.99711231528360372e+02
2.99721112989292351e+02
2.99743056857197303e+02
2.99798254110209086e+02
2.99800542063419584e+02
2.99967896583364336e+02
3.00069756598571075e+02
3.00261436828143133e+02
3.00270972144049210e+02
3.00380525213021201e+02
3.00755061644878992e+02
3.01090055553629895e+02
3.01305934709115377e+02
3.01494917701450618e+02
3.01755532497235549e+02
3.02005176631651352e+02
3.02293167781437774e+02
3.02446594700939727e+02
3.02692339824789542e+02
3.02922082640246458e+02
3.03185898937316438e+02
3.03329595271626431e+02
3.03346643406912790e+02
3.03356232733809406e+02
3.03548035033672818e+02
3.03750545630822671e+02
3.03826065538738135e+02
3.03863852930436565e+02
3.03898306856778163e+02
3.03971862195775202e+02
3.04687929264775789e+02
3.05069820017693473e+02
3.05321594688739083e+02
3.05368792159354143e+02
3.05466681752444401e+02
3.05661223900045002e+02
3.05846670611891000e+02
3.05982636707821712e+02
3.06127866005045007e+02
3.06476375622802493e+02
3.06506693970142237e+02
3.06686685575192200e+02
3.06700823567973885e+02
3.06778496291682814e+02
3.06925589639855502e+02
3.07190650690254984e+02
3.07220403349871617e+02
3.07258456224884753e+02
3.07277772972548405e+02
3.07526114630305074e+02
3.07557973314711603e+02
3.07917174808787422e+02
3.08499823501007882e+02
3.08567050244478878e+02
3.08871140933881748e+02
3.09165316276735211e+02
3.09165935893602864e+02
3.09237164892318106e+02
3.09594966023117877e+02
3.09594981125453046e+02
3.09782065301406078e+02
3.10067274667023298e+02
3.10737346446606466e+02
3.10751122002326497e+02
3.11138427167056079e+02
3.11481632749404980e+02
3.11850648063939843e+02
3.11940439281306112e+02
3.11984870133714708e+02
3.11987513987158763e+02
3.11990951520653539e+02
3.12051396850844526e+02
3.12083600666156826e+02
3.12292434820022095e+02
3.12533351148210045e+02
3.12775555412163840e+02
3.12908113770718955e+02
3.13008183117971043e+02
3.13010957377382283e+02
3.13078117092874663e+02
3.13511257828813427e+02
3.13628463356841735e+02
3.13683939926871062e+02
3.13734085825747457e+02
3.13768728471952500e+02
3.13795947849193681e+02
3.14085967773911875e+02
3.14090862424226771e+02
3.14278881933636853e+02
3.14426047568031890e+02
3.14630921917789919e+02
3.14661422532120241e+02
3.14752850434093034e+02
3.15296664711023709e+02
3.15337625200460366e+02
3.15417853165252154e+02
3.16015441114339069e+02
3.16496701237515936e+02
3.16768813750849063e+02
3.16858662716268896e+02
3.16867555049395833e+02
3.16971435970306970e+02
3.17059107021967861e+02
3.17151074586560753e+02
3.17336757412503516e+02
3.17569690448598180e+02
3.17690249124489242e+02
3.17773954243760954e+02
3.17904109278285546e+02
3.17904467887347323e+02
3.18260970886933706e+02
3.18426200574749828e+02
3.18644711881656463e+02
3.18687540547011508e+02
3.18703076983944129e+02
3.18989505638504397e+02
3.19103213381767091e+02
3.19209905539198530e+02
3.19546812840349276e+02
3.19617627141650132e+02
3.20051232178493819e+02
3.20251457277130726e+02
3.20376995482470193e+02
3.20377081533420437e+02
3.20392804037231372e+02
3.20810235985654458e+02
3.21015186614774279e+02
3.21335270415390482e+02
3.21471087458411944e+02
3.21545595593397252e+02
3.21660720848115147e+02
3.21680198945185225e+02
3.22062529586442452e+02
3.22403686985077570e+02
3.22487540559179365e+02
3.22697628843952771e+02
3.22808982363047676e+02
3.22855400176685066e+02
3.22899758033205785e+02
3.23206753097413866e+02
3.23346623751224115e+02
3.23524425289047031e+02
3.23860122103961430e+02
3.23920988666813514e+02
3.23942175312286508e+02
3.24586665198617084e+02
3.24603151286570665e+02
3.24718264086833415e+02
3.24726545387727924e+02
3.24753963248581044e+02
3.24786744006204572e+02
3.24860724882493400e+02
3.24999270055461011e+02
3.25371227077675940e+02
3.25516228077570531e+02
3.25616333734299019e+02
3.25675231466127912e+02
3.25714920840282275e+02
3.26050559165094455e+02
3.26130070816192415e+02
3.26768736747736398e+02
3.26884985972237018e+02
3.26908570697616483e+02
3.27216186226836385e+02
3.27612743683211193e+02
3.28042308402276717e+02
3.28112110205981594e+02
3.28165663681019396e+02
3.28354764724782399e+02
3.28357245532922320e+02
3.29230787669275742e+02
3.29231160797081657e+02
3.29370630850887210e+02
3.29370643296834373e+02
3.29880946512535502e+02
3.29925423089851392e+02
3.29938611327977128e+02
3.30006147222172444e+02
3.30052377300923922e+02
3.30146371156019768e+02
3.30189871549294821e+02
3.30321095789307833e+02
3.30405349190948982e+02
3.30487986010439499e+02
3.30702977700132351e+02
3.30853462113968362e+02
3.30858033094233519e+02
3.31621659605752825e+02
3.31622943357894655e+02
3.31820129739247136e+02
3.32099389396402103e+02
3.32102322439210752e+02
3.32308017905666247e+02
3.32334251608485715e+02
3.32387833352299936e+02
3.32655540800435460e+02
3.32684608763923620e+02
3.32779067834212128e+02
3.32979069879012968e+02
3.33175686469193465e+02
3.33178909343227019e+02
3.33337383331691626e+02
3.33404894887211071e+02
3.33437857467880804e+02
3.33584577411350779e+02
3.33688802695369873e+02
3.33818381230905175e+02
3.33881826308115137e+02
3.33887834708925880e+02
3.34056310516803023e+02
3.34064570726594980e+02
3.34206131475911775e+02
3.35027043468995089e+02
3.35709602333968405e+02
3.35942015147549000e+02
3.35985781358619306e+02
3.36094886800318932e+02
3.36102359529437081e+02
3.36141500570482663e+02
3.36190373941386611e+02
3.36341798050490638e+02
3.36392643940178573e+02
3.36417649795331045e+02
3.36587751010966826e+02
3.36763434127972914e+02
3.36797630227572768e+02
3.36851764541427997e+02
3.37214026782776273e+02
3.37525008446232164e+02
3.37844747055304424e+02
3.38040239244407189e+02
3.38046225169566014e+02
3.38054837805728084e+02
3.38278319080905703e+02
3.38608814287444375e+02
3.39052339569602850e+02
3.39582645412064153e+02
3.39610925460956196e+02
3.39619969155514582e+02
3.39771480294737671e+02
3.39817721987090636e+02
3.40243706481841400e+02
3.40996716853317707e+02
3.41165557933065088e+02
3.41390204922998691e+02
3.41900032447959802e+02
3.42159493605005537e+02
3.42350566365563623e+02
3.42550711595817461e+02
3.42670394512618714e+02
3.42842337136814649e+02
3.42893472816299550e+02
3.42918628403534740e+02
3.42920779447435052e+02
3.42958123524103485e+02
3.42963722184806556e+02
3.43058468786644426e+02
3.43059712324681300e+02
3.43094565481466475e+02
3.43492288274075463e+02
3.43570889240314159e+02
3.43723743850404958e+02
3.43787582068292750e+02
3.43860364524223883e+02
3.43978883509579759e+02
3.44076493026906292e+02
3.44146801349936368e+02
3.44204880246638709e+02
3.44596073216009586e+02
3.44608002518147487e+02
3.44853228931411991e+02
3.45103055618318990e+02
3.45151474590058115e+02
3.45301642842333536e+02
3.45303962509877920e+02
3.45345907473856073e+02
3.45354621255199049e+02
3.45572192607597799e+02
3.46051629651449161e+02
3.46090854894408380e+02
3.46464040263423499e+02
3.46583104014545484e+02
3.46717333287728138e+02
3.47052608218713431e+02
3.47080265115522707e+02
3.47113133071540688e+02
3.47474557148282543e+02
3.47507438359944445e+02
3.47816571631050920e+02
3.47915497417337065e+02
3.48212454190831068e+02
3.48216706978610887e+02
3.48441097392107281e+02
3.48504540216505234e+02
3.48727937056543624e+02
3.48765763393301654e+02
3.48770088158704993e+02
3.49515503657465160e+02
3.49583161131227257e+02
3.49583489627979816e+02
3.49865763633743541e+02
3.49920903568808740e+02
3.50055537575461585e+02
3.50137652402022695e+02
3.50503711545549891e+02
3.50619636096770591e+02
3.51008651189356897e+02
3.51080623696423913e+02
3.51217334825627859e+02
3.51241520111377099e+02
3.51242512457704379e+02
3.51416278272658474e+02
3.51771443824628022e+02
3.51772957004545788e+02
3.51860334239595545e+02
3.51867977257452594e+02
3.51876604808822776e+02
3.52287525167444414e+02
3.52624456281606967e+02
3.52725853894459647e+02
3.52851782226891942e+02
3.52908969040881402e+02
3.52916629655672523e+02
3.53099966670118988e+02
3.53135327809638397e+02
3.53194964427736181e+02
3.53209456556121950e+02
3.53268265727357630e+02
3.53336840548058035e+02
3.53369010759327921e+02
3.53521396788148877e+02
3.53861189734231289e+02
3.54216852777726444e+02
3.54324204450799357e+02
3.54605634362357819e+02
3.54747870213520173e+02
3.54794280428702109e+02
3.54795730605230574e+02
3.54960339775547141e+02
3.54961568673499073e+02
3.55345036808516625e+02
3.55651458585224418e+02
3.55719951527591775e+02
3.56174186074667546e+02
3.56324635861609181e+02
3.56338060958060055e+02
3.56372803938835659e+02
3.56400068998777897e+02
3.56719514101051004e+02
3.57068800513739575e+02
3.57402528849642295e+02
3.57455463062134754e+02
3.57528700922499297e+02
3.57772806313268347e+02
3.57897502662080797e+02
3.58499937334831998e+02
3.58678208311122035e+02
3.58765760018386572e+02
3.59395345237567085e+02
3.59766405218438990e+02
3.59789761132718922e+02
3.60178547534940435e+02
3.60192613636042211e+02
3.60193777795088181e+02
3.60603199887026449e+02
3.60750380902330903e+02
3.60756049351625052e+02
3.60772122458683839e+02
3.61392399414286842e+02
3.61705314702697706e+02
3.61728313948721052e+02
3.61851196209926002e+02
3.61958939577705905e+02
3.62291040235459604e+02
3.62831638043691555e+02
3.62833799510492213e+02
3.63038432021263361e+02
3.63048134790943777e+02
3.63217077753171111e+02
3.63230088526684199e+02
3.63260980847302790e+02
3.63297204465388518e+02
3.63463622889191356e+02
3.63467384073035419e+02
3.63610646724729691e+02
3.63712096527857511e+02
3.63735882965128440e+02
3.63871632033787137e+02
3.63993709345653201e+02
3.64102597149559415e+02
3.64272219933262932e+02
3.64612160247054589e+02
3.64676076758028671e+02
3.64701495238279108e+02
3.64708359903257929e+02
3.64808385228993984e+02
3.64909638709233263e+02
3.65637079664364364e+02
3.65695866917318767e+02
3.65723800305647956e+02
3.65745965725081874e+02
3.66168903758098963e+02
3.66172845959275037e+02
3.66343886708126888e+02
3.66352719386340368e+02
3.66514056348740837e+02
3.66637490375961079e+02
3.66786880599164760e+02
3.67001118819381531e+02
3.67023188162327870e+02
3.67124810228247725e+02
3.67296221827748468e+02
3.67484941744877688e+02
3.67846827033706177e+02
3.67953119129016272e+02
3.68019683915656742e+02
3.68097702242363766e+02
3.68135954415378478e+02
3.68177046627630489e+02
3.68225835321340014e+02
3.68264662341424241e+02
3.68753879904122527e+02
3.69323170751939415e+02
3.69466905550015667e+02
3.70023293745323599e+02
3.70132882686494327e+02
3.70276178364000430e+02
3.70283222911261078e+02
3.70367487241736512e+02
3.70387424841566371e+02
3.70596431032292799e+02
3.70718998253183145e+02
3.70832519259195351e+02
3.70904637065664133e+02
3.71020390497974063e+02
3.71036348773635041e+02
3.71140755707377139e+02
3.71736556530526514e+02
3.71745454443329777e+02
3.71902151430395861e+02
3.72454588177306618e+02
3.72467665609866799e+02
3.72499688744460741e+02
3.72510582825487404e+02
3.72779643966960862e+02
3.72906920243158311e+02
3.73000410272009731e+02
3.73003303785354660e+02
3.73005909465690593e+02
3.73013212952983736e+02
3.73355188475333875e+02
3.73422615260688303e+02
3.73645858364315359e+02
3.73679044836628464e+02
3.73811162600439161e+02
3.73811751821730354e+02
3.74364760709259372e+02
3.74509178106687045e+02
3.74710930010730863e+02
3.74732307080416263e+02
3.74796623214171973e+02
3.74824135743840884e+02
3.75110452385547319e+02
3.75243105017755397e+02
3.75255409998292407e+02
3.75365706872908049e+02
3.75388270421341758e+02
3.75517369649584907e+02
3.75517948500194166e+02
3.75618300546561841e+02
3.75807967289262365e+02
3.75871742600644552e+02
3.76175939855682941e+02
3.76415636249431941e+02
3.76507352898388035e+02
3.76725391855754197e+02
3.76855328184240193e+02
3.76992159811337160e+02
3.77407997546139427e+02
3.77841668507787062e+02
3.77902075959483682e+02
3.77903162215354314e+02
3.78051521439280123e+02
3.78093301520086129e+02
3.78219397996056841e+02
3.78253117990041233e+02
3.78377707390975502e+02
3.78912939892007671e+02
3.79218047790233072e+02
3.79230552733113768e+02
3.79815081666504170e+02
3.79976530899563045e+02
3.80030299344519563e+02
3.80852099925652738e+02
3.80950700514774780e+02
3.80952707516365194e+02
3.81069391622895637e+02
3.81082851835645329e+02
3.81155533620851088e+02
3.81176467691981770e+02
3.81276095499516714e+02
3.81629691445295407e+02
3.81707589660652502e+02
3.81906220872209360e+02
3.82001447880859359e+02
3.82103924667104820e+02
3.82355335049751830e+02
3.82406892367966293e+02
3.82540775719904900e+02
3.82559278652472926e+02
3.82681279936187707e+02
3.83223258646901400e+02
3.83321550109175519e+02
3.83587586285416933e+02
3.83716611778686456e+02
3.83783772368125824e+02
3.84551323782369423e+02
3.84574889955732147e+02
3.84596451246634615e+02
3.84678656628685417e+02
3.84705492226725028e+02
3.84728358527810087e+02
3.84731999236533170e+02
3.84772279572355842e+02
3.84802869465520757e+02
3.84874730426041879e+02
3.85272815816158072e+02
3.85275331212670949e+02
3.85885563318282493e+02
3.86241048194641735e+02
3.86286224775067240e+02
3.86462726853026652e+02
3.86465764453267639e+02
3.86527876779669214e+02
3.86691190858070399e+02
3.86802895351422535e+02
3.86821667301093271e+02
3.87139530746198602e+02
3.87219273396034055e+02
3.87521127930902367e+02
3.87662890048572763e+02
3.88197145517852618e+02
3.88300669309191107e+02
3.88336179466461317e+02
3.88344808530555952e+02
3.88348479824298238e+02
3.88637190258220926e+02
3.89147536746614264e+02
3.89183810361877136e+02
3.89240481893925221e+02
3.89315615384075613e+02
3.89322087489478349e+02
3.89365719773512183e+02
3.89561065052299568e+02
3.89582842416251196e+02
3.89608900482115587e+02
3.89706917848538524e+02
3.89894513746275379e+02
3.90258944634180580e+02
3.90411730219582864e+02
3.90449215949624545e+02
3.90453761986718973e+02
3.90596384897089251e+02
3.90912527732037347e+02
3.90937566095534066e+02
3.91003143872382793e+02
3.91013036541748761e+02
3.91308704216217393e+02
3.91334918148618158e+02
3.91591207068220115e+02
3.91840289507897523e+02
3.92149631810203346e+02
3.92510054734495952e+02
3.92657597391774402e+02
3.92888313266565092e+02
3.93188138835130644e+02
3.93228980615474597e+02
3.93321136744222599e+02
3.93371682418631053e+02
3.93413678306749034e+02
3.93414219164603765e+02
3.93416755569284760e+02
3.93638217672679161e+02
3.93933025775855299e+02
3.93941289982154899e+02
3.94473166808966198e+02
3.94746578546668843e+02
3.94790977398081964e+02
3.94802238178160110e+02
3.94821613524428699e+02
3.94932988159601678e+02
3.94948879307848529e+02
3.95034000853898988e+02
3.95086548686008769e+02
3.95177800607645622e+02
3.95707619765335721e+02
3.96115820237500884e+02
3.96192709382614339e+02
3.96193719692423770e+02
3.96203872302200125e+02
3.96289992347908310e+02
3.96337762871320251e+02
3.96437410777871037e+02
3.96514227387024448e+02
3.96532573820459788e+02
3.96591293384100140e+02
3.96816137334916903e+02
3.97769091813661475e+02
3.98377127334985744e+02
3.98381568280570150e+02
3.99000122114361602e+02
3.99359581373168680e+02
3.99484496567854080e+02
3.99581171418674444e+02
3.99664433472073824e+02
3.99666290610167039e+02
3.99698162049127745e+02
3.99903148707745800e+02
3.99970320195068552e+02
3.99999913656717581e+02
4.00025970832244298e+02
4.00180855772187897e+02
4.00212696025827881e+02
4.00272698939604311e+02
4.00353418771637507e+02
4.00388722436127978e+02
4.00423099442548846e+02
4.00789147840040073e+02
4.00833692686949917e+02
4.00872209928763027e+02
4.01291269679558582e+02
4.01377878561078433e+02
4.01421251966425189e+02
4.01424198420108951e+02
4.01435150715101827e+02
4.01441020840242459e+02
4.01633240856341786e+02
4.01682336143501630e+02
4.01994118752029067e+02
4.02042200668717442e+02
4.02290433669623553e+02
4.02355383903391726e+02
4.02774572142978172e+02
4.03052512957381509e+02
4.03854617528241306e+02
4.03858244207747703e+02
4.03901350955833209e+02
4.03904702711974210e+02
4.04047214084199481e+02
4.04121393886274063e+02
4.04133622213686294e+02
4.04153818994623975e+02
4.04610749083428232e+02
4.04652301883609425e+02
4.05174405239781777e+02
4.05261244126967426e+02
4.05377409213729493e+02
4.05417129523944595e+02
4.05662469614604902e+02
4.06117682543374144e+02
4.06187065564425779e+02
4.06222177673141573e+02
4.06446281804909177e+02
4.06461501211305745e+02
4.07004929583377134e+02
4.07265259350582710e+02
4.07346632648274976e+02
4.07377328539093355e+02
4.07436387415432364e+02
4.07474195355808547e+02
4.07608009608003272e+02
4.08115410255345637e+02
4.08202436097097348e+02
4.08211239441392649e+02
4.08398366096086306e+02
4.08583321681540838e+02
4.08605272771044383e+02
4.08657957725301458e+02
4.08820179029999622e+02
4.08975986197247721e+02
4.08981911466584279e+02
4.09069757326893409e+02
4.09100968761197691e+02
4.09109745243385987e+02
4.09357865734888492e+02
4.09358133326189886e+02
4.09409958627207516e+02
4.09412694132016213e+02
4.09503497535068163e+02
4.09732229365032936e+02
4.09797143893654152e+02
4.09832828016820713e+02
4.10109451159605669e+02
4.10294773811446021e+02
4.10467884128976834e+02
4.11048478950207482e+02
4.11103878088049669e+02
4.11117190471774393e+02
4.11209039619936675e+02
4.11321583976053262e+02
4.11440770795985600e+02
4.11518220135046931e+02
4.11625817369560536e+02
4.11670681636050176e+02
4.11742984303570211e+02
4.11883796539225955e+02
4.11884300397514494e+02
4.12061140870642703e+02
4.12172706587536823e+02
4.12246721145026299e+02
4.12651558648739979e+02
4.12675811786910572e+02
4.12857284560035168e+02
4.13387046425234871e+02
4.13418891126740732e+02
4.13420435210868845e+02
4.13470273045742033e+02
4.13498120954788988e+02
4.13835356322605662e+02
4.13974873600542878e+02
4.14022161376632994e+02
4.14043788947340659e+02
4.14307161510398487e+02
4.14619183913778102e+02
4.14636488488913869e+02
4.15070141863510685e+02
4.15071078460014519e+02
4.15133841939556305e+02
4.15144247613537686e+02
4.15308683224949391e+02
4.15385841096382478e+02
4.15562421370628272e+02
4.15656724272154861e+02
4.15721314127393839e+02
4.15815004663943796e+02
4.16125616698218550e+02
4.17322539605984502e+02
4.17339260873120566e+02
4.18446688342023094e+02
4.18513851208515803e+02
4.18754004412125028e+02
4.18796052717603743e+02
4.18958603602157154e+02
4.18967870781120268e+02
4.18979170144689419e+02
4.18982187807601576e+02
4.18983857906970229e+02
4.18990551524491934e+02
4.19043625493591776e+02
4.19262614073121881e+02
4.19353801208642039e+02
4.19457632621760013e+02
4.19605493473633260e+02
4.19872093852854960e+02
4.20213573187964585e+02
4.20227444162020220e+02
4.20512276831384611e+02
4.20602715922927246e+02
4.20761154321871004e+02
4.21333357641294469e+02
4.21473878115590537e+02
4.21505598793687341e+02
4.21526055749193574e+02
4.21698891974557682e+02
4.22017336867476160e+02
4.22102388810744287e+02
4.22160929187859324e+02
4.22246398415675003e+02
4.22262844647274164e+02
4.22352860933994975e+02
4.22602087983879187e+02
4.22687860268328109e+02
4.23060032773967919e+02
4.23258992771363410e+02
4.23276618599189646e+02
4.23299143848180961e+02
4.23400961338066622e+02
4.23415670460520914e+02
4.23460283006358395e+02
4.23659515423979769e+02
4.23675257581782944e+02
4.23687220154960187e+02
4.23690296427154294e+02
4.23693471443938961e+02
4.24089846124672135e+02
4.24189184872764031e+02
4.24205040277014859e+02
4.24343709216838079e+02
4.24714216234262494e+02
4.24811198915812952e+02
4.24919264191679986e+02
4.24939966255017112e+02
4.24986666823363976e+02
4.25004522618429064e+02
4.25472148211847752e+02
4.25782758891329308e+02
4.26172925263331763e+02
4.26283650003009598e+02
4.26359950027585455e+02
4.26448084354342313e+02
4.26541919081574520e+02
4.26583924342184901e+02
4.26653437924075774e+02
4.26731594172464725e+02
4.27115752074953889e+02
4.27129926663439051e+02
4.27825419635475669e+02
4.27891227074899462e+02
4.28014414134587241e+02
4.28014663890300653e+02
4.28039528879218892e+02
4.28148894011743891e+02
4.28280609131980555e+02
4.28369962094133598e+02
4.28540935481221027e+02
4.28893213840697626e+02
4.29207126717069514e+02
4.29282805808945568e+02
4.29408124951241462e+02
4.29414048591441656e+02
4.29799929938389710e+02
4.29821346370233073e+02
4.30063833904710123e+02
4.30182829801027424e+02
4.30284332724135652e+02
4.30371159502398768e+02
4.30721149394610279e+02
4.30933280664520566e+02
4.30933748720681251e+02
4.30964191389109601e+02
4.31196294782567406e+02
4.31451668298210166e+02
4.31710279385959893e+02
4.31743214591517585e+02
4.31785126307039377e+02
4.31922846721978544e+02
4.32221615465471587e+02
4.32251012565241012e+02
4.32371958612366939e+02
4.32395085879756266e+02
4.32558884976641480e+02
4.32649640706835385e+02
4.32682032049665509e+02
4.32700466680390946e+02
4.32761183380627699e+02
4.32767270042340897e+02
4.33129661408229367e+02
4.33246691591082140e+02
4.33737935278059581e+02
4.34130810354487267e+02
4.34347578197919461e+02
4.34452305791196068e+02
4.34542560868876990e+02
4.34543426656315091e+02
4.34832659328235650e+02
4.34911572853407961e+02
4.34927101904941082e+02
4.35023202263793905e+02
4.35099818604603797e+02
4.35289858334686642e+02
4.35682145181405872e+02
4.35751380675694122e+02
4.35801467265026986e+02
4.35835298486036891e+02
4.36036327901544382e+02
4.36046258159132208e+02
4.36053293302315069e+02
4.36269632811958672e+02
4.36439726505241424e+02
4.36852787160195021e+02
4.36924105071579447e+02
4.36946290566261268e+02
4.37007700801728447e+02
4.37029757269569018e+02
4.37040570524957843e+02
4.37386045017209085e+02
4.37570402723882694e+02
4.37672667350503502e+02
4.37965291085781246e+02
4.38164691235391956e+02
4.38278342378053139e+02
4.38423922656896480e+02
4.38562997597922731e+02
4.38609528482039650e+02
4.38654852674085078e+02
4.38905003829526777e+02
4.38906579792017737e+02
4.39023406764381662e+02
4.39144221662537575e+02
4.39620628392078743e+02
4.40226466870234844e+02
4.40350569795341130e+02
4.40928534060897391e+02
4.41022388961973093e+02
4.41192562109981168e+02
4.41226444354070054e+02
4.41273438990000500e+02
4.41279649153434548e+02
4.41391659486873323e+02
4.41704431697117798e+02
4.41756197498660754e+02
4.41768796816761210e+02
4.42187836244329560e+02
4.42251797248327648e+02
4.42313218973914445e+02
4.42490002144857840e+02
4.42500686152178787e+02
4.42823634122603380e+02
4.42873842517655817e+02
4.42885442726512338e+02
4.43259929328402450e+02
4.43346773345233260e+02
4.43388534206775716e+02
4.43617768222804443e+02
4.43679695680063901e+02
4.43697872597255468e+02
4.43752487862108978e+02
