1.9602360496694499e+02
1.9626177626428981e+02
1.9648950730497864e+02
1.9667270744528204e+02
1.9705262597996301e+02
1.9712191047749315e+02
1.9714197504473628e+02
1.9762025818191105e+02
1.9802526690041711e+02
1.9813740638019078e+02
1.9848227065807390e+02
1.9853770972221776e+02
1.9906342117236099e+02
1.9925350082602876e+02
1.9993498125834435e+02
2.0035141438479991e+02
2.0049533474877924e+02
2.0072998482147219e+02
2.0127186001124539e+02
2.0160878560796024e+02
2.0165527190496169e+02
2.0185049603638916e+02
2.0194967278347730e+02
2.0228615957933883e+02
2.0247080645335885e+02
2.0257607199856830e+02
2.0298817692415975e+02
2.0305289684651828e+02
2.0312169897750690e+02
2.0320391127164589e+02
2.0328665558522573e+02
2.0341166699042259e+02
2.0345842131058089e+02
2.0348524610225155e+02
2.0354306925243509e+02
2.0490450738332993e+02
2.0522635235603357e+02
2.0531695594943665e+02
2.0546375210437421e+02
2.0622998616660254e+02
2.0629007171318148e+02
2.0643403402376447e+02
2.0658711450784347e+02
2.0662246516208580e+02
2.0671733481373036e+02
2.0746145724428581e+02
2.0784666192430132e+02
2.0786847822003676e+02
2.0792074249903149e+02
2.0824831588255449e+02
2.0829320464049530e+02
2.0838286647154223e+02
2.0846736916912789e+02
2.0852893124319115e+02
2.0878543551851686e+02
2.0896207023231068e+02
2.0909385227326118e+02
2.0930996176514336e+02
2.1036632549341073e+02
2.1056259509628546e+02
2.1098107238340245e+02
2.1153952947854881e+02
2.1171548066969143e+02
2.1189229173987138e+02
2.1202516539846732e+02
2.1217094474558559e+02
2.1229709097539612e+02
2.1254931175063723e+02
2.1260414222608500e+02
2.1285421098437851e+02
