3.2482375339522486e+02
3.2550675895624892e+02
3.2602978211881322e+02
3.2681576616343841e+02
3.2760335028871805e+02
3.2810102936281550e+02
3.2872029824998117e+02
3.2908773280041549e+02
3.2993060496642153e+02
3.3160962602744098e+02
3.3202028577615584e+02
3.3232635981780493e+02
3.3258303294141018e+02
3.3343380033766039e+02
3.3358205876225048e+02
3.3501580291665687e+02
3.3570131468576119e+02
3.3610084085923461e+02
3.3668018868269439e+02
3.3719760969853689e+02
3.3859314900139333e+02
3.3981509800236807e+02
3.4234248687148312e+02
3.4272082861990805e+02
3.4367072785604591e+02
3.4417157489587362e+02
3.4446413042211384e+02
3.4514843365577076e+02
