3.4234082634460827e+02
3.4272638754100268e+02
3.4367802910032810e+02
3.4417760931124940e+02
3.4446439892711419e+02
3.4514837768422444e+02
3.4604526342927647e+02
3.4671622261298324e+02
3.4749516640937088e+02
3.4874955608634872e+02
3.4895067245427060e+02
3.4938566571660624e+02
3.4991160366692128e+02
3.5061501326306859e+02
3.5135129289573717e+02
3.5319159706003126e+02
3.5384901699237747e+02
3.5465822781782367e+02
3.5616855596144819e+02
3.5744170467807010e+02
3.5977687578460672e+02
3.6228695431751117e+02
3.6325460545203600e+02
3.6386928874161231e+02
3.6464534552014891e+02
