2.5608234773333095e+02
2.5634705056479481e+02
2.5668644492857158e+02
2.5705165524805068e+02
2.5754497267715101e+02
2.5776060195684181e+02
2.5817900323137360e+02
2.5830095605955182e+02
2.5833700694696984e+02
2.5856606446710651e+02
2.5907606453392287e+02
2.5915847056595692e+02
2.5978728379052433e+02
2.6004504963304561e+02
2.6021812240308014e+02
2.6069869835475021e+02
2.6073301684995181e+02
2.6078723664162783e+02
2.6092205201503140e+02
2.6156304167770134e+02
2.6230737490719076e+02
2.6252436372518338e+02
2.6275807824629760e+02
2.6299513717690394e+02
2.6342417706706556e+02
2.6359568483173337e+02
2.6363112983489913e+02
2.6385083886042929e+02
2.6409645052819809e+02
2.6426242236874867e+02
2.6432251180495678e+02
2.6445772394238742e+02
2.6459782187210516e+02
2.6540535517723100e+02
2.6557212764948844e+02
2.6568200368498009e+02
2.6595039578787777e+02
2.6649273408792914e+02
2.6664706313320323e+02
2.6690509212820905e+02
2.6723111705270935e+02
2.6754381832579480e+02
2.6823947747480599e+02
2.6883036144838064e+02
2.6901624281488017e+02
2.6960424484600514e+02
2.7033149472926272e+02
2.7053064574289834e+02
2.7058161366756121e+02
2.7067734080554811e+02
2.7106180859005423e+02
2.7121465865453638e+02
2.7128749394105421e+02
2.7152939283539473e+02
2.7170223970682520e+02
2.7212420016891275e+02
2.7244303190019917e+02
2.7254658981716778e+02
2.7304918773502521e+02
2.7350660986972832e+02
2.7363958556825332e+02
2.7401055685676374e+02
2.7427638382589146e+02
2.7459812977079241e+02
2.7506763311490317e+02
2.7519823913777310e+02
