5.27285018702340125e+00
7.85854694017565691e+00
1.00080336757326904e+01
1.11664309257065142e+01
1.33578684600189561e+01
1.43293023570160187e+01
1.52300438413842798e+01
1.66955250101414236e+01
1.73749456550201771e+01
1.81780394792606046e+01
2.00647428091277078e+01
2.09102643827576600e+01
2.09378998748810687e+01
2.20820568615047037e+01
2.26836932445655179e+01
2.53263121144397800e+01
2.54916787991342204e+01
2.56714100521325719e+01
2.57913742915564015e+01
2.74912706416609041e+01
2.78758769956314509e+01
2.85015131271146345e+01
2.92351565670268201e+01
3.04230246175875578e+01
3.06759466492698891e+01
3.13703062146187932e+01
3.20382063426054486e+01
3.36059784278094185e+01
3.37332979493863263e+01
3.37763057138313343e+01
3.45549691031971662e+01
3.58397457257465248e+01
3.58604474163531108e+01
3.58981626877326505e+01
3.59175535994785378e+01
3.59509616184339791e+01
3.59851128133126679e+01
3.60425634999468514e+01
3.61060861083509792e+01
3.61753834668598842e+01
3.65118152033421097e+01
3.73862433954890037e+01
3.76776030790663583e+01
3.91411993197817338e+01
3.92434306855369641e+01
3.96051349495261320e+01
4.03994943919564662e+01
4.04228769099666323e+01
4.04998569426754500e+01
4.18418652574726480e+01
4.26075886156304193e+01
4.30147754933451694e+01
4.33202383785769456e+01
4.47451951040085163e+01
4.53563049104175633e+01
4.61429603264657402e+01
4.69459110843177854e+01
4.70909071264147059e+01
4.76174447104922791e+01
4.77532608339752755e+01
4.79335730897166172e+01
4.79998867821772137e+01
4.82208299797251669e+01
4.84698286201085153e+01
4.97405041015376810e+01
4.98792265676334523e+01
5.01950497765016337e+01
5.09576291976290747e+01
5.20897342484504122e+01
5.26073020801125892e+01
5.33689114514457543e+01
5.42462035453389149e+01
5.43470012621157821e+01
5.46938665114542744e+01
5.50774996783158883e+01
5.54120342327304343e+01
5.57648020854531978e+01
5.58386254565485700e+01
5.61263198061196107e+01
5.70834174352171289e+01
5.75915127280973422e+01
5.78770112860538148e+01
5.80582583629237234e+01
5.87529954089365987e+01
5.94622603150529869e+01
6.04529964020893118e+01
6.12969209443010499e+01
6.15045400186946267e+01
6.20107765512603351e+01
6.22857360170796994e+01
6.25713668067577942e+01
6.37450214715073287e+01
6.43526668609517145e+01
6.45025024947498764e+01
6.46498177556269837e+01
6.49500985080450732e+01
6.49874962606041606e+01
6.54129932670464598e+01
6.60734994353636438e+01
6.61746056635185482e+01
6.66056737131796837e+01
6.74904368213415324e+01
6.79520152033404798e+01
6.94141506108050095e+01
6.99566595656025640e+01
7.00120309739696722e+01
7.07196452392445849e+01
7.08383375057482141e+01
7.09250324379630541e+01
7.15572826325286542e+01
7.16822104774962838e+01
7.20837674495115834e+01
7.24264619550737052e+01
7.34934850419043642e+01
7.35819500494016978e+01
7.40123625869207729e+01
7.41922589610184104e+01
7.45031422869189157e+01
7.48634591670741116e+01
7.55029943128587888e+01
7.58335568357184258e+01
7.60805582863119270e+01
7.61897786128286327e+01
7.79612369575247612e+01
7.83512022605969207e+01
7.86130483720059345e+01
7.93874203098928177e+01
7.94560338022803734e+01
7.95617569840333232e+01
7.96265765778073558e+01
7.97025765077997050e+01
8.02816579075381185e+01
8.12740964135278432e+01
8.24123300111330934e+01
8.25851968933013865e+01
8.31952603342541579e+01
8.47135499074089466e+01
8.50298734535831500e+01
8.54041177729571359e+01
8.55448597191312388e+01
8.59121132645688590e+01
8.64429525664259586e+01
8.74608856233649021e+01
8.76082733727378411e+01
8.78924867956573905e+01
8.86072924141592893e+01
9.19504072763586606e+01
9.21288490824936730e+01
9.53265220575045618e+01
9.54657674413800379e+01
9.57597409028923607e+01
9.59215583440540343e+01
9.71835987775428549e+01
1.00493795789330832e+02
1.00737259696263536e+02
1.01601976109437032e+02
1.02597976309863441e+02
1.03059421791016788e+02
1.03331163989614197e+02
1.04448727385615143e+02
1.04954428075405744e+02
1.05061070589614530e+02
1.06617333527657266e+02
1.06729855066656569e+02
1.07053449572210866e+02
1.07340771620340746e+02
1.07896164435265234e+02
1.08068660089955443e+02
1.10269395028925857e+02
1.12182188790183673e+02
1.12831514938013868e+02
1.12948846235803529e+02
1.13739322275240824e+02
1.14201360372716152e+02
1.14426684974379583e+02
1.14536503796364457e+02
1.18412059831905509e+02
1.19168747953291401e+02
1.19613148901962390e+02
1.20499195930321605e+02
1.23649869900010103e+02
1.24150037641633133e+02
1.24551320301823850e+02
1.25335137253831334e+02
1.25704167474829831e+02
1.26304076166035728e+02
1.26431930784579251e+02
1.26628945922951914e+02
1.30573723496719879e+02
1.31429502954202150e+02
1.31965574124528871e+02
1.32760288410497679e+02
1.33460515244641016e+02
1.34503810560306050e+02
1.36409944643029348e+02
1.40520826325213136e+02
1.42170486854996540e+02
1.44538437462677933e+02
1.44773901363022844e+02
1.44948360065458303e+02
1.45035601547412710e+02
1.45213564617777649e+02
1.45553453159470109e+02
1.45963202593348996e+02
1.46448102481644696e+02
1.46728490829767793e+02
1.48765658073830934e+02
1.51979449287698856e+02
1.52356169028758387e+02
1.52997566310899600e+02
1.53364203801161636e+02
1.53482937246069156e+02
1.53848992067446062e+02
1.53998239621657149e+02
1.54531480072765135e+02
1.55280207150932767e+02
1.55544051139457849e+02
1.57909223905388160e+02
1.58249641620367015e+02
1.59108679706505484e+02
1.60130390849880399e+02
1.66386503808791588e+02
1.67165183249146367e+02
1.67576460860097626e+02
1.68079108131185791e+02
1.72928065030466200e+02
1.74031297250509652e+02
1.74270609962006262e+02
1.75078745473180305e+02
1.75219579159833955e+02
1.76268297992071155e+02
1.79082748650851954e+02
1.79361863160326095e+02
1.79985141984683651e+02
1.80750485553261484e+02
1.80956923840636819e+02
1.84873861925527876e+02
1.86345916895798155e+02
1.87355723740950282e+02
1.87486480271428945e+02
1.88159846933672043e+02
1.89409591915153555e+02
1.90161985833633224e+02
1.90605691270462472e+02
1.92588518968435324e+02
1.92984719666799435e+02
1.93404268764389059e+02
1.94471021687872053e+02
1.95220352040832950e+02
1.96874970872939997e+02
1.98698818831867470e+02
2.01367917043944544e+02
2.02163465002801672e+02
2.02613677370171388e+02
2.03393423104291486e+02
2.04388830847804286e+02
2.06851854114863386e+02
2.07211597432007977e+02
2.09334719114153245e+02
2.10822953570690288e+02
2.11479715048953437e+02
2.12678806169337776e+02
2.16714972180893369e+02
2.16882096461598366e+02
2.18360841470723130e+02
2.18926087289410930e+02
2.19584436830749041e+02
2.20140680604164714e+02
2.20638539596842747e+02
2.21160574464235509e+02
2.22090857892522990e+02
2.22793034903695400e+02
2.24758210444003339e+02
2.25378691095841134e+02
2.27636693960307610e+02
2.28205176286364235e+02
2.28666651439168504e+02
2.29282891114578689e+02
2.29661107183690774e+02
2.30880079075481660e+02
2.31045165568967320e+02
2.35096444344686887e+02
2.36334413851275770e+02
2.36887059867503922e+02
2.39162866528374252e+02
2.40074318347115906e+02
2.43175523743273459e+02
2.43687541253299855e+02
2.44124691526209176e+02
2.46308567513305462e+02
2.46886003074961508e+02
2.48140408184598556e+02
2.48422612621849794e+02
2.49106182626389483e+02
2.53226764127109362e+02
2.54234830717657928e+02
2.54752435757440679e+02
2.55012558620725429e+02
2.55970849806281223e+02
2.56246478577197649e+02
2.56412328325829719e+02
2.56717538257481010e+02
2.57345708026291959e+02
2.58358986084062224e+02
2.59314278648913671e+02
2.63337499402601907e+02
2.65367602836274500e+02
2.66391667000775328e+02
2.67739864268540657e+02
2.69589481205703692e+02
2.69913032483389316e+02
2.71264777452846715e+02
2.71441905230821590e+02
2.72062809377241933e+02
2.72903429926974013e+02
2.73266617156559732e+02
2.79294155524949588e+02
2.80940717357409881e+02
2.82537100794645767e+02
2.83187989467512580e+02
2.84343249843143440e+02
2.86444890485645772e+02
2.87914504856267229e+02
2.90647727626179289e+02
2.90983128709649691e+02
2.91678956137869932e+02
2.92418059667858188e+02
2.94816298871234380e+02
2.96582506598094426e+02
2.97339733852074232e+02
2.98302524683363458e+02
2.99095386919577720e+02
2.99434198466882322e+02
2.99615733284806367e+02
3.00305067868643789e+02
3.00556941368256048e+02
3.03795600168031683e+02
3.04537743364552796e+02
3.04979686573458252e+02
3.06065119865616509e+02
3.07252414330697775e+02
3.08815852664551130e+02
3.14641532728804805e+02
3.14976246486311481e+02
3.15508743656132481e+02
3.16267454468540564e+02
3.16843050087838833e+02
3.19635192956947094e+02
3.22117468520263287e+02
3.22517679234523428e+02
3.24763191154506103e+02
3.25486269729126661e+02
3.26347867238418416e+02
3.27583940129619350e+02
3.30204070405473999e+02
3.30676268031594986e+02
3.34162955124223231e+02
3.34520842347238499e+02
3.34816981649885975e+02
3.35578658865690045e+02
3.35944743581345165e+02
3.36367563968445666e+02
3.36603431269823943e+02
3.36895954502312293e+02
3.37343336279656796e+02
3.38110748738674147e+02
3.43691992370717344e+02
3.44407037300247680e+02
3.44938312449917419e+02
3.46110597203930013e+02
3.52200432098333522e+02
3.54128452245516542e+02
3.54631451373691220e+02
3.54972778267309764e+02
3.55318959749698649e+02
3.55681470159202945e+02
3.55912962804788435e+02
3.64915292960242539e+02
3.65339103921873061e+02
3.66254820960174357e+02
3.66618764611412359e+02
3.66876316588007285e+02
3.67526533843703078e+02
3.67849287884757359e+02
3.68307009634890392e+02
3.69162223263787268e+02
3.72490918015539023e+02
3.73091043378082645e+02
3.73420941259335279e+02
3.74474916176813053e+02
3.74757677569961572e+02
3.75169601380832546e+02
3.75588532557873748e+02
3.75925086091221772e+02
3.76198085711770545e+02
3.76640977323932589e+02
3.76925879089022999e+02
3.79433859715448193e+02
3.83702066043764376e+02
3.84930257979730868e+02
3.85815032594611125e+02
3.86610408682632851e+02
3.87213321061128113e+02
3.88815243159595639e+02
3.90529750558193882e+02
3.94215308628284220e+02
3.94671777998235427e+02
3.96534324419615075e+02
3.96971717809808752e+02
3.98213332596583882e+02
3.98798892160165906e+02
3.99892253548900726e+02
4.01096668170644762e+02
4.01902311893375554e+02
4.03459139662166763e+02
4.08358348779505036e+02
4.08611127969311895e+02
4.08871786589139788e+02
4.09525914263679624e+02
4.09839856261347450e+02
4.11462634155799890e+02
4.11749939180789568e+02
4.12089081029415638e+02
4.12440680418196109e+02
4.12785605715459610e+02
4.13300122962110663e+02
4.13707322351995572e+02
4.14263249045264899e+02
4.16158594689729455e+02
4.17859055879099685e+02
4.18614539523778262e+02
4.19319886724159346e+02
4.19731743990252085e+02
4.20102367489321011e+02
4.20473965821446768e+02
4.21160379739541554e+02
4.21846799017243995e+02
4.22430896357180472e+02
4.23605789698792364e+02
4.28334927908598559e+02
4.29289443118697932e+02
4.30257590747449740e+02
4.30529438060654684e+02
4.30868670893327192e+02
4.31276781558782659e+02
4.31737270204587958e+02
4.32214718568620242e+02
4.32957878851679823e+02
4.33563460000167311e+02
4.37904220381149969e+02
4.38537986392843209e+02
4.39085032805708408e+02
4.39620176382176510e+02
4.40145954628567665e+02
4.40728320945045311e+02
4.41082143170637096e+02
4.41384816224059819e+02
4.41793945149879278e+02
4.42548266420464188e+02
