1.6943894730191354e+02
1.6954385574854231e+02
1.6999857096217474e+02
1.7046583003178912e+02
1.7053919815482612e+02
1.7088801574434692e+02
1.7092171093475068e+02
1.7207507086160990e+02
1.7217960479892716e+02
1.7265376032815789e+02
1.7281001482086714e+02
1.7292941282675031e+02
1.7301114155323742e+02
1.7310878629168113e+02
1.7321089763513777e+02
1.7324822118388272e+02
1.7342294907127879e+02
1.7365614948034130e+02
1.7373478338083910e+02
1.7391436072146686e+02
1.7436976212440351e+02
1.7444739786329330e+02
1.7447909832276548e+02
1.7525909456878517e+02
1.7532740096076714e+02
1.7610447314206556e+02
1.7616228709689432e+02
1.7625971378779479e+02
1.7628705208495921e+02
1.7745018334681123e+02
1.7751332839670025e+02
1.7760393090122264e+02
1.7776624697020031e+02
1.7788232896646957e+02
1.7811460080734903e+02
1.7855252323690129e+02
1.7865000369944485e+02
1.7884839087873340e+02
1.7894579392565817e+02
1.7902254439283490e+02
1.7933634934888144e+02
1.7970776332741312e+02
1.7980107216133814e+02
1.8015605857917350e+02
1.8036149285490663e+02
1.8058188158514287e+02
1.8073446237348128e+02
1.8089833338572203e+02
1.8116364887813921e+02
1.8125100382487855e+02
1.8167089113997892e+02
1.8178489083339321e+02
1.8280926909105824e+02
1.8290471350602132e+02
1.8297861388858419e+02
1.8338939166014285e+02
1.8347737422955981e+02
1.8372071268231949e+02
1.8415168673126831e+02
1.8426900889793663e+02
1.8429641473196313e+02
1.8488366618273244e+02
