1.8280926700647993e+02
1.8290471408391852e+02
1.8297861333194601e+02
1.8338939430240751e+02
1.8347737487236958e+02
1.8372071175699875e+02
1.8415168586799393e+02
1.8426900864466896e+02
1.8429641334300933e+02
1.8488366619852377e+02
1.8556324797105094e+02
1.8567451973219175e+02
1.8593154495979499e+02
1.8613566987802298e+02
1.8639654137554157e+02
1.8661520232557680e+02
1.8717508087534665e+02
1.8725506522087252e+02
1.8746927056283300e+02
1.8781460566340752e+02
1.8790289793601968e+02
1.8795021969566676e+02
1.8814005520095066e+02
1.8826048997213309e+02
1.8851440780638944e+02
1.8860865703404579e+02
1.8890865282768709e+02
1.8906563649375124e+02
1.8922302086499008e+02
1.9002341151859662e+02
1.9004597385262147e+02
1.9010992991866127e+02
1.9032867960756136e+02
1.9048360995877158e+02
1.9131672004112508e+02
1.9134167438048047e+02
1.9141243594000602e+02
1.9178659626570064e+02
1.9194141414756567e+02
1.9229442554390127e+02
1.9232655122823459e+02
1.9244830756092841e+02
1.9257640794059702e+02
1.9268347396192624e+02
1.9328368391089131e+02
1.9331998353566237e+02
1.9366124272566100e+02
1.9390002714446280e+02
1.9420610856954860e+02
1.9428083113484206e+02
1.9448060440152821e+02
1.9453160117022617e+02
1.9500226295794482e+02
1.9504983479834149e+02
1.9569425408069583e+02
1.9602361214621305e+02
1.9626179414272039e+02
1.9648951192338311e+02
1.9667271539383674e+02
1.9705263870396027e+02
1.9712192049204862e+02
1.9714198081994471e+02
1.9762025410026357e+02
1.9802526551194015e+02
1.9813741352181350e+02
1.9848228627985890e+02
1.9853784464059612e+02
