6.4318130699267655e+01
6.4460114562289078e+01
6.4615021152734457e+01
6.4919056662989433e+01
6.4945606862470299e+01
6.5377587263463084e+01
6.6043920034011862e+01
6.6132431326654256e+01
6.6569669005858501e+01
6.7453448376581761e+01
6.7917111139356010e+01
6.9382373250060326e+01
6.9921755164459384e+01
6.9934032036344092e+01
6.9968533435714377e+01
7.0674682318936064e+01
7.0789929697939158e+01
7.0884960318548735e+01
7.1522752926057635e+01
7.1649940486717711e+01
7.2042518860664458e+01
7.2379050427598699e+01
7.3455211243249806e+01
7.3539375783319144e+01
