9.87829701020054785e+00
2.02086814340463263e+01
2.02086814340463263e+01
2.02086814340463263e+01
3.32477009092763041e+01
3.32477009092763041e+01
3.32477009092763041e+01
3.32477009092763041e+01
3.32477009092763041e+01
3.95150445136848987e+01
4.88773290373170965e+01
4.88773290373170965e+01
4.88773290373170965e+01
4.88773290373170965e+01
4.88773290373170965e+01
4.88773290373170965e+01
4.88773290373170965e+01
5.97384818526858083e+01
5.97384818526858083e+01
5.97384818526858083e+01
6.70216421786006720e+01
6.70216421786006720e+01
6.70216421786006720e+01
6.70216421786006720e+01
6.70216421786006720e+01
6.70216421786006720e+01
6.70216421786006720e+01
6.70216421786006720e+01
6.70216421786006720e+01
8.28091441765361935e+01
8.28091441765361935e+01
8.28091441765361935e+01
8.28091441765361935e+01
8.28091441765361935e+01
8.76268319095371453e+01
8.76268319095371453e+01
8.76268319095371453e+01
8.76268319095371453e+01
8.76268319095371453e+01
8.76268319095371453e+01
8.76268319095371453e+01
8.76268319095371453e+01
8.76268319095371453e+01
8.76268319095371453e+01
8.76268319095371453e+01
8.89263464245823627e+01
1.08649779947036052e+02
1.08649779947036052e+02
1.08649779947036052e+02
1.08649779947036052e+02
1.08649779947036052e+02
1.08649779947036052e+02
1.08649779947036052e+02
1.10654317584640168e+02
1.10654317584640168e+02
1.10654317584640168e+02
1.10654317584640168e+02
1.10654317584640168e+02
1.10654317584640168e+02
1.10654317584640168e+02
1.10654317584640168e+02
1.10654317584640168e+02
1.10654317584640168e+02
1.10654317584640168e+02
1.10654317584640168e+02
1.10654317584640168e+02
1.19056222114164484e+02
1.19056222114164484e+02
1.19056222114164484e+02
1.36074964185255936e+02
1.36074964185255936e+02
1.36074964185255936e+02
1.36074964185255936e+02
1.36074964185255936e+02
1.36074964185255936e+02
1.36074964185255936e+02
1.36074964185255936e+02
1.36074964185255936e+02
1.36074964185255936e+02
1.36074964185255936e+02
1.36074964185255936e+02
1.36074964185255936e+02
1.36074964185255936e+02
1.36074964185255936e+02
1.37200820715909202e+02
1.37200820715909202e+02
1.37200820715909202e+02
1.37200820715909202e+02
1.37200820715909202e+02
1.37200820715909202e+02
1.37200820715909202e+02
1.37200820715909202e+02
1.37200820715909202e+02
1.52093310240120360e+02
1.52093310240120360e+02
1.52093310240120360e+02
1.52093310240120360e+02
1.52093310240120360e+02
1.58171744749649775e+02
1.63867332007753248e+02
1.63867332007753248e+02
1.63867332007753248e+02
1.63867332007753248e+02
1.63867332007753248e+02
1.63867332007753248e+02
1.63867332007753248e+02
1.63867332007753248e+02
1.63867332007753248e+02
1.63867332007753248e+02
1.63867332007753248e+02
1.63867332007753248e+02
1.63867332007753248e+02
1.63867332007753248e+02
1.63867332007753248e+02
1.63867332007753248e+02
1.63867332007753248e+02
1.68415479600660149e+02
1.68415479600660149e+02
1.68415479600660149e+02
1.68415479600660149e+02
1.68415479600660149e+02
1.68415479600660149e+02
1.68415479600660149e+02
1.68415479600660149e+02
1.68415479600660149e+02
1.68415479600660149e+02
1.68415479600660149e+02
1.87994320042267930e+02
1.87994320042267930e+02
1.87994320042267930e+02
1.87994320042267930e+02
1.87994320042267930e+02
1.87994320042267930e+02
1.87994320042267930e+02
1.94016694075124633e+02
1.94016694075124633e+02
1.94016694075124633e+02
1.94016694075124633e+02
1.94016694075124633e+02
1.94016694075124633e+02
1.94016694075124633e+02
1.94016694075124633e+02
1.94016694075124633e+02
1.94016694075124633e+02
1.94016694075124633e+02
1.94016694075124633e+02
1.94016694075124633e+02
1.94016694075124633e+02
1.94016694075124633e+02
1.94016694075124633e+02
1.94016694075124633e+02
1.94016694075124633e+02
1.94016694075124633e+02
1.98259938734039054e+02
1.98259938734039054e+02
1.98259938734039054e+02
2.02259935481659653e+02
2.02259935481659653e+02
2.02259935481659653e+02
2.02259935481659653e+02
2.02259935481659653e+02
2.02259935481659653e+02
2.02259935481659653e+02
2.02259935481659653e+02
2.02259935481659653e+02
2.02259935481659653e+02
2.02259935481659653e+02
2.02259935481659653e+02
2.02259935481659653e+02
2.26618336486322022e+02
2.26618336486322022e+02
2.26618336486322022e+02
2.26618336486322022e+02
2.26618336486322022e+02
2.26618336486322022e+02
2.26618336486322022e+02
2.26618336486322022e+02
2.26618336486322022e+02
2.26618336486322022e+02
2.26618336486322022e+02
2.26618336486322022e+02
2.26618336486322022e+02
2.26618336486322022e+02
2.26618336486322022e+02
2.26618336486322022e+02
2.26618336486322022e+02
2.26618336486322022e+02
2.26618336486322022e+02
2.26618336486322022e+02
2.26618336486322022e+02
2.26618336486322022e+02
2.26618336486322022e+02
2.26618336486322022e+02
2.26618336486322022e+02
2.26618336486322022e+02
2.26618336486322022e+02
2.26618336486322022e+02
2.26618336486322022e+02
2.26618336486322022e+02
2.38710956922816536e+02
2.38710956922816536e+02
2.38710956922816536e+02
2.38710956922816536e+02
2.38710956922816536e+02
2.38710956922816536e+02
2.38710956922816536e+02
2.38710956922816536e+02
2.38710956922816536e+02
2.38710956922816536e+02
2.38710956922816536e+02
2.38710956922816536e+02
2.38710956922816536e+02
2.38710956922816536e+02
2.38710956922816536e+02
2.41320663054573004e+02
2.41320663054573004e+02
2.41320663054573004e+02
2.41320663054573004e+02
2.41320663054573004e+02
2.47393260810630693e+02
2.61352213657593779e+02
2.61352213657593779e+02
2.61352213657593779e+02
2.61352213657593779e+02
2.61352213657593779e+02
2.61352213657593779e+02
2.61352213657593779e+02
2.61352213657593779e+02
2.61352213657593779e+02
2.61352213657593779e+02
2.61352213657593779e+02
2.61352213657593779e+02
2.61352213657593779e+02
2.61352213657593779e+02
2.61352213657593779e+02
2.61352213657593779e+02
2.61352213657593779e+02
2.61352213657593779e+02
2.61352213657593779e+02
2.61352213657593779e+02
2.61352213657593779e+02
2.61352213657593779e+02
2.61352213657593779e+02
2.68253040118466515e+02
2.68253040118466515e+02
2.68253040118466515e+02
2.68253040118466515e+02
2.68253040118466515e+02
2.68253040118466515e+02
2.68253040118466515e+02
2.68253040118466515e+02
2.68253040118466515e+02
2.68253040118466515e+02
2.68253040118466515e+02
2.77748604889446028e+02
2.77748604889446028e+02
2.77748604889446028e+02
2.77748604889446028e+02
2.77748604889446028e+02
2.77748604889446028e+02
2.77748604889446028e+02
2.77748604889446028e+02
2.77748604889446028e+02
2.77748604889446028e+02
2.77748604889446028e+02
2.77748604889446028e+02
2.77748604889446028e+02
2.77748604889446028e+02
2.77748604889446028e+02
2.77748604889446028e+02
2.77748604889446028e+02
2.87334349439166886e+02
2.87334349439166886e+02
2.87334349439166886e+02
2.87334349439166886e+02
2.87334349439166886e+02
2.87334349439166886e+02
2.87334349439166886e+02
2.97564849720381176e+02
2.97564849720381176e+02
2.97564849720381176e+02
2.98532685766694271e+02
2.98532685766694271e+02
2.98532685766694271e+02
2.98532685766694271e+02
2.98532685766694271e+02
2.98532685766694271e+02
2.98532685766694271e+02
2.98532685766694271e+02
2.98532685766694271e+02
2.98532685766694271e+02
2.98532685766694271e+02
2.98532685766694271e+02
2.98532685766694271e+02
2.98532685766694271e+02
2.98532685766694271e+02
2.98532685766694271e+02
2.98532685766694271e+02
2.98532685766694271e+02
2.98532685766694271e+02
2.98532685766694271e+02
2.98532685766694271e+02
2.98532685766694271e+02
2.98532685766694271e+02
2.98532685766694271e+02
2.98532685766694271e+02
3.12560288987328818e+02
3.12560288987328818e+02
3.12560288987328818e+02
3.12560288987328818e+02
3.12560288987328818e+02
3.12560288987328818e+02
3.12560288987328818e+02
3.12560288987328818e+02
3.12560288987328818e+02
3.12560288987328818e+02
3.12560288987328818e+02
3.12560288987328818e+02
3.12560288987328818e+02
3.19369698265763418e+02
3.19369698265763418e+02
3.19369698265763418e+02
3.19369698265763418e+02
3.19369698265763418e+02
3.19369698265763418e+02
3.19369698265763418e+02
3.19369698265763418e+02
3.19369698265763418e+02
3.19369698265763418e+02
3.19369698265763418e+02
3.19369698265763418e+02
3.19369698265763418e+02
3.19369698265763418e+02
3.19369698265763418e+02
3.19369698265763418e+02
3.19369698265763418e+02
3.19369698265763418e+02
3.19369698265763418e+02
3.36278211109709673e+02
3.36278211109709673e+02
3.36278211109709673e+02
3.36278211109709673e+02
3.36278211109709673e+02
3.36278211109709673e+02
3.36278211109709673e+02
3.36278211109709673e+02
3.36278211109709673e+02
3.38058343274931758e+02
3.38058343274931758e+02
3.38058343274931758e+02
3.38058343274931758e+02
3.38058343274931758e+02
3.38058343274931758e+02
3.38058343274931758e+02
3.38058343274931758e+02
3.38058343274931758e+02
3.38058343274931758e+02
3.38058343274931758e+02
3.38058343274931758e+02
3.38058343274931758e+02
3.38058343274931758e+02
3.38058343274931758e+02
3.38058343274931758e+02
3.38058343274931758e+02
3.38058343274931758e+02
3.38058343274931758e+02
3.38058343274931758e+02
3.38058343274931758e+02
3.38058343274931758e+02
3.38058343274931758e+02
3.38058343274931758e+02
3.38058343274931758e+02
3.38058343274931758e+02
3.38058343274931758e+02
3.50776270070766145e+02
3.50776270070766145e+02
3.50776270070766145e+02
3.50776270070766145e+02
3.50776270070766145e+02
3.56855138631301998e+02
3.59642742549353102e+02
3.59642742549353102e+02
3.59642742549353102e+02
3.59642742549353102e+02
3.59642742549353102e+02
3.59642742549353102e+02
3.59642742549353102e+02
3.59642742549353102e+02
3.59642742549353102e+02
3.59642742549353102e+02
3.59642742549353102e+02
3.59642742549353102e+02
3.59642742549353102e+02
3.59642742549353102e+02
3.59642742549353102e+02
3.63568490014353245e+02
3.63568490014353245e+02
3.63568490014353245e+02
3.63568490014353245e+02
3.63568490014353245e+02
3.63568490014353245e+02
3.63568490014353245e+02
3.63568490014353245e+02
3.63568490014353245e+02
3.63568490014353245e+02
3.63568490014353245e+02
3.63568490014353245e+02
3.63568490014353245e+02
3.63568490014353245e+02
3.63568490014353245e+02
3.63568490014353245e+02
3.63568490014353245e+02
3.63568490014353245e+02
3.63568490014353245e+02
3.63568490014353245e+02
3.63568490014353245e+02
3.79936937039952113e+02
3.79936937039952113e+02
3.79936937039952113e+02
3.79936937039952113e+02
3.79936937039952113e+02
3.79936937039952113e+02
3.79936937039952113e+02
3.79936937039952113e+02
3.79936937039952113e+02
3.79936937039952113e+02
3.79936937039952113e+02
3.79936937039952113e+02
3.79936937039952113e+02
3.79936937039952113e+02
3.79936937039952113e+02
3.79936937039952113e+02
3.79936937039952113e+02
3.79936937039952113e+02
3.79936937039952113e+02
3.79936937039952113e+02
3.79936937039952113e+02
3.79936937039952113e+02
3.79936937039952113e+02
3.79936937039952113e+02
3.79936937039952113e+02
3.79936937039952113e+02
3.79936937039952113e+02
3.79936937039952113e+02
3.79936937039952113e+02
3.88156279827447520e+02
3.88156279827447520e+02
3.88156279827447520e+02
3.88156279827447520e+02
3.88156279827447520e+02
3.88156279827447520e+02
3.88156279827447520e+02
3.88156279827447520e+02
3.88156279827447520e+02
3.88156279827447520e+02
3.88156279827447520e+02
4.07048817572902408e+02
4.07048817572902408e+02
4.07048817572902408e+02
4.07048817572902408e+02
4.07048817572902408e+02
4.07048817572902408e+02
4.07048817572902408e+02
4.09498782050016644e+02
4.09498782050016644e+02
4.09498782050016644e+02
4.09498782050016644e+02
4.09498782050016644e+02
4.09498782050016644e+02
4.09498782050016644e+02
4.09498782050016644e+02
4.09498782050016644e+02
4.09498782050016644e+02
4.09498782050016644e+02
4.09498782050016644e+02
4.09498782050016644e+02
4.09498782050016644e+02
4.09498782050016644e+02
4.09498782050016644e+02
4.09498782050016644e+02
4.10351600280408661e+02
4.10351600280408661e+02
4.10351600280408661e+02
4.10351600280408661e+02
4.10351600280408661e+02
4.10351600280408661e+02
4.10351600280408661e+02
4.10351600280408661e+02
4.10351600280408661e+02
4.10351600280408661e+02
4.10351600280408661e+02
4.10351600280408661e+02
4.10351600280408661e+02
4.10351600280408661e+02
4.10351600280408661e+02
4.10351600280408661e+02
4.10351600280408661e+02
4.10351600280408661e+02
4.10351600280408661e+02
4.10351600280408661e+02
4.10351600280408661e+02
4.10351600280408661e+02
4.10351600280408661e+02
4.17281619124422889e+02
4.17281619124422889e+02
4.17281619124422889e+02
4.24176611726695683e+02
4.24176611726695683e+02
4.24176611726695683e+02
4.24176611726695683e+02
4.24176611726695683e+02
4.24176611726695683e+02
4.24176611726695683e+02
4.24176611726695683e+02
4.24176611726695683e+02
4.24176611726695683e+02
4.24176611726695683e+02
4.24176611726695683e+02
4.24176611726695683e+02
4.24176611726695683e+02
4.24176611726695683e+02
4.24176611726695683e+02
4.24176611726695683e+02
4.24176611726695683e+02
4.24176611726695683e+02
4.24176611726695683e+02
4.24176611726695683e+02
4.24176611726695683e+02
4.24176611726695683e+02
4.24176611726695683e+02
4.24176611726695683e+02
4.24176611726695683e+02
4.24176611726695683e+02
4.24176611726695683e+02
4.24176611726695683e+02
4.24176611726695683e+02
4.24176611726695683e+02
4.42979365978988483e+02
4.42979365978988483e+02
4.42979365978988483e+02
4.42979365978988483e+02
4.42979365978988483e+02
4.42979365978988483e+02
4.42979365978988483e+02
4.42979365978988483e+02
4.42979365978988483e+02
4.42979365978988483e+02
4.42979365978988483e+02
4.42979365978988483e+02
4.42979365978988483e+02
4.59719103404451801e+02
4.59719103404451801e+02
4.59719103404451801e+02
4.59719103404451801e+02
4.59719103404451801e+02
4.59719103404451801e+02
4.59719103404451801e+02
4.59719103404451801e+02
4.59719103404451801e+02
4.59719103404451801e+02
4.59719103404451801e+02
4.59719103404451801e+02
4.59719103404451801e+02
4.59719103404451801e+02
4.59719103404451801e+02
4.59719103404451801e+02
4.59719103404451801e+02
4.59719103404451801e+02
4.59719103404451801e+02
4.59719103404451801e+02
4.59719103404451801e+02
4.59719103404451801e+02
4.59719103404451801e+02
4.59719103404451801e+02
4.59719103404451801e+02
4.62140345551598841e+02
4.62140345551598841e+02
4.62140345551598841e+02
4.62140345551598841e+02
4.62140345551598841e+02
4.62140345551598841e+02
4.62140345551598841e+02
4.62140345551598841e+02
4.62140345551598841e+02
4.62140345551598841e+02
4.62140345551598841e+02
4.62140345551598841e+02
4.62140345551598841e+02
4.62140345551598841e+02
4.62140345551598841e+02
4.62140345551598841e+02
4.62140345551598841e+02
4.62140345551598841e+02
4.62140345551598841e+02
4.66423945524972169e+02
4.66423945524972169e+02
4.66423945524972169e+02
4.66423945524972169e+02
4.66423945524972169e+02
4.66423945524972169e+02
4.66423945524972169e+02
4.66423945524972169e+02
4.66423945524972169e+02
4.70742413084702775e+02
4.70742413084702775e+02
4.70742413084702775e+02
4.70742413084702775e+02
4.70742413084702775e+02
4.70742413084702775e+02
4.70742413084702775e+02
4.70742413084702775e+02
4.70742413084702775e+02
4.70742413084702775e+02
4.70742413084702775e+02
4.70742413084702775e+02
4.70742413084702775e+02
4.70742413084702775e+02
4.70742413084702775e+02
4.70742413084702775e+02
4.70742413084702775e+02
4.70742413084702775e+02
4.70742413084702775e+02
4.70742413084702775e+02
4.70742413084702775e+02
4.70742413084702775e+02
4.70742413084702775e+02
4.70742413084702775e+02
4.70742413084702775e+02
4.70742413084702775e+02
4.70742413084702775e+02
4.70742413084702775e+02
4.70742413084702775e+02
4.70742413084702775e+02
4.70742413084702775e+02
4.70742413084702775e+02
4.70742413084702775e+02
4.80939972327630585e+02
4.80939972327630585e+02
4.80939972327630585e+02
4.80939972327630585e+02
4.80939972327630585e+02
4.87061374602728506e+02
5.00748451143832767e+02
5.00748451143832767e+02
5.00748451143832767e+02
5.00748451143832767e+02
5.00748451143832767e+02
5.00748451143832767e+02
5.00748451143832767e+02
5.00748451143832767e+02
5.00748451143832767e+02
5.00748451143832767e+02
5.00748451143832767e+02
5.00748451143832767e+02
5.00748451143832767e+02
5.00748451143832767e+02
5.00748451143832767e+02
5.11714602329352829e+02
5.11714602329352829e+02
5.11714602329352829e+02
5.11714602329352829e+02
5.11714602329352829e+02
5.11714602329352829e+02
5.11714602329352829e+02
5.11714602329352829e+02
5.11714602329352829e+02
5.11714602329352829e+02
5.11714602329352829e+02
5.11714602329352829e+02
5.11714602329352829e+02
5.11714602329352829e+02
5.11714602329352829e+02
5.11714602329352829e+02
5.11714602329352829e+02
5.11714602329352829e+02
5.11714602329352829e+02
5.11714602329352829e+02
5.11714602329352829e+02
5.11714602329352829e+02
5.11714602329352829e+02
5.11714602329352829e+02
5.11714602329352829e+02
5.11714602329352829e+02
5.11714602329352829e+02
5.17565440679237440e+02
5.17565440679237440e+02
5.17565440679237440e+02
5.17565440679237440e+02
5.17565440679237440e+02
5.17565440679237440e+02
5.17565440679237440e+02
5.17565440679237440e+02
5.17565440679237440e+02
5.17565440679237440e+02
5.17565440679237440e+02
5.17565440679237440e+02
5.17565440679237440e+02
5.17565440679237440e+02
5.17565440679237440e+02
5.17565440679237440e+02
5.17565440679237440e+02
5.17565440679237440e+02
5.17565440679237440e+02
5.17565440679237440e+02
5.17565440679237440e+02
5.19830443799356772e+02
5.19830443799356772e+02
5.19830443799356772e+02
5.19830443799356772e+02
5.19830443799356772e+02
5.19830443799356772e+02
5.19830443799356772e+02
5.19830443799356772e+02
5.19830443799356772e+02
5.19830443799356772e+02
5.19830443799356772e+02
5.19830443799356772e+02
5.19830443799356772e+02
5.19830443799356772e+02
5.19830443799356772e+02
5.19830443799356772e+02
5.19830443799356772e+02
5.19830443799356772e+02
5.19830443799356772e+02
5.19830443799356772e+02
5.19830443799356772e+02
5.19830443799356772e+02
5.19830443799356772e+02
5.19830443799356772e+02
5.19830443799356772e+02
5.19830443799356772e+02
5.19830443799356772e+02
5.19830443799356772e+02
5.19830443799356772e+02
5.19830443799356772e+02
5.19830443799356772e+02
5.19830443799356772e+02
5.19830443799356772e+02
5.19830443799356772e+02
5.19830443799356772e+02
5.28824162098262150e+02
5.28824162098262150e+02
5.28824162098262150e+02
5.28824162098262150e+02
5.28824162098262150e+02
5.28824162098262150e+02
5.28824162098262150e+02
5.28824162098262150e+02
5.28824162098262150e+02
5.28824162098262150e+02
5.28824162098262150e+02
5.47771991724843929e+02
5.47771991724843929e+02
5.47771991724843929e+02
5.47771991724843929e+02
5.47771991724843929e+02
5.47771991724843929e+02
5.47771991724843929e+02
5.58099336980331827e+02
5.58099336980331827e+02
5.58099336980331827e+02
5.61496035908302247e+02
5.61496035908302247e+02
5.61496035908302247e+02
5.61496035908302247e+02
5.61496035908302247e+02
5.61496035908302247e+02
5.61496035908302247e+02
5.61496035908302247e+02
5.61496035908302247e+02
5.61496035908302247e+02
5.61496035908302247e+02
5.61496035908302247e+02
5.61496035908302247e+02
5.61496035908302247e+02
5.61496035908302247e+02
5.61496035908302247e+02
5.61496035908302247e+02
5.66338355151181304e+02
5.66338355151181304e+02
5.66338355151181304e+02
5.66338355151181304e+02
5.66338355151181304e+02
5.66338355151181304e+02
5.66338355151181304e+02
5.66338355151181304e+02
5.66338355151181304e+02
5.66338355151181304e+02
5.66338355151181304e+02
5.66338355151181304e+02
5.66338355151181304e+02
5.66338355151181304e+02
5.66338355151181304e+02
5.66338355151181304e+02
5.66338355151181304e+02
5.66338355151181304e+02
5.66338355151181304e+02
5.66338355151181304e+02
5.66338355151181304e+02
5.66338355151181304e+02
5.66338355151181304e+02
5.66338355151181304e+02
5.66338355151181304e+02
5.66338355151181304e+02
5.66338355151181304e+02
5.66338355151181304e+02
5.71277612668988809e+02
5.71277612668988809e+02
5.71277612668988809e+02
5.71277612668988809e+02
5.71277612668988809e+02
5.71277612668988809e+02
5.71277612668988809e+02
5.71277612668988809e+02
5.71277612668988809e+02
5.71277612668988809e+02
5.71277612668988809e+02
5.71277612668988809e+02
5.71277612668988809e+02
5.71277612668988809e+02
5.71277612668988809e+02
5.71277612668988809e+02
5.71277612668988809e+02
5.71277612668988809e+02
5.71277612668988809e+02
5.71277612668988809e+02
5.71277612668988809e+02
5.71277612668988809e+02
5.71277612668988809e+02
5.71277612668988809e+02
5.71277612668988809e+02
5.71277612668988809e+02
5.71277612668988809e+02
5.71277612668988809e+02
5.71277612668988809e+02
5.71277612668988809e+02
5.71277612668988809e+02
5.71277612668988809e+02
5.71277612668988809e+02
5.71277612668988809e+02
5.75799819281813939e+02
5.75799819281813939e+02
5.75799819281813939e+02
5.75799819281813939e+02
5.75799819281813939e+02
5.75799819281813939e+02
5.75799819281813939e+02
5.75799819281813939e+02
5.75799819281813939e+02
5.75799819281813939e+02
5.75799819281813939e+02
5.75799819281813939e+02
5.75799819281813939e+02
5.75799819281813939e+02
5.75799819281813939e+02
5.75799819281813939e+02
5.75799819281813939e+02
5.75799819281813939e+02
5.75799819281813939e+02
5.75799819281813939e+02
5.75799819281813939e+02
5.75799819281813939e+02
5.75799819281813939e+02
5.94554713235227950e+02
5.94554713235227950e+02
5.94554713235227950e+02
5.94554713235227950e+02
5.94554713235227950e+02
5.94554713235227950e+02
5.94554713235227950e+02
5.94554713235227950e+02
5.94554713235227950e+02
5.94554713235227950e+02
5.94554713235227950e+02
5.94554713235227950e+02
5.94554713235227950e+02
6.17869115338433062e+02
6.17869115338433062e+02
6.17869115338433062e+02
6.17869115338433062e+02
6.17869115338433062e+02
6.17869115338433062e+02
6.17869115338433062e+02
6.17869115338433062e+02
6.17869115338433062e+02
6.23614167805846364e+02
6.23614167805846364e+02
6.23614167805846364e+02
6.23614167805846364e+02
6.23614167805846364e+02
6.23614167805846364e+02
6.23614167805846364e+02
6.23614167805846364e+02
6.23614167805846364e+02
6.23614167805846364e+02
6.23614167805846364e+02
6.23614167805846364e+02
6.23614167805846364e+02
6.23614167805846364e+02
6.23614167805846364e+02
6.23614167805846364e+02
6.23614167805846364e+02
6.23614167805846364e+02
6.23614167805846364e+02
6.23614167805846364e+02
6.23614167805846364e+02
6.23614167805846364e+02
6.23614167805846364e+02
6.23614167805846364e+02
6.23614167805846364e+02
6.23614167805846364e+02
6.23614167805846364e+02
6.23614167805846364e+02
6.23614167805846364e+02
6.23614167805846364e+02
6.25211797263596736e+02
6.25211797263596736e+02
6.25211797263596736e+02
6.25211797263596736e+02
6.25211797263596736e+02
6.25211797263596736e+02
6.25211797263596736e+02
6.25211797263596736e+02
6.25211797263596736e+02
6.25211797263596736e+02
6.25211797263596736e+02
6.25211797263596736e+02
6.25211797263596736e+02
6.25211797263596736e+02
6.25211797263596736e+02
6.25211797263596736e+02
6.25211797263596736e+02
6.25211797263596736e+02
6.25211797263596736e+02
6.25211797263596736e+02
6.25211797263596736e+02
6.25211797263596736e+02
6.25211797263596736e+02
6.25211797263596736e+02
6.25211797263596736e+02
6.25211797263596736e+02
6.25211797263596736e+02
6.25211797263596736e+02
6.25211797263596736e+02
6.25211797263596736e+02
6.25211797263596736e+02
6.25211797263596736e+02
6.25211797263596736e+02
6.25211797263596736e+02
6.25211797263596736e+02
6.25211797263596736e+02
6.25211797263596736e+02
6.25211797263596736e+02
6.25211797263596736e+02
6.25211797263596736e+02
6.25211797263596736e+02
6.25211797263596736e+02
6.25211797263596736e+02
6.25211797263596736e+02
6.25211797263596736e+02
6.25211797263596736e+02
6.25211797263596736e+02
6.32423054192734185e+02
6.32423054192734185e+02
6.32423054192734185e+02
6.32423054192734185e+02
6.32423054192734185e+02
6.36899378449044207e+02
6.36899378449044207e+02
6.36899378449044207e+02
6.36899378449044207e+02
6.36899378449044207e+02
6.36899378449044207e+02
6.36899378449044207e+02
6.36899378449044207e+02
6.36899378449044207e+02
6.36899378449044207e+02
6.36899378449044207e+02
6.36899378449044207e+02
6.36899378449044207e+02
6.36899378449044207e+02
6.36899378449044207e+02
6.36899378449044207e+02
6.36899378449044207e+02
6.36899378449044207e+02
6.36899378449044207e+02
6.36899378449044207e+02
6.36899378449044207e+02
6.36899378449044207e+02
6.36899378449044207e+02
6.36899378449044207e+02
6.38672252266013288e+02
6.63256945398237576e+02
6.63256945398237576e+02
6.63256945398237576e+02
6.63256945398237576e+02
6.63256945398237576e+02
6.63256945398237576e+02
6.63256945398237576e+02
6.63256945398237576e+02
6.63256945398237576e+02
6.63256945398237576e+02
6.63256945398237576e+02
6.63256945398237576e+02
6.63256945398237576e+02
6.63256945398237576e+02
6.63256945398237576e+02
6.81584396233360394e+02
6.81584396233360394e+02
6.81584396233360394e+02
6.81584396233360394e+02
6.81584396233360394e+02
6.81584396233360394e+02
6.81584396233360394e+02
6.81584396233360394e+02
6.81584396233360394e+02
6.81584396233360394e+02
6.81584396233360394e+02
6.81584396233360394e+02
6.81584396233360394e+02
6.81584396233360394e+02
6.81584396233360394e+02
6.81584396233360394e+02
6.81584396233360394e+02
6.81584396233360394e+02
6.81584396233360394e+02
6.81584396233360394e+02
6.81584396233360394e+02
6.81584396233360394e+02
6.81584396233360394e+02
6.81584396233360394e+02
6.81584396233360394e+02
6.81584396233360394e+02
6.81584396233360394e+02
6.81584396233360394e+02
6.81584396233360394e+02
6.81584396233360394e+02
6.81584396233360394e+02
6.81584396233360394e+02
6.81584396233360394e+02
6.81584396233360394e+02
6.81584396233360394e+02
6.83579595867905709e+02
6.83579595867905709e+02
6.83579595867905709e+02
6.83579595867905709e+02
6.83579595867905709e+02
6.83579595867905709e+02
6.83579595867905709e+02
6.83579595867905709e+02
6.83579595867905709e+02
6.83579595867905709e+02
6.83579595867905709e+02
6.83579595867905709e+02
6.83579595867905709e+02
6.83579595867905709e+02
6.83579595867905709e+02
6.83579595867905709e+02
6.83579595867905709e+02
6.83579595867905709e+02
6.83579595867905709e+02
6.83579595867905709e+02
6.83579595867905709e+02
6.83579595867905709e+02
6.83579595867905709e+02
6.83579595867905709e+02
6.83579595867905709e+02
6.83579595867905709e+02
6.83579595867905709e+02
6.83579595867905709e+02
6.83579595867905709e+02
6.83579595867905709e+02
6.91407183751943194e+02
6.91407183751943194e+02
6.91407183751943194e+02
6.91407183751943194e+02
6.91407183751943194e+02
6.91407183751943194e+02
6.91407183751943194e+02
6.91407183751943194e+02
6.91407183751943194e+02
6.91407183751943194e+02
6.91407183751943194e+02
6.91407183751943194e+02
6.91407183751943194e+02
6.91407183751943194e+02
6.91407183751943194e+02
6.91407183751943194e+02
6.91407183751943194e+02
6.91407183751943194e+02
6.91407183751943194e+02
6.91407183751943194e+02
6.91407183751943194e+02
6.91407183751943194e+02
6.91407183751943194e+02
6.91407183751943194e+02
6.91407183751943194e+02
6.91407183751943194e+02
6.91407183751943194e+02
6.91407183751943194e+02
6.91407183751943194e+02
6.91407183751943194e+02
6.91407183751943194e+02
7.00877925875748247e+02
7.00877925875748247e+02
7.00877925875748247e+02
7.00877925875748247e+02
7.00877925875748247e+02
7.00877925875748247e+02
7.00877925875748247e+02
7.00877925875748247e+02
7.00877925875748247e+02
7.00877925875748247e+02
7.00877925875748247e+02
7.00877925875748247e+02
7.00877925875748247e+02
7.00877925875748247e+02
7.00877925875748247e+02
7.00877925875748247e+02
7.00877925875748247e+02
7.00877925875748247e+02
7.00877925875748247e+02
7.00877925875748247e+02
7.00877925875748247e+02
7.00877925875748247e+02
7.00877925875748247e+02
7.00877925875748247e+02
7.00877925875748247e+02
7.00877925875748247e+02
7.00877925875748247e+02
7.10360051870543657e+02
7.10360051870543657e+02
7.10360051870543657e+02
7.10360051870543657e+02
7.10360051870543657e+02
7.10360051870543657e+02
7.10360051870543657e+02
7.20814770013567340e+02
7.20814770013567340e+02
7.20814770013567340e+02
7.35245792471571008e+02
7.35245792471571008e+02
7.35245792471571008e+02
7.35245792471571008e+02
7.35245792471571008e+02
7.35245792471571008e+02
7.35245792471571008e+02
7.35245792471571008e+02
7.35245792471571008e+02
7.35245792471571008e+02
7.35245792471571008e+02
7.35245792471571008e+02
7.35245792471571008e+02
7.35245792471571008e+02
7.35245792471571008e+02
7.35245792471571008e+02
7.35245792471571008e+02
7.40261991067591225e+02
7.40261991067591225e+02
7.40261991067591225e+02
7.40261991067591225e+02
7.40261991067591225e+02
7.40261991067591225e+02
7.40261991067591225e+02
7.40261991067591225e+02
7.40261991067591225e+02
7.40261991067591225e+02
7.40261991067591225e+02
7.40261991067591225e+02
7.40261991067591225e+02
7.40261991067591225e+02
7.40261991067591225e+02
7.40261991067591225e+02
7.40261991067591225e+02
7.40261991067591225e+02
7.40261991067591225e+02
7.40261991067591225e+02
7.40261991067591225e+02
7.40261991067591225e+02
7.40261991067591225e+02
7.40261991067591225e+02
7.40261991067591225e+02
7.40261991067591225e+02
7.40261991067591225e+02
7.40261991067591225e+02
7.40261991067591225e+02
7.40261991067591225e+02
7.40261991067591225e+02
7.40261991067591225e+02
7.40261991067591225e+02
7.40261991067591225e+02
7.40261991067591225e+02
7.40261991067591225e+02
7.40261991067591225e+02
7.40261991067591225e+02
7.40261991067591225e+02
7.40261991067591225e+02
7.40261991067591225e+02
7.40261991067591225e+02
7.40261991067591225e+02
7.46307913296540164e+02
7.46307913296540164e+02
7.46307913296540164e+02
7.46307913296540164e+02
7.46307913296540164e+02
7.46307913296540164e+02
7.46307913296540164e+02
7.46307913296540164e+02
7.46307913296540164e+02
7.46307913296540164e+02
7.46307913296540164e+02
7.46307913296540164e+02
7.46307913296540164e+02
7.46307913296540164e+02
7.46307913296540164e+02
7.46307913296540164e+02
7.46307913296540164e+02
7.46307913296540164e+02
7.46307913296540164e+02
7.46307913296540164e+02
7.46307913296540164e+02
7.46307913296540164e+02
7.46307913296540164e+02
7.46307913296540164e+02
7.46307913296540164e+02
7.46307913296540164e+02
7.46307913296540164e+02
7.46307913296540164e+02
7.46307913296540164e+02
7.46307913296540164e+02
7.46307913296540164e+02
7.46307913296540164e+02
7.46307913296540164e+02
7.46307913296540164e+02
7.61949729557150022e+02
7.61949729557150022e+02
7.61949729557150022e+02
7.61949729557150022e+02
7.61949729557150022e+02
7.61949729557150022e+02
7.61949729557150022e+02
7.61949729557150022e+02
7.61949729557150022e+02
7.61949729557150022e+02
7.61949729557150022e+02
7.61949729557150022e+02
7.61949729557150022e+02
7.61949729557150022e+02
7.61949729557150022e+02
7.61949729557150022e+02
7.61949729557150022e+02
7.61949729557150022e+02
7.61949729557150022e+02
7.61949729557150022e+02
7.61949729557150022e+02
7.61949729557150022e+02
7.61949729557150022e+02
7.68200841089436381e+02
7.68200841089436381e+02
7.68200841089436381e+02
7.68200841089436381e+02
7.68200841089436381e+02
7.68200841089436381e+02
7.68200841089436381e+02
7.68200841089436381e+02
7.68200841089436381e+02
7.68200841089436381e+02
7.68200841089436381e+02
7.68200841089436381e+02
7.68200841089436381e+02
7.68200841089436381e+02
7.68200841089436381e+02
7.68200841089436381e+02
7.68200841089436381e+02
7.68200841089436381e+02
7.68200841089436381e+02
7.68200841089436381e+02
7.68200841089436381e+02
7.68200841089436381e+02
7.68200841089436381e+02
7.68200841089436381e+02
7.68200841089436381e+02
7.68200841089436381e+02
7.68200841089436381e+02
7.68200841089436381e+02
7.68200841089436381e+02
7.68200841089436381e+02
7.68200841089436381e+02
7.68200841089436381e+02
7.68200841089436381e+02
7.68200841089436381e+02
7.68200841089436381e+02
7.68200841089436381e+02
7.68200841089436381e+02
7.68200841089436381e+02
7.68200841089436381e+02
7.68200841089436381e+02
7.68200841089436381e+02
7.68200841089436381e+02
7.91613496540552660e+02
7.91613496540552660e+02
7.91613496540552660e+02
7.91613496540552660e+02
7.91613496540552660e+02
7.91613496540552660e+02
7.91613496540552660e+02
7.91613496540552660e+02
7.91613496540552660e+02
8.01548658847100114e+02
8.01548658847100114e+02
8.01548658847100114e+02
8.01548658847100114e+02
8.01548658847100114e+02
8.01548658847100114e+02
8.01548658847100114e+02
8.01548658847100114e+02
8.01548658847100114e+02
8.01548658847100114e+02
8.01548658847100114e+02
8.01548658847100114e+02
8.01548658847100114e+02
8.01548658847100114e+02
8.01548658847100114e+02
8.01548658847100114e+02
8.01548658847100114e+02
8.01548658847100114e+02
8.01548658847100114e+02
8.01548658847100114e+02
8.01548658847100114e+02
8.01548658847100114e+02
8.01548658847100114e+02
8.01548658847100114e+02
8.01548658847100114e+02
8.01548658847100114e+02
8.01548658847100114e+02
8.01548658847100114e+02
8.01548658847100114e+02
8.01548658847100114e+02
8.01548658847100114e+02
8.01548658847100114e+02
8.01548658847100114e+02
8.01548658847100114e+02
8.01548658847100114e+02
8.01548658847100114e+02
8.02395934688846751e+02
8.02395934688846751e+02
8.02395934688846751e+02
8.02395934688846751e+02
8.02395934688846751e+02
8.02395934688846751e+02
8.02395934688846751e+02
8.06340231038495403e+02
8.06340231038495403e+02
8.06340231038495403e+02
8.06340231038495403e+02
8.06340231038495403e+02
8.10376736211440630e+02
8.10376736211440630e+02
8.10376736211440630e+02
8.10376736211440630e+02
8.10376736211440630e+02
8.10376736211440630e+02
8.10376736211440630e+02
8.10376736211440630e+02
8.10376736211440630e+02
8.10376736211440630e+02
8.10376736211440630e+02
8.10376736211440630e+02
8.10376736211440630e+02
8.10376736211440630e+02
8.10376736211440630e+02
8.10376736211440630e+02
8.10376736211440630e+02
8.10376736211440630e+02
8.10376736211440630e+02
8.11446960439761597e+02
8.11446960439761597e+02
8.11446960439761597e+02
8.11446960439761597e+02
8.11446960439761597e+02
8.11446960439761597e+02
8.11446960439761597e+02
8.11446960439761597e+02
8.11446960439761597e+02
8.11446960439761597e+02
8.11446960439761597e+02
8.11446960439761597e+02
8.11446960439761597e+02
8.11446960439761597e+02
8.11446960439761597e+02
8.11446960439761597e+02
8.11446960439761597e+02
8.11446960439761597e+02
8.11446960439761597e+02
8.11446960439761597e+02
8.11446960439761597e+02
8.11446960439761597e+02
8.11446960439761597e+02
8.11446960439761597e+02
8.11446960439761597e+02
8.11446960439761597e+02
8.11446960439761597e+02
8.11446960439761597e+02
8.11446960439761597e+02
8.11446960439761597e+02
8.11446960439761597e+02
8.11446960439761597e+02
8.11446960439761597e+02
8.11446960439761597e+02
8.11446960439761597e+02
8.11446960439761597e+02
8.12380285500778655e+02
8.12632902759194963e+02
8.34876851786224961e+02
8.34876851786224961e+02
8.34876851786224961e+02
8.34876851786224961e+02
8.34876851786224961e+02
8.34876851786224961e+02
8.34876851786224961e+02
8.34876851786224961e+02
8.34876851786224961e+02
8.34876851786224961e+02
8.34876851786224961e+02
8.34876851786224961e+02
8.34876851786224961e+02
8.34876851786224961e+02
8.34876851786224961e+02
8.34876851786224961e+02
8.34876851786224961e+02
8.34876851786224961e+02
8.34876851786224961e+02
8.34876851786224961e+02
8.34876851786224961e+02
8.34876851786224961e+02
8.34876851786224961e+02
8.34876851786224961e+02
8.34876851786224961e+02
8.37742383667748300e+02
8.37742383667748300e+02
8.37742383667748300e+02
8.37742383667748300e+02
8.37742383667748300e+02
8.37742383667748300e+02
8.37742383667748300e+02
8.37742383667748300e+02
8.37742383667748300e+02
8.37742383667748300e+02
8.37742383667748300e+02
8.37742383667748300e+02
8.37742383667748300e+02
8.37742383667748300e+02
8.37742383667748300e+02
8.37742383667748300e+02
8.37742383667748300e+02
8.37742383667748300e+02
8.37742383667748300e+02
8.37742383667748300e+02
8.37742383667748300e+02
8.37742383667748300e+02
8.37742383667748300e+02
8.37742383667748300e+02
8.37742383667748300e+02
8.37742383667748300e+02
8.37742383667748300e+02
8.37742383667748300e+02
8.37742383667748300e+02
8.37742383667748300e+02
8.37742383667748300e+02
8.48232479245307559e+02
8.48232479245307559e+02
8.48232479245307559e+02
8.48232479245307559e+02
8.48232479245307559e+02
8.48232479245307559e+02
8.48232479245307559e+02
8.48232479245307559e+02
8.48232479245307559e+02
8.48232479245307559e+02
8.48232479245307559e+02
8.48232479245307559e+02
8.48232479245307559e+02
8.48232479245307559e+02
8.48232479245307559e+02
8.65922727119777392e+02
8.65922727119777392e+02
8.65922727119777392e+02
8.65922727119777392e+02
8.65922727119777392e+02
8.65922727119777392e+02
8.65922727119777392e+02
8.65922727119777392e+02
8.65922727119777392e+02
8.65922727119777392e+02
8.65922727119777392e+02
8.65922727119777392e+02
8.65922727119777392e+02
8.65922727119777392e+02
8.65922727119777392e+02
8.65922727119777392e+02
8.65922727119777392e+02
8.65922727119777392e+02
8.65922727119777392e+02
8.65922727119777392e+02
8.65922727119777392e+02
8.65922727119777392e+02
8.65922727119777392e+02
8.65922727119777392e+02
8.65922727119777392e+02
8.65922727119777392e+02
8.65922727119777392e+02
8.65922727119777392e+02
8.65922727119777392e+02
8.65922727119777392e+02
8.65922727119777392e+02
8.65922727119777392e+02
8.65922727119777392e+02
8.65922727119777392e+02
8.65922727119777392e+02
8.65922727119777392e+02
8.65922727119777392e+02
8.65922727119777392e+02
8.65922727119777392e+02
8.65922727119777392e+02
8.65922727119777392e+02
8.65922727119777392e+02
8.65922727119777392e+02
8.66731820240621687e+02
8.66731820240621687e+02
8.66731820240621687e+02
8.66731820240621687e+02
8.76488652948797267e+02
8.76488652948797267e+02
8.76488652948797267e+02
8.76488652948797267e+02
8.76488652948797267e+02
8.76488652948797267e+02
8.76488652948797267e+02
8.76488652948797267e+02
8.76488652948797267e+02
8.76488652948797267e+02
8.76488652948797267e+02
8.79774177181532650e+02
8.79774177181532650e+02
8.79774177181532650e+02
8.79774177181532650e+02
8.79774177181532650e+02
8.79774177181532650e+02
8.79774177181532650e+02
8.79774177181532650e+02
8.79774177181532650e+02
8.79774177181532650e+02
8.79774177181532650e+02
8.79774177181532650e+02
8.79774177181532650e+02
8.79774177181532650e+02
8.79774177181532650e+02
8.79774177181532650e+02
8.79774177181532650e+02
8.79774177181532650e+02
8.79774177181532650e+02
8.79774177181532650e+02
8.79774177181532650e+02
8.79774177181532650e+02
8.79774177181532650e+02
8.79774177181532650e+02
8.79774177181532650e+02
8.79774177181532650e+02
8.79774177181532650e+02
8.79774177181532650e+02
8.80674714681874548e+02
8.80674714681874548e+02
8.80674714681874548e+02
8.80674714681874548e+02
8.80674714681874548e+02
8.80674714681874548e+02
8.80674714681874548e+02
8.80674714681874548e+02
8.80674714681874548e+02
8.80674714681874548e+02
8.80674714681874548e+02
8.88929760811569054e+02
8.88929760811569054e+02
8.88929760811569054e+02
8.88929760811569054e+02
8.88929760811569054e+02
8.88929760811569054e+02
8.88929760811569054e+02
8.88929760811569054e+02
8.88929760811569054e+02
8.88929760811569054e+02
8.88929760811569054e+02
8.88929760811569054e+02
8.88929760811569054e+02
8.88929760811569054e+02
8.88929760811569054e+02
8.88929760811569054e+02
8.88929760811569054e+02
8.88929760811569054e+02
8.88929760811569054e+02
8.88929760811569054e+02
8.88929760811569054e+02
8.95657294453092391e+02
8.95657294453092391e+02
8.95657294453092391e+02
8.95657294453092391e+02
8.95657294453092391e+02
8.95657294453092391e+02
8.95657294453092391e+02
9.06249928118453340e+02
9.06249928118453340e+02
9.06249928118453340e+02
9.10164028123747812e+02
9.10164028123747812e+02
9.10164028123747812e+02
9.10164028123747812e+02
9.10164028123747812e+02
9.10164028123747812e+02
9.10164028123747812e+02
9.10164028123747812e+02
9.10164028123747812e+02
9.10164028123747812e+02
9.10164028123747812e+02
9.10164028123747812e+02
9.10164028123747812e+02
9.10164028123747812e+02
9.10164028123747812e+02
9.10164028123747812e+02
9.10164028123747812e+02
9.10164028123747812e+02
9.10164028123747812e+02
9.10164028123747812e+02
9.10164028123747812e+02
9.10164028123747812e+02
9.10164028123747812e+02
9.10164028123747812e+02
9.10164028123747812e+02
9.10164028123747812e+02
9.10164028123747812e+02
9.10164028123747812e+02
9.10164028123747812e+02
9.10164028123747812e+02
9.10164028123747812e+02
9.10164028123747812e+02
9.10164028123747812e+02
9.10164028123747812e+02
9.10164028123747812e+02
9.11408903753531376e+02
9.11408903753531376e+02
9.11408903753531376e+02
9.11408903753531376e+02
9.11408903753531376e+02
9.11408903753531376e+02
9.11408903753531376e+02
9.11408903753531376e+02
9.11408903753531376e+02
9.11408903753531376e+02
9.11408903753531376e+02
9.11408903753531376e+02
9.11408903753531376e+02
9.11408903753531376e+02
9.11408903753531376e+02
9.11408903753531376e+02
9.11408903753531376e+02
9.11408903753531376e+02
9.11408903753531376e+02
9.11408903753531376e+02
9.11408903753531376e+02
9.11408903753531376e+02
9.11408903753531376e+02
9.11408903753531376e+02
9.11408903753531376e+02
9.31765506425748299e+02
9.31765506425748299e+02
9.31765506425748299e+02
9.31765506425748299e+02
9.31765506425748299e+02
9.31765506425748299e+02
9.31765506425748299e+02
9.31765506425748299e+02
9.31765506425748299e+02
9.31765506425748299e+02
9.31765506425748299e+02
9.31765506425748299e+02
9.31765506425748299e+02
9.31765506425748299e+02
9.31765506425748299e+02
9.31765506425748299e+02
9.31765506425748299e+02
9.31765506425748299e+02
9.31765506425748299e+02
9.31765506425748299e+02
9.31765506425748299e+02
9.31765506425748299e+02
9.31765506425748299e+02
9.31765506425748299e+02
9.31765506425748299e+02
9.31765506425748299e+02
9.31765506425748299e+02
9.31765506425748299e+02
9.31765506425748299e+02
9.31765506425748299e+02
9.31765506425748299e+02
9.31765506425748299e+02
9.31765506425748299e+02
9.33199302282487224e+02
9.33199302282487224e+02
9.33199302282487224e+02
9.33199302282487224e+02
9.33199302282487224e+02
9.33199302282487224e+02
9.33199302282487224e+02
9.33199302282487224e+02
9.33199302282487224e+02
9.33199302282487224e+02
9.33199302282487224e+02
9.33199302282487224e+02
9.33199302282487224e+02
9.33199302282487224e+02
9.33199302282487224e+02
9.33199302282487224e+02
9.33199302282487224e+02
9.33199302282487224e+02
9.33199302282487224e+02
9.33199302282487224e+02
9.33199302282487224e+02
9.33199302282487224e+02
9.33199302282487224e+02
9.33199302282487224e+02
9.33199302282487224e+02
9.33199302282487224e+02
9.33199302282487224e+02
9.33199302282487224e+02
9.33199302282487224e+02
9.33199302282487224e+02
9.33199302282487224e+02
9.33199302282487224e+02
9.33199302282487224e+02
9.51254981056102906e+02
9.51254981056102906e+02
9.51254981056102906e+02
9.51254981056102906e+02
9.51254981056102906e+02
9.51254981056102906e+02
9.51254981056102906e+02
9.51254981056102906e+02
9.51254981056102906e+02
9.51254981056102906e+02
9.51254981056102906e+02
9.51254981056102906e+02
9.51254981056102906e+02
9.51254981056102906e+02
9.51254981056102906e+02
9.51254981056102906e+02
9.51254981056102906e+02
9.51254981056102906e+02
9.51254981056102906e+02
9.51254981056102906e+02
9.51254981056102906e+02
9.51254981056102906e+02
9.51254981056102906e+02
9.51254981056102906e+02
9.51254981056102906e+02
9.51254981056102906e+02
9.51254981056102906e+02
9.51254981056102906e+02
9.51254981056102906e+02
9.51254981056102906e+02
9.51254981056102906e+02
9.51254981056102906e+02
9.51254981056102906e+02
9.51254981056102906e+02
9.51254981056102906e+02
9.52044790321191954e+02
9.52044790321191954e+02
9.52044790321191954e+02
9.52044790321191954e+02
9.52044790321191954e+02
9.52044790321191954e+02
9.65003574953312864e+02
9.65003574953312864e+02
9.65003574953312864e+02
9.65003574953312864e+02
9.65003574953312864e+02
9.65003574953312864e+02
9.65003574953312864e+02
9.65003574953312864e+02
9.65003574953312864e+02
9.65003574953312864e+02
9.65003574953312864e+02
9.65003574953312864e+02
9.65753019747861345e+02
9.70892780499055220e+02
9.70892780499055220e+02
9.70892780499055220e+02
9.70892780499055220e+02
9.70892780499055220e+02
9.70892780499055220e+02
9.70892780499055220e+02
9.70892780499055220e+02
9.70892780499055220e+02
9.70892780499055220e+02
9.70892780499055220e+02
9.70892780499055220e+02
9.70892780499055220e+02
9.70892780499055220e+02
9.70892780499055220e+02
9.70892780499055220e+02
9.70892780499055220e+02
9.70892780499055220e+02
9.70892780499055220e+02
9.70892780499055220e+02
9.70892780499055220e+02
9.70892780499055220e+02
9.71593161369068753e+02
9.86128532190996793e+02
9.86128532190996793e+02
9.86128532190996793e+02
9.86128532190996793e+02
9.86128532190996793e+02
9.86128532190996793e+02
9.86128532190996793e+02
9.86128532190996793e+02
9.86128532190996793e+02
9.86128532190996793e+02
9.86128532190996793e+02
9.86128532190996793e+02
9.86128532190996793e+02
9.86128532190996793e+02
9.86128532190996793e+02
9.86128532190996793e+02
9.86128532190996793e+02
9.86128532190996793e+02
9.86128532190996793e+02
9.86128532190996793e+02
9.86128532190996793e+02
9.86128532190996793e+02
9.86128532190996793e+02
9.86920383587940819e+02
9.86920383587940819e+02
9.86920383587940819e+02
9.86920383587940819e+02
9.86920383587940819e+02
9.86920383587940819e+02
9.86920383587940819e+02
9.86920383587940819e+02
9.86920383587940819e+02
9.87306790936126731e+02
9.87306790936126731e+02
9.87306790936126731e+02
9.88747617502457501e+02
9.88747617502457501e+02
9.88747617502457501e+02
9.88747617502457501e+02
9.88747617502457501e+02
9.88747617502457501e+02
9.88747617502457501e+02
9.88747617502457501e+02
9.90303613694548631e+02
9.90303613694548631e+02
9.90303613694548631e+02
9.90303613694548631e+02
9.90303613694548631e+02
9.90303613694548631e+02
9.90303613694548631e+02
9.90303613694548631e+02
9.90303613694548631e+02
9.90303613694548631e+02
9.90303613694548631e+02
9.90303613694548631e+02
9.90303613694548631e+02
9.90303613694548631e+02
9.90303613694548631e+02
9.90303613694548631e+02
9.90303613694548631e+02
9.90303613694548631e+02
9.90303613694548631e+02
9.90303613694548631e+02
9.91130100360942038e+02
9.91130100360942038e+02
9.91130100360942038e+02
9.91130100360942038e+02
9.91130100360942038e+02
1.00170337417641315e+03
1.00170337417641315e+03
1.00170337417641315e+03
1.00170337417641315e+03
1.00170337417641315e+03
1.00170337417641315e+03
1.00170337417641315e+03
1.00170337417641315e+03
1.00170337417641315e+03
1.00170337417641315e+03
1.00170337417641315e+03
1.00170337417641315e+03
1.00170337417641315e+03
1.00170337417641315e+03
1.00170337417641315e+03
1.00170337417641315e+03
1.00170337417641315e+03
1.00170337417641315e+03
1.00170337417641315e+03
1.00170337417641315e+03
1.00170337417641315e+03
1.00170337417641315e+03
1.00170337417641315e+03
1.00170337417641315e+03
1.00170337417641315e+03
1.00170337417641315e+03
1.00170337417641315e+03
1.00170337417641315e+03
1.00170337417641315e+03
1.00299398713352707e+03
1.00299398713352707e+03
1.00299398713352707e+03
1.00299398713352707e+03
1.00299398713352707e+03
1.00299398713352707e+03
1.00299398713352707e+03
1.00299398713352707e+03
1.00299398713352707e+03
1.00299398713352707e+03
1.00299398713352707e+03
1.00299398713352707e+03
1.00299398713352707e+03
1.00299398713352707e+03
1.00299398713352707e+03
1.00299398713352707e+03
1.00299398713352707e+03
1.00299398713352707e+03
1.00299398713352707e+03
1.00299398713352707e+03
1.00299398713352707e+03
1.00299398713352707e+03
1.00299398713352707e+03
1.00299398713352707e+03
1.00399364061585652e+03
1.00399364061585652e+03
1.00399364061585652e+03
1.00998430143944620e+03
