9.87829701020054785e+00
2.02086814340463263e+01
2.02086814340463263e+01
2.02086814340463263e+01
3.32477009092763041e+01
3.32477009092763041e+01
3.32477009092763041e+01
3.32477009092763041e+01
3.32477009092763041e+01
3.95150445136848987e+01
4.88773290373170965e+01
4.88773290373170965e+01
4.88773290373170965e+01
4.88773290373170965e+01
4.88773290373170965e+01
4.88773290373170965e+01
4.88773290373170965e+01
5.97384818526858083e+01
5.97384818526858083e+01
5.97384818526858083e+01
6.70216421786006720e+01
6.70216421786006720e+01
6.70216421786006720e+01
6.70216421786006720e+01
6.70216421786006720e+01
6.70216421786006720e+01
6.70216421786006720e+01
6.70216421786006720e+01
6.70216421786006720e+01
8.28091441765361935e+01
8.28091441765361935e+01
8.28091441765361935e+01
8.28091441765361935e+01
8.28091441765361935e+01
8.76268319095371453e+01
8.76268319095371453e+01
8.76268319095371453e+01
8.76268319095371453e+01
8.76268319095371453e+01
8.76268319095371453e+01
8.76268319095371453e+01
8.76268319095371453e+01
8.76268319095371453e+01
8.76268319095371453e+01
8.76268319095371453e+01
8.89263464245823627e+01
1.08649779947036038e+02
1.08649779947036038e+02
1.08649779947036038e+02
1.08649779947036038e+02
1.08649779947036038e+02
1.08649779947036038e+02
1.08649779947036038e+02
1.10654317584640154e+02
1.10654317584640154e+02
1.10654317584640154e+02
1.10654317584640154e+02
1.10654317584640154e+02
1.10654317584640154e+02
1.10654317584640154e+02
1.10654317584640154e+02
1.10654317584640154e+02
1.10654317584640154e+02
1.10654317584640154e+02
1.10654317584640154e+02
1.10654317584640154e+02
1.19056222114164484e+02
1.19056222114164484e+02
1.19056222114164484e+02
1.36074964185255936e+02
1.36074964185255936e+02
1.36074964185255936e+02
1.36074964185255936e+02
1.36074964185255936e+02
1.36074964185255936e+02
1.36074964185255936e+02
1.36074964185255936e+02
1.36074964185255936e+02
1.36074964185255936e+02
1.36074964185255936e+02
1.36074964185255936e+02
1.36074964185255936e+02
1.36074964185255936e+02
1.36074964185255936e+02
1.37200820715909202e+02
1.37200820715909202e+02
1.37200820715909202e+02
1.37200820715909202e+02
1.37200820715909202e+02
1.37200820715909202e+02
1.37200820715909202e+02
1.37200820715909202e+02
1.37200820715909202e+02
1.52093310240120360e+02
1.52093310240120360e+02
1.52093310240120360e+02
1.52093310240120360e+02
1.52093310240120360e+02
1.58171744749649775e+02
1.63867332007753248e+02
1.63867332007753248e+02
1.63867332007753248e+02
1.63867332007753248e+02
1.63867332007753248e+02
1.63867332007753248e+02
1.63867332007753248e+02
1.63867332007753248e+02
1.63867332007753248e+02
1.63867332007753248e+02
1.63867332007753248e+02
1.63867332007753248e+02
1.63867332007753248e+02
1.63867332007753248e+02
1.63867332007753248e+02
1.63867332007753248e+02
1.63867332007753248e+02
1.68415479600660149e+02
1.68415479600660149e+02
1.68415479600660149e+02
1.68415479600660149e+02
1.68415479600660149e+02
1.68415479600660149e+02
1.68415479600660149e+02
1.68415479600660149e+02
1.68415479600660149e+02
1.68415479600660149e+02
1.68415479600660149e+02
1.87994320042267958e+02
1.87994320042267958e+02
1.87994320042267958e+02
1.87994320042267958e+02
1.87994320042267958e+02
1.87994320042267958e+02
1.87994320042267958e+02
1.94016694075124633e+02
1.94016694075124633e+02
1.94016694075124633e+02
1.94016694075124633e+02
1.94016694075124633e+02
1.94016694075124633e+02
1.94016694075124633e+02
1.94016694075124633e+02
1.94016694075124633e+02
1.94016694075124633e+02
1.94016694075124633e+02
1.94016694075124633e+02
1.94016694075124633e+02
1.94016694075124633e+02
1.94016694075124633e+02
1.94016694075124633e+02
1.94016694075124633e+02
1.94016694075124633e+02
1.94016694075124633e+02
1.98259938734039054e+02
1.98259938734039054e+02
1.98259938734039054e+02
2.02259935481659653e+02
2.02259935481659653e+02
2.02259935481659653e+02
2.02259935481659653e+02
2.02259935481659653e+02
2.02259935481659653e+02
2.02259935481659653e+02
2.02259935481659653e+02
2.02259935481659653e+02
2.02259935481659653e+02
2.02259935481659653e+02
2.02259935481659653e+02
2.02259935481659653e+02
2.26618336486321994e+02
2.26618336486321994e+02
2.26618336486321994e+02
2.26618336486321994e+02
2.26618336486321994e+02
2.26618336486321994e+02
2.26618336486321994e+02
2.26618336486321994e+02
2.26618336486321994e+02
2.26618336486321994e+02
2.26618336486321994e+02
2.26618336486321994e+02
2.26618336486321994e+02
2.26618336486321994e+02
2.26618336486321994e+02
2.26618336486321994e+02
2.26618336486321994e+02
2.26618336486321994e+02
2.26618336486321994e+02
2.26618336486321994e+02
2.26618336486321994e+02
2.26618336486321994e+02
2.26618336486321994e+02
2.26618336486321994e+02
2.26618336486321994e+02
2.26618336486321994e+02
2.26618336486321994e+02
2.26618336486321994e+02
2.26618336486321994e+02
2.26618336486321994e+02
2.38710956922816507e+02
2.38710956922816507e+02
2.38710956922816507e+02
2.38710956922816507e+02
2.38710956922816507e+02
2.38710956922816507e+02
2.38710956922816507e+02
2.38710956922816507e+02
2.38710956922816507e+02
2.38710956922816507e+02
2.38710956922816507e+02
2.38710956922816507e+02
2.38710956922816507e+02
2.38710956922816507e+02
2.38710956922816507e+02
2.41320663054573004e+02
2.41320663054573004e+02
2.41320663054573004e+02
2.41320663054573004e+02
2.41320663054573004e+02
2.47393260810630693e+02
2.61352213657593779e+02
2.61352213657593779e+02
2.61352213657593779e+02
2.61352213657593779e+02
2.61352213657593779e+02
2.61352213657593779e+02
2.61352213657593779e+02
2.61352213657593779e+02
2.61352213657593779e+02
2.61352213657593779e+02
2.61352213657593779e+02
2.61352213657593779e+02
2.61352213657593779e+02
2.61352213657593779e+02
2.61352213657593779e+02
2.61352213657593779e+02
2.61352213657593779e+02
2.61352213657593779e+02
2.61352213657593779e+02
2.61352213657593779e+02
2.61352213657593779e+02
2.61352213657593779e+02
2.61352213657593779e+02
2.68253040118466515e+02
2.68253040118466515e+02
2.68253040118466515e+02
2.68253040118466515e+02
2.68253040118466515e+02
2.68253040118466515e+02
2.68253040118466515e+02
2.68253040118466515e+02
2.68253040118466515e+02
2.68253040118466515e+02
2.68253040118466515e+02
2.77748604889446028e+02
2.77748604889446028e+02
2.77748604889446028e+02
2.77748604889446028e+02
2.77748604889446028e+02
2.77748604889446028e+02
2.77748604889446028e+02
2.77748604889446028e+02
2.77748604889446028e+02
2.77748604889446028e+02
2.77748604889446028e+02
2.77748604889446028e+02
2.77748604889446028e+02
2.77748604889446028e+02
2.77748604889446028e+02
2.77748604889446028e+02
2.77748604889446028e+02
2.87334349439166886e+02
2.87334349439166886e+02
2.87334349439166886e+02
2.87334349439166886e+02
2.87334349439166886e+02
2.87334349439166886e+02
2.87334349439166886e+02
2.97564849720381176e+02
2.97564849720381176e+02
2.97564849720381176e+02
2.98532685766694271e+02
2.98532685766694271e+02
2.98532685766694271e+02
2.98532685766694271e+02
2.98532685766694271e+02
2.98532685766694271e+02
2.98532685766694271e+02
2.98532685766694271e+02
2.98532685766694271e+02
2.98532685766694271e+02
2.98532685766694271e+02
2.98532685766694271e+02
2.98532685766694271e+02
2.98532685766694271e+02
2.98532685766694271e+02
2.98532685766694271e+02
2.98532685766694271e+02
2.98532685766694271e+02
2.98532685766694271e+02
2.98532685766694271e+02
2.98532685766694271e+02
2.98532685766694271e+02
2.98532685766694271e+02
2.98532685766694271e+02
2.98532685766694271e+02
3.12560288987328818e+02
3.12560288987328818e+02
3.12560288987328818e+02
3.12560288987328818e+02
3.12560288987328818e+02
3.12560288987328818e+02
3.12560288987328818e+02
3.12560288987328818e+02
3.12560288987328818e+02
3.12560288987328818e+02
3.12560288987328818e+02
3.12560288987328818e+02
3.12560288987328818e+02
3.19369698265763418e+02
3.19369698265763418e+02
3.19369698265763418e+02
3.19369698265763418e+02
3.19369698265763418e+02
3.19369698265763418e+02
3.19369698265763418e+02
3.19369698265763418e+02
3.19369698265763418e+02
3.19369698265763418e+02
3.19369698265763418e+02
3.19369698265763418e+02
3.19369698265763418e+02
3.19369698265763418e+02
3.19369698265763418e+02
3.19369698265763418e+02
3.19369698265763418e+02
3.19369698265763418e+02
3.19369698265763418e+02
3.36278211109709673e+02
3.36278211109709673e+02
3.36278211109709673e+02
3.36278211109709673e+02
3.36278211109709673e+02
3.36278211109709673e+02
3.36278211109709673e+02
3.36278211109709673e+02
3.36278211109709673e+02
3.38058343274931758e+02
3.38058343274931758e+02
3.38058343274931758e+02
3.38058343274931758e+02
3.38058343274931758e+02
3.38058343274931758e+02
3.38058343274931758e+02
3.38058343274931758e+02
3.38058343274931758e+02
3.38058343274931758e+02
3.38058343274931758e+02
3.38058343274931758e+02
3.38058343274931758e+02
3.38058343274931758e+02
3.38058343274931758e+02
3.38058343274931758e+02
3.38058343274931758e+02
3.38058343274931758e+02
3.38058343274931758e+02
3.38058343274931758e+02
3.38058343274931758e+02
3.38058343274931758e+02
3.38058343274931758e+02
3.38058343274931758e+02
3.38058343274931758e+02
3.38058343274931758e+02
3.38058343274931758e+02
3.50776270070766145e+02
3.50776270070766145e+02
3.50776270070766145e+02
3.50776270070766145e+02
3.50776270070766145e+02
3.56855138631301998e+02
3.59642742549353102e+02
3.59642742549353102e+02
3.59642742549353102e+02
3.59642742549353102e+02
3.59642742549353102e+02
3.59642742549353102e+02
3.59642742549353102e+02
3.59642742549353102e+02
3.59642742549353102e+02
3.59642742549353102e+02
3.59642742549353102e+02
3.59642742549353102e+02
3.59642742549353102e+02
3.59642742549353102e+02
3.59642742549353102e+02
3.63568490014353301e+02
3.63568490014353301e+02
3.63568490014353301e+02
3.63568490014353301e+02
3.63568490014353301e+02
3.63568490014353301e+02
3.63568490014353301e+02
3.63568490014353301e+02
3.63568490014353301e+02
3.63568490014353301e+02
3.63568490014353301e+02
3.63568490014353301e+02
3.63568490014353301e+02
3.63568490014353301e+02
3.63568490014353301e+02
3.63568490014353301e+02
3.63568490014353301e+02
3.63568490014353301e+02
3.63568490014353301e+02
3.63568490014353301e+02
3.63568490014353301e+02
3.79936937039952113e+02
3.79936937039952113e+02
3.79936937039952113e+02
3.79936937039952113e+02
3.79936937039952113e+02
3.79936937039952113e+02
3.79936937039952113e+02
3.79936937039952113e+02
3.79936937039952113e+02
3.79936937039952113e+02
3.79936937039952113e+02
3.79936937039952113e+02
3.79936937039952113e+02
3.79936937039952113e+02
3.79936937039952113e+02
3.79936937039952113e+02
3.79936937039952113e+02
3.79936937039952113e+02
3.79936937039952113e+02
3.79936937039952113e+02
3.79936937039952113e+02
3.79936937039952113e+02
3.79936937039952113e+02
3.79936937039952113e+02
3.79936937039952113e+02
3.79936937039952113e+02
3.79936937039952113e+02
3.79936937039952113e+02
3.79936937039952113e+02
3.88156279827447520e+02
3.88156279827447520e+02
3.88156279827447520e+02
3.88156279827447520e+02
3.88156279827447520e+02
3.88156279827447520e+02
3.88156279827447520e+02
3.88156279827447520e+02
3.88156279827447520e+02
3.88156279827447520e+02
3.88156279827447520e+02
4.07048817572902408e+02
4.07048817572902408e+02
4.07048817572902408e+02
4.07048817572902408e+02
4.07048817572902408e+02
4.07048817572902408e+02
4.07048817572902408e+02
4.09498782050016644e+02
4.09498782050016644e+02
4.09498782050016644e+02
4.09498782050016644e+02
4.09498782050016644e+02
4.09498782050016644e+02
4.09498782050016644e+02
4.09498782050016644e+02
4.09498782050016644e+02
4.09498782050016644e+02
4.09498782050016644e+02
4.09498782050016644e+02
4.09498782050016644e+02
4.09498782050016644e+02
4.09498782050016644e+02
4.09498782050016644e+02
4.09498782050016644e+02
4.10351600280408718e+02
4.10351600280408718e+02
4.10351600280408718e+02
4.10351600280408718e+02
4.10351600280408718e+02
4.10351600280408718e+02
4.10351600280408718e+02
4.10351600280408718e+02
4.10351600280408718e+02
4.10351600280408718e+02
4.10351600280408718e+02
4.10351600280408718e+02
4.10351600280408718e+02
4.10351600280408718e+02
4.10351600280408718e+02
4.10351600280408718e+02
4.10351600280408718e+02
4.10351600280408718e+02
4.10351600280408718e+02
4.10351600280408718e+02
4.10351600280408718e+02
4.10351600280408718e+02
4.10351600280408718e+02
4.17281619124422889e+02
4.17281619124422889e+02
4.17281619124422889e+02
4.24176611726695683e+02
4.24176611726695683e+02
4.24176611726695683e+02
4.24176611726695683e+02
4.24176611726695683e+02
4.24176611726695683e+02
4.24176611726695683e+02
4.24176611726695683e+02
4.24176611726695683e+02
4.24176611726695683e+02
4.24176611726695683e+02
4.24176611726695683e+02
4.24176611726695683e+02
4.24176611726695683e+02
4.24176611726695683e+02
4.24176611726695683e+02
4.24176611726695683e+02
4.24176611726695683e+02
4.24176611726695683e+02
4.24176611726695683e+02
4.24176611726695683e+02
4.24176611726695683e+02
4.24176611726695683e+02
4.24176611726695683e+02
4.24176611726695683e+02
4.24176611726695683e+02
4.24176611726695683e+02
4.24176611726695683e+02
4.24176611726695683e+02
4.24176611726695683e+02
4.24176611726695683e+02
4.42979365978988483e+02
4.42979365978988483e+02
4.42979365978988483e+02
4.42979365978988483e+02
4.42979365978988483e+02
4.42979365978988483e+02
4.42979365978988483e+02
4.42979365978988483e+02
4.42979365978988483e+02
4.42979365978988483e+02
4.42979365978988483e+02
4.42979365978988483e+02
4.42979365978988483e+02
4.59719103404451801e+02
4.59719103404451801e+02
4.59719103404451801e+02
4.59719103404451801e+02
4.59719103404451801e+02
4.59719103404451801e+02
4.59719103404451801e+02
4.59719103404451801e+02
4.59719103404451801e+02
4.59719103404451801e+02
4.59719103404451801e+02
4.59719103404451801e+02
4.59719103404451801e+02
4.59719103404451801e+02
4.59719103404451801e+02
4.59719103404451801e+02
4.59719103404451801e+02
4.59719103404451801e+02
4.59719103404451801e+02
4.59719103404451801e+02
4.59719103404451801e+02
4.59719103404451801e+02
4.59719103404451801e+02
4.59719103404451801e+02
4.59719103404451801e+02
4.62140345551598898e+02
4.62140345551598898e+02
4.62140345551598898e+02
4.62140345551598898e+02
4.62140345551598898e+02
4.62140345551598898e+02
4.62140345551598898e+02
4.62140345551598898e+02
4.62140345551598898e+02
4.62140345551598898e+02
4.62140345551598898e+02
4.62140345551598898e+02
4.62140345551598898e+02
4.62140345551598898e+02
4.62140345551598898e+02
4.62140345551598898e+02
4.62140345551598898e+02
4.62140345551598898e+02
4.62140345551598898e+02
4.66423945524972169e+02
4.66423945524972169e+02
4.66423945524972169e+02
4.66423945524972169e+02
4.66423945524972169e+02
4.66423945524972169e+02
4.66423945524972169e+02
4.66423945524972169e+02
4.66423945524972169e+02
4.70742413084702775e+02
4.70742413084702775e+02
4.70742413084702775e+02
4.70742413084702775e+02
4.70742413084702775e+02
4.70742413084702775e+02
4.70742413084702775e+02
4.70742413084702775e+02
4.70742413084702775e+02
4.70742413084702775e+02
4.70742413084702775e+02
4.70742413084702775e+02
4.70742413084702775e+02
4.70742413084702775e+02
4.70742413084702775e+02
4.70742413084702775e+02
4.70742413084702775e+02
4.70742413084702775e+02
4.70742413084702775e+02
4.70742413084702775e+02
4.70742413084702775e+02
4.70742413084702775e+02
4.70742413084702775e+02
4.70742413084702775e+02
4.70742413084702775e+02
4.70742413084702775e+02
4.70742413084702775e+02
4.70742413084702775e+02
4.70742413084702775e+02
4.70742413084702775e+02
4.70742413084702775e+02
4.70742413084702775e+02
4.70742413084702775e+02
4.80939972327630585e+02
4.80939972327630585e+02
4.80939972327630585e+02
4.80939972327630585e+02
4.80939972327630585e+02
4.87061374602728506e+02
5.00748451143832824e+02
5.00748451143832824e+02
5.00748451143832824e+02
5.00748451143832824e+02
5.00748451143832824e+02
5.00748451143832824e+02
5.00748451143832824e+02
5.00748451143832824e+02
5.00748451143832824e+02
5.00748451143832824e+02
5.00748451143832824e+02
5.00748451143832824e+02
5.00748451143832824e+02
5.00748451143832824e+02
5.00748451143832824e+02
5.11714602329352772e+02
5.11714602329352772e+02
5.11714602329352772e+02
5.11714602329352772e+02
5.11714602329352772e+02
5.11714602329352772e+02
5.11714602329352772e+02
5.11714602329352772e+02
5.11714602329352772e+02
5.11714602329352772e+02
5.11714602329352772e+02
5.11714602329352772e+02
5.11714602329352772e+02
5.11714602329352772e+02
5.11714602329352772e+02
5.11714602329352772e+02
5.11714602329352772e+02
5.11714602329352772e+02
5.11714602329352772e+02
5.11714602329352772e+02
5.11714602329352772e+02
5.11714602329352772e+02
5.11714602329352772e+02
5.11714602329352772e+02
5.11714602329352772e+02
5.11714602329352772e+02
5.11714602329352772e+02
5.17565440679237440e+02
5.17565440679237440e+02
5.17565440679237440e+02
5.17565440679237440e+02
5.17565440679237440e+02
5.17565440679237440e+02
5.17565440679237440e+02
5.17565440679237440e+02
5.17565440679237440e+02
5.17565440679237440e+02
5.17565440679237440e+02
5.17565440679237440e+02
5.17565440679237440e+02
5.17565440679237440e+02
5.17565440679237440e+02
5.17565440679237440e+02
5.17565440679237440e+02
5.17565440679237440e+02
5.17565440679237440e+02
5.17565440679237440e+02
5.17565440679237440e+02
5.19830443799356772e+02
5.19830443799356772e+02
5.19830443799356772e+02
5.19830443799356772e+02
5.19830443799356772e+02
5.19830443799356772e+02
5.19830443799356772e+02
5.19830443799356772e+02
5.19830443799356772e+02
5.19830443799356772e+02
5.19830443799356772e+02
5.19830443799356772e+02
5.19830443799356772e+02
5.19830443799356772e+02
5.19830443799356772e+02
5.19830443799356772e+02
5.19830443799356772e+02
5.19830443799356772e+02
5.19830443799356772e+02
5.19830443799356772e+02
5.19830443799356772e+02
5.19830443799356772e+02
5.19830443799356772e+02
5.19830443799356772e+02
5.19830443799356772e+02
5.19830443799356772e+02
5.19830443799356772e+02
5.19830443799356772e+02
5.19830443799356772e+02
5.19830443799356772e+02
5.19830443799356772e+02
5.19830443799356772e+02
5.19830443799356772e+02
5.19830443799356772e+02
5.19830443799356772e+02
5.28824162098262150e+02
5.28824162098262150e+02
5.28824162098262150e+02
5.28824162098262150e+02
5.28824162098262150e+02
5.28824162098262150e+02
5.28824162098262150e+02
5.28824162098262150e+02
5.28824162098262150e+02
5.28824162098262150e+02
5.28824162098262150e+02
5.47771991724843929e+02
5.47771991724843929e+02
5.47771991724843929e+02
5.47771991724843929e+02
5.47771991724843929e+02
5.47771991724843929e+02
5.47771991724843929e+02
5.58099336980331827e+02
5.58099336980331827e+02
5.58099336980331827e+02
5.61496035908302247e+02
5.61496035908302247e+02
5.61496035908302247e+02
5.61496035908302247e+02
5.61496035908302247e+02
5.61496035908302247e+02
5.61496035908302247e+02
5.61496035908302247e+02
5.61496035908302247e+02
5.61496035908302247e+02
5.61496035908302247e+02
5.61496035908302247e+02
5.61496035908302247e+02
5.61496035908302247e+02
5.61496035908302247e+02
5.61496035908302247e+02
5.61496035908302247e+02
5.66133334014584875e+02
5.66133334014584875e+02
5.66286171151470626e+02
5.66286171151470626e+02
5.66286171151470626e+02
5.66286171151470626e+02
5.66286171151470626e+02
5.66286171151470626e+02
5.66286171151470626e+02
5.66286171151470626e+02
5.66286171151470626e+02
5.66286171151470626e+02
5.66286171151470626e+02
5.66286171151470626e+02
5.66286171151470626e+02
5.66286171151470626e+02
5.66286171151470626e+02
5.66439008288356263e+02
5.66439008288356263e+02
5.66439008288356263e+02
5.66439008288356263e+02
5.66439008288356263e+02
5.66439008288356263e+02
5.66439008288356263e+02
5.66439008288356263e+02
5.66439008288356263e+02
5.66439008288356263e+02
5.66439008288356263e+02
5.66439008288356263e+02
5.71099432254222620e+02
5.71099432254222620e+02
5.71099432254222620e+02
5.71099432254222620e+02
5.71099432254222620e+02
5.71099432254222620e+02
5.71247267631263867e+02
5.71247267631263867e+02
5.71247267631263867e+02
5.71247267631263867e+02
5.71247267631263867e+02
5.71247267631263867e+02
5.71247267631263867e+02
5.71247267631263867e+02
5.71247267631263867e+02
5.71247267631263867e+02
5.71247267631263867e+02
5.71247267631263867e+02
5.71247267631263867e+02
5.71247267631263867e+02
5.71247267631263867e+02
5.71247267631263867e+02
5.71247267631263867e+02
5.71395103008304886e+02
5.71395103008304886e+02
5.71395103008304886e+02
5.71395103008304886e+02
5.71395103008304886e+02
5.71395103008304886e+02
5.71395103008304886e+02
5.71395103008304886e+02
5.71395103008304886e+02
5.71395103008304886e+02
5.71395103008304886e+02
5.71542938385346133e+02
5.71542938385346133e+02
5.71542938385346133e+02
5.75799819281813939e+02
5.75799819281813939e+02
5.75799819281813939e+02
5.75799819281813939e+02
5.75799819281813939e+02
5.75799819281813939e+02
5.75799819281813939e+02
5.75799819281813939e+02
5.75799819281813939e+02
5.75799819281813939e+02
5.75799819281813939e+02
5.75799819281813939e+02
5.75799819281813939e+02
5.75799819281813939e+02
5.75799819281813939e+02
5.75799819281813939e+02
5.75799819281813939e+02
5.75799819281813939e+02
5.75799819281813939e+02
5.75799819281813939e+02
5.75799819281813939e+02
5.75799819281813939e+02
5.75799819281813939e+02
5.94554713235227950e+02
5.94554713235227950e+02
5.94554713235227950e+02
5.94554713235227950e+02
5.94554713235227950e+02
5.94554713235227950e+02
5.94554713235227950e+02
5.94554713235227950e+02
5.94554713235227950e+02
5.94554713235227950e+02
5.94554713235227950e+02
5.94554713235227950e+02
5.94554713235227950e+02
6.17869115338433062e+02
6.17869115338433062e+02
6.17869115338433062e+02
6.17869115338433062e+02
6.17869115338433062e+02
6.17869115338433062e+02
6.17869115338433062e+02
6.17869115338433062e+02
6.17869115338433062e+02
6.23323053186455127e+02
6.23437782591535779e+02
6.23437782591535779e+02
6.23437782591535779e+02
6.23437782591535779e+02
6.23437782591535779e+02
6.23552511996616431e+02
6.23552511996616431e+02
6.23552511996616431e+02
6.23552511996616431e+02
6.23552511996616431e+02
6.23552511996616431e+02
6.23552511996616431e+02
6.23552511996616431e+02
6.23552511996616431e+02
6.23552511996616431e+02
6.23667241401697083e+02
6.23667241401697083e+02
6.23667241401697083e+02
6.23667241401697083e+02
6.23667241401697083e+02
6.23667241401697083e+02
6.23667241401697083e+02
6.23667241401697083e+02
6.23667241401697083e+02
6.23781970806777736e+02
6.23781970806777736e+02
6.23781970806777736e+02
6.23781970806777736e+02
6.23781970806777736e+02
6.23896700211858388e+02
6.24894718509004406e+02
6.24894718509004406e+02
6.25032357358799572e+02
6.25032357358799572e+02
6.25032357358799572e+02
6.25032357358799572e+02
6.25032357358799572e+02
6.25032357358799572e+02
6.25032357358799572e+02
6.25032357358799572e+02
6.25032357358799572e+02
6.25032357358799572e+02
6.25032357358799572e+02
6.25169996208594739e+02
6.25169996208594739e+02
6.25169996208594739e+02
6.25169996208594739e+02
6.25169996208594739e+02
6.25169996208594739e+02
6.25169996208594739e+02
6.25169996208594739e+02
6.25169996208594739e+02
6.25169996208594739e+02
6.25169996208594739e+02
6.25169996208594739e+02
6.25169996208594739e+02
6.25169996208594739e+02
6.25169996208594739e+02
6.25169996208594739e+02
6.25169996208594739e+02
6.25169996208594739e+02
6.25169996208594739e+02
6.25169996208594739e+02
6.25307635058389906e+02
6.25307635058389906e+02
6.25307635058389906e+02
6.25307635058389906e+02
6.25307635058389906e+02
6.25307635058389906e+02
6.25307635058389906e+02
6.25307635058389906e+02
6.25307635058389906e+02
6.25307635058389906e+02
6.25307635058389906e+02
6.25307635058389906e+02
6.25307635058389906e+02
6.25307635058389906e+02
6.25307635058389906e+02
6.25307635058389906e+02
6.25307635058389906e+02
6.25445273908185072e+02
6.25445273908185072e+02
6.25445273908185072e+02
6.25445273908185072e+02
6.25445273908185072e+02
6.25445273908185072e+02
6.25445273908185072e+02
6.25445273908185072e+02
6.32423054192734185e+02
6.32423054192734185e+02
6.32423054192734185e+02
6.32423054192734185e+02
6.32423054192734185e+02
6.36711734438683834e+02
6.36711734438683834e+02
6.36711734438683834e+02
6.36711734438683834e+02
6.36711734438683834e+02
6.36711734438683834e+02
6.36907021878473870e+02
6.36907021878473870e+02
6.36907021878473870e+02
6.36907021878473870e+02
6.36907021878473870e+02
6.36907021878473870e+02
6.36907021878473870e+02
6.36907021878473870e+02
6.36907021878473870e+02
6.36907021878473870e+02
6.36907021878473870e+02
6.36907021878473870e+02
6.36907021878473870e+02
6.37102309318263792e+02
6.37102309318263792e+02
6.37102309318263792e+02
6.37102309318263792e+02
6.37102309318263792e+02
6.37102309318263792e+02
6.38672252266013288e+02
6.63256945398237576e+02
6.63256945398237576e+02
6.63256945398237576e+02
6.63256945398237576e+02
6.63256945398237576e+02
6.63256945398237576e+02
6.63256945398237576e+02
6.63256945398237576e+02
6.63256945398237576e+02
6.63256945398237576e+02
6.63256945398237576e+02
6.63256945398237576e+02
6.63256945398237576e+02
6.63256945398237576e+02
6.63256945398237576e+02
6.81232445042881636e+02
6.81232445042881636e+02
6.81232445042881636e+02
6.81232445042881636e+02
6.81391215749675894e+02
6.81391215749675894e+02
6.81391215749675894e+02
6.81391215749675894e+02
6.81391215749675894e+02
6.81391215749675894e+02
6.81391215749675894e+02
6.81549986456470151e+02
6.81549986456470151e+02
6.81549986456470151e+02
6.81549986456470151e+02
6.81549986456470151e+02
6.81549986456470151e+02
6.81549986456470151e+02
6.81549986456470151e+02
6.81549986456470151e+02
6.81549986456470151e+02
6.81549986456470151e+02
6.81549986456470151e+02
6.81549986456470151e+02
6.81549986456470151e+02
6.81708757163264409e+02
6.81708757163264409e+02
6.81708757163264409e+02
6.81708757163264409e+02
6.81708757163264409e+02
6.81708757163264409e+02
6.81708757163264409e+02
6.81708757163264409e+02
6.81708757163264409e+02
6.81708757163264409e+02
6.81708757163264409e+02
6.81867527870058666e+02
6.81867527870058666e+02
6.81867527870058666e+02
6.81867527870058666e+02
6.82026298576853151e+02
6.83272660798033485e+02
6.83272660798033485e+02
6.83426141853011359e+02
6.83426141853011359e+02
6.83426141853011359e+02
6.83426141853011359e+02
6.83426141853011359e+02
6.83426141853011359e+02
6.83426141853011359e+02
6.83426141853011359e+02
6.83579622907989233e+02
6.83579622907989233e+02
6.83579622907989233e+02
6.83579622907989233e+02
6.83579622907989233e+02
6.83579622907989233e+02
6.83579622907989233e+02
6.83579622907989233e+02
6.83579622907989233e+02
6.83579622907989233e+02
6.83579622907989233e+02
6.83733103962967107e+02
6.83733103962967107e+02
6.83733103962967107e+02
6.83733103962967107e+02
6.83733103962967107e+02
6.83733103962967107e+02
6.83733103962967107e+02
6.83733103962967107e+02
6.83733103962967107e+02
6.83886585017944753e+02
6.83886585017944753e+02
6.83886585017944753e+02
6.91074684694360599e+02
6.91074684694360599e+02
6.91209827897546916e+02
6.91209827897546916e+02
6.91209827897546916e+02
6.91344971100733233e+02
6.91344971100733233e+02
6.91344971100733233e+02
6.91480114303919436e+02
6.91480114303919436e+02
6.91615257507105753e+02
6.91750400710291956e+02
6.91750400710291956e+02
6.91750400710291956e+02
6.91885543913478273e+02
6.91885543913478273e+02
6.91885543913478273e+02
6.91885543913478273e+02
6.92020687116664476e+02
6.92020687116664476e+02
6.92020687116664476e+02
6.92020687116664476e+02
6.92020687116664476e+02
6.92020687116664476e+02
6.92020687116664476e+02
6.92155830319850793e+02
6.92155830319850793e+02
6.92155830319850793e+02
6.92155830319850793e+02
6.92155830319850793e+02
6.92290973523036996e+02
6.92290973523036996e+02
7.00877925875748247e+02
7.00877925875748247e+02
7.00877925875748247e+02
7.00877925875748247e+02
7.00877925875748247e+02
7.00877925875748247e+02
7.00877925875748247e+02
7.00877925875748247e+02
7.00877925875748247e+02
7.00877925875748247e+02
7.00877925875748247e+02
7.00877925875748247e+02
7.00877925875748247e+02
7.00877925875748247e+02
7.00877925875748247e+02
7.00877925875748247e+02
7.00877925875748247e+02
7.00877925875748247e+02
7.00877925875748247e+02
7.00877925875748247e+02
7.00877925875748247e+02
7.00877925875748247e+02
7.00877925875748247e+02
7.00877925875748247e+02
7.00877925875748247e+02
7.00877925875748247e+02
7.00877925875748247e+02
7.10360051870543657e+02
7.10360051870543657e+02
7.10360051870543657e+02
7.10360051870543657e+02
7.10360051870543657e+02
7.10360051870543657e+02
7.10360051870543657e+02
7.20814770013567340e+02
7.20814770013567340e+02
7.20814770013567340e+02
7.35245792471571008e+02
7.35245792471571008e+02
7.35245792471571008e+02
7.35245792471571008e+02
7.35245792471571008e+02
7.35245792471571008e+02
7.35245792471571008e+02
7.35245792471571008e+02
7.35245792471571008e+02
7.35245792471571008e+02
7.35245792471571008e+02
7.35245792471571008e+02
7.35245792471571008e+02
7.35245792471571008e+02
7.35245792471571008e+02
7.35245792471571008e+02
7.35245792471571008e+02
7.40261991067591225e+02
7.40261991067591225e+02
7.40261991067591225e+02
7.40261991067591225e+02
7.40261991067591225e+02
7.40261991067591225e+02
7.40261991067591225e+02
7.40261991067591225e+02
7.40261991067591225e+02
7.40261991067591225e+02
7.40261991067591225e+02
7.40261991067591225e+02
7.40261991067591225e+02
7.40261991067591225e+02
7.40261991067591225e+02
7.40261991067591225e+02
7.40261991067591225e+02
7.40261991067591225e+02
7.40261991067591225e+02
7.40261991067591225e+02
7.40261991067591225e+02
7.40261991067591225e+02
7.40261991067591225e+02
7.40261991067591225e+02
7.40261991067591225e+02
7.40261991067591225e+02
7.40261991067591225e+02
7.40261991067591225e+02
7.40261991067591225e+02
7.40261991067591225e+02
7.40261991067591225e+02
7.40261991067591225e+02
7.40261991067591225e+02
7.40261991067591225e+02
7.40261991067591225e+02
7.40261991067591225e+02
7.40261991067591225e+02
7.40261991067591225e+02
7.40261991067591225e+02
7.40261991067591225e+02
7.40261991067591225e+02
7.40261991067591225e+02
7.40261991067591225e+02
7.45741766307835974e+02
7.45911201764785687e+02
7.45911201764785687e+02
7.46080637221735401e+02
7.46080637221735401e+02
7.46080637221735401e+02
7.46080637221735401e+02
7.46080637221735401e+02
7.46080637221735401e+02
7.46080637221735401e+02
7.46250072678685115e+02
7.46250072678685115e+02
7.46250072678685115e+02
7.46250072678685115e+02
7.46250072678685115e+02
7.46250072678685115e+02
7.46250072678685115e+02
7.46250072678685115e+02
7.46250072678685115e+02
7.46419508135634828e+02
7.46419508135634828e+02
7.46419508135634828e+02
7.46419508135634828e+02
7.46419508135634828e+02
7.46419508135634828e+02
7.46419508135634828e+02
7.46419508135634828e+02
7.46419508135634828e+02
7.46419508135634828e+02
7.46588943592584428e+02
7.46588943592584428e+02
7.46588943592584428e+02
7.46588943592584428e+02
7.46588943592584428e+02
7.46588943592584428e+02
7.61949729557150022e+02
7.61949729557150022e+02
7.61949729557150022e+02
7.61949729557150022e+02
7.61949729557150022e+02
7.61949729557150022e+02
7.61949729557150022e+02
7.61949729557150022e+02
7.61949729557150022e+02
7.61949729557150022e+02
7.61949729557150022e+02
7.61949729557150022e+02
7.61949729557150022e+02
7.61949729557150022e+02
7.61949729557150022e+02
7.61949729557150022e+02
7.61949729557150022e+02
7.61949729557150022e+02
7.61949729557150022e+02
7.61949729557150022e+02
7.61949729557150022e+02
7.61949729557150022e+02
7.61949729557150022e+02
7.68200841089436381e+02
7.68200841089436381e+02
7.68200841089436381e+02
7.68200841089436381e+02
7.68200841089436381e+02
7.68200841089436381e+02
7.68200841089436381e+02
7.68200841089436381e+02
7.68200841089436381e+02
7.68200841089436381e+02
7.68200841089436381e+02
7.68200841089436381e+02
7.68200841089436381e+02
7.68200841089436381e+02
7.68200841089436381e+02
7.68200841089436381e+02
7.68200841089436381e+02
7.68200841089436381e+02
7.68200841089436381e+02
7.68200841089436381e+02
7.68200841089436381e+02
7.68200841089436381e+02
7.68200841089436381e+02
7.68200841089436381e+02
7.68200841089436381e+02
7.68200841089436381e+02
7.68200841089436381e+02
7.68200841089436381e+02
7.68200841089436381e+02
7.68200841089436381e+02
7.68200841089436381e+02
7.68200841089436381e+02
7.68200841089436381e+02
7.68200841089436381e+02
7.68200841089436381e+02
7.68200841089436381e+02
7.68200841089436381e+02
7.68200841089436381e+02
7.68200841089436381e+02
7.68200841089436381e+02
7.68200841089436381e+02
7.68200841089436381e+02
7.91613496540552660e+02
7.91613496540552660e+02
7.91613496540552660e+02
7.91613496540552660e+02
7.91613496540552660e+02
7.91613496540552660e+02
7.91613496540552660e+02
7.91613496540552660e+02
7.91613496540552660e+02
8.01548658847100114e+02
8.01548658847100114e+02
8.01548658847100114e+02
8.01548658847100114e+02
8.01548658847100114e+02
8.01548658847100114e+02
8.01548658847100114e+02
8.01548658847100114e+02
8.01548658847100114e+02
8.01548658847100114e+02
8.01548658847100114e+02
8.01548658847100114e+02
8.01548658847100114e+02
8.01548658847100114e+02
8.01548658847100114e+02
8.01548658847100114e+02
8.01548658847100114e+02
8.01548658847100114e+02
8.01548658847100114e+02
8.01548658847100114e+02
8.01548658847100114e+02
8.01548658847100114e+02
8.02047165083463938e+02
8.02047165083463938e+02
8.02047165083463938e+02
8.02047165083463938e+02
8.02047165083463938e+02
8.02047165083463938e+02
8.02047165083463938e+02
8.02047165083463938e+02
8.02196901714445062e+02
8.02196901714445062e+02
8.02196901714445062e+02
8.02196901714445062e+02
8.02196901714445062e+02
8.02196901714445062e+02
8.02196901714445062e+02
8.02196901714445062e+02
8.02346638345426186e+02
8.02346638345426186e+02
8.02346638345426186e+02
8.02346638345426186e+02
8.02496374976407310e+02
8.02496374976407310e+02
8.02496374976407310e+02
8.06340231038495403e+02
8.06340231038495403e+02
8.06340231038495403e+02
8.06340231038495403e+02
8.06340231038495403e+02
8.10376736211440630e+02
8.10376736211440630e+02
8.10376736211440630e+02
8.10376736211440630e+02
8.10376736211440630e+02
8.10376736211440630e+02
8.10376736211440630e+02
8.10376736211440630e+02
8.10376736211440630e+02
8.10376736211440630e+02
8.10376736211440630e+02
8.10376736211440630e+02
8.10376736211440630e+02
8.10376736211440630e+02
8.10376736211440630e+02
8.10376736211440630e+02
8.10376736211440630e+02
8.10376736211440630e+02
8.10376736211440630e+02
8.11446960439761597e+02
8.11446960439761597e+02
8.11446960439761597e+02
8.11446960439761597e+02
8.11446960439761597e+02
8.11446960439761597e+02
8.11446960439761597e+02
8.11446960439761597e+02
8.11446960439761597e+02
8.11446960439761597e+02
8.11446960439761597e+02
8.11446960439761597e+02
8.11446960439761597e+02
8.11446960439761597e+02
8.11446960439761597e+02
8.11446960439761597e+02
8.11446960439761597e+02
8.11446960439761597e+02
8.11446960439761597e+02
8.11446960439761597e+02
8.11446960439761597e+02
8.11446960439761597e+02
8.11446960439761597e+02
8.11987744365234676e+02
8.11987744365234676e+02
8.11987744365234676e+02
8.11987744365234676e+02
8.11987744365234676e+02
8.11987744365234676e+02
8.12135987155163775e+02
8.12135987155163775e+02
8.12135987155163775e+02
8.12135987155163775e+02
8.12135987155163775e+02
8.12135987155163775e+02
8.12135987155163775e+02
8.12432472735022202e+02
8.12632902759194963e+02
8.34876851786224961e+02
8.34876851786224961e+02
8.34876851786224961e+02
8.34876851786224961e+02
8.34876851786224961e+02
8.34876851786224961e+02
8.34876851786224961e+02
8.34876851786224961e+02
8.34876851786224961e+02
8.34876851786224961e+02
8.34876851786224961e+02
8.34876851786224961e+02
8.34876851786224961e+02
8.34876851786224961e+02
8.34876851786224961e+02
8.34876851786224961e+02
8.34876851786224961e+02
8.34876851786224961e+02
8.34876851786224961e+02
8.34876851786224961e+02
8.34876851786224961e+02
8.34876851786224961e+02
8.34876851786224961e+02
8.34876851786224961e+02
8.34876851786224961e+02
8.37742383667748300e+02
8.37742383667748300e+02
8.37742383667748300e+02
8.37742383667748300e+02
8.37742383667748300e+02
8.37742383667748300e+02
8.37742383667748300e+02
8.37742383667748300e+02
8.37742383667748300e+02
8.37742383667748300e+02
8.37742383667748300e+02
8.37742383667748300e+02
8.37742383667748300e+02
8.37742383667748300e+02
8.37742383667748300e+02
8.37742383667748300e+02
8.37742383667748300e+02
8.37742383667748300e+02
8.37742383667748300e+02
8.37742383667748300e+02
8.37742383667748300e+02
8.37742383667748300e+02
8.37742383667748300e+02
8.37742383667748300e+02
8.37742383667748300e+02
8.37742383667748300e+02
8.37742383667748300e+02
8.37742383667748300e+02
8.37742383667748300e+02
8.37742383667748300e+02
8.37742383667748300e+02
8.48232479245307559e+02
8.48232479245307559e+02
8.48232479245307559e+02
8.48232479245307559e+02
8.48232479245307559e+02
8.48232479245307559e+02
8.48232479245307559e+02
8.48232479245307559e+02
8.48232479245307559e+02
8.48232479245307559e+02
8.48232479245307559e+02
8.48232479245307559e+02
8.48232479245307559e+02
8.48232479245307559e+02
8.48232479245307559e+02
8.65922727119777392e+02
8.65922727119777392e+02
8.65922727119777392e+02
8.65922727119777392e+02
8.65922727119777392e+02
8.65922727119777392e+02
8.65922727119777392e+02
8.65922727119777392e+02
8.65922727119777392e+02
8.65922727119777392e+02
8.65922727119777392e+02
8.65922727119777392e+02
8.65922727119777392e+02
8.65922727119777392e+02
8.65922727119777392e+02
8.65922727119777392e+02
8.65922727119777392e+02
8.65922727119777392e+02
8.65922727119777392e+02
8.65922727119777392e+02
8.65922727119777392e+02
8.65922727119777392e+02
8.65922727119777392e+02
8.65922727119777392e+02
8.65922727119777392e+02
8.65922727119777392e+02
8.65922727119777392e+02
8.65922727119777392e+02
8.65922727119777392e+02
8.65922727119777392e+02
8.65922727119777392e+02
8.65922727119777392e+02
8.65922727119777392e+02
8.65922727119777392e+02
8.65922727119777392e+02
8.65922727119777392e+02
8.66409819975738856e+02
8.66409819975738856e+02
8.66409819975738856e+02
8.66409819975738856e+02
8.66574912566817147e+02
8.66574912566817147e+02
8.66574912566817147e+02
8.66740005157895666e+02
8.66740005157895666e+02
8.66740005157895666e+02
8.66740005157895666e+02
8.76488652948797267e+02
8.76488652948797267e+02
8.76488652948797267e+02
8.76488652948797267e+02
8.76488652948797267e+02
8.76488652948797267e+02
8.76488652948797267e+02
8.76488652948797267e+02
8.76488652948797267e+02
8.76488652948797267e+02
8.76488652948797267e+02
8.79774177181532650e+02
8.79774177181532650e+02
8.79774177181532650e+02
8.79774177181532650e+02
8.79774177181532650e+02
8.79774177181532650e+02
8.79774177181532650e+02
8.79774177181532650e+02
8.79774177181532650e+02
8.79774177181532650e+02
8.79774177181532650e+02
8.79774177181532650e+02
8.79774177181532650e+02
8.79774177181532650e+02
8.79774177181532650e+02
8.79774177181532650e+02
8.79774177181532650e+02
8.79774177181532650e+02
8.79774177181532650e+02
8.79774177181532650e+02
8.79774177181532650e+02
8.79774177181532650e+02
8.79774177181532650e+02
8.79774177181532650e+02
8.80295973928813282e+02
8.80295973928813282e+02
8.80295973928813282e+02
8.80295973928813282e+02
8.80439029923032535e+02
8.80439029923032535e+02
8.80439029923032535e+02
8.80439029923032535e+02
8.80439029923032535e+02
8.80582085917251902e+02
8.80582085917251902e+02
8.80582085917251902e+02
8.80725141911471269e+02
8.80725141911471269e+02
8.80725141911471269e+02
8.88929760811569054e+02
8.88929760811569054e+02
8.88929760811569054e+02
8.88929760811569054e+02
8.88929760811569054e+02
8.88929760811569054e+02
8.88929760811569054e+02
8.88929760811569054e+02
8.88929760811569054e+02
8.88929760811569054e+02
8.88929760811569054e+02
8.88929760811569054e+02
8.88929760811569054e+02
8.88929760811569054e+02
8.88929760811569054e+02
8.88929760811569054e+02
8.88929760811569054e+02
8.88929760811569054e+02
8.88929760811569054e+02
8.88929760811569054e+02
8.88929760811569054e+02
8.95657294453092391e+02
8.95657294453092391e+02
8.95657294453092391e+02
8.95657294453092391e+02
8.95657294453092391e+02
8.95657294453092391e+02
8.95657294453092391e+02
9.06249928118453226e+02
9.06249928118453226e+02
9.06249928118453226e+02
9.10164028123747812e+02
9.10164028123747812e+02
9.10164028123747812e+02
9.10164028123747812e+02
9.10164028123747812e+02
9.10164028123747812e+02
9.10164028123747812e+02
9.10164028123747812e+02
9.10164028123747812e+02
9.10164028123747812e+02
9.10164028123747812e+02
9.10164028123747812e+02
9.10164028123747812e+02
9.10164028123747812e+02
9.10164028123747812e+02
9.10164028123747812e+02
9.10164028123747812e+02
9.10164028123747812e+02
9.10164028123747812e+02
9.10164028123747812e+02
9.10164028123747812e+02
9.10164028123747812e+02
9.10164028123747812e+02
9.10164028123747812e+02
9.10164028123747812e+02
9.10164028123747812e+02
9.10164028123747812e+02
9.10164028123747812e+02
9.10164028123747812e+02
9.10164028123747812e+02
9.10164028123747812e+02
9.10164028123747812e+02
9.10870846713256810e+02
9.10870846713256810e+02
9.10870846713256810e+02
9.10870846713256810e+02
9.10870846713256810e+02
9.10870846713256810e+02
9.10870846713256810e+02
9.11039608262491129e+02
9.11039608262491129e+02
9.11039608262491129e+02
9.11039608262491129e+02
9.11039608262491129e+02
9.11208369811725561e+02
9.11208369811725561e+02
9.11208369811725561e+02
9.11208369811725561e+02
9.11208369811725561e+02
9.11377131360959879e+02
9.11377131360959879e+02
9.11377131360959879e+02
9.11377131360959879e+02
9.11545892910194311e+02
9.11545892910194311e+02
9.11545892910194311e+02
9.11714654459428630e+02
9.11714654459428630e+02
9.11714654459428630e+02
9.11883416008663062e+02
9.31765506425748413e+02
9.31765506425748413e+02
9.31765506425748413e+02
9.31765506425748413e+02
9.31765506425748413e+02
9.31765506425748413e+02
9.31765506425748413e+02
9.31765506425748413e+02
9.31765506425748413e+02
9.31765506425748413e+02
9.31765506425748413e+02
9.31765506425748413e+02
9.31765506425748413e+02
9.31765506425748413e+02
9.31765506425748413e+02
9.31765506425748413e+02
9.31765506425748413e+02
9.31765506425748413e+02
9.31765506425748413e+02
9.31765506425748413e+02
9.31765506425748413e+02
9.31765506425748413e+02
9.31765506425748413e+02
9.31765506425748413e+02
9.31765506425748413e+02
9.31765506425748413e+02
9.31765506425748413e+02
9.31765506425748413e+02
9.31765506425748413e+02
9.32558535114392612e+02
9.32558535114392612e+02
9.32558535114392612e+02
9.32558535114392612e+02
9.32558535114392612e+02
9.32558535114392612e+02
9.32558535114392612e+02
9.32710796634942199e+02
9.32710796634942199e+02
9.32710796634942199e+02
9.32710796634942199e+02
9.32710796634942199e+02
9.32863058155491899e+02
9.32863058155491899e+02
9.32863058155491899e+02
9.32863058155491899e+02
9.32863058155491899e+02
9.33015319676041486e+02
9.33015319676041486e+02
9.33015319676041486e+02
9.33015319676041486e+02
9.33167581196591186e+02
9.33167581196591186e+02
9.33167581196591186e+02
9.33167581196591186e+02
9.33319842717140773e+02
9.33319842717140773e+02
9.33319842717140773e+02
9.33319842717140773e+02
9.33472104237690473e+02
9.33472104237690473e+02
9.33472104237690473e+02
9.33472104237690473e+02
9.33472104237690473e+02
9.33624365758240060e+02
9.33624365758240060e+02
9.33776627278789761e+02
9.51254981056102793e+02
9.51254981056102793e+02
9.51254981056102793e+02
9.51254981056102793e+02
9.51254981056102793e+02
9.51254981056102793e+02
9.51254981056102793e+02
9.51254981056102793e+02
9.51254981056102793e+02
9.51254981056102793e+02
9.51254981056102793e+02
9.51254981056102793e+02
9.51254981056102793e+02
9.51254981056102793e+02
9.51254981056102793e+02
9.51254981056102793e+02
9.51254981056102793e+02
9.51254981056102793e+02
9.51254981056102793e+02
9.51254981056102793e+02
9.51254981056102793e+02
9.51254981056102793e+02
9.51254981056102793e+02
9.51254981056102793e+02
9.51254981056102793e+02
9.51254981056102793e+02
9.51254981056102793e+02
9.51254981056102793e+02
9.51254981056102793e+02
9.51254981056102793e+02
9.51703591133558348e+02
9.51703591133558348e+02
9.51811002023380297e+02
9.51811002023380297e+02
9.51918412913202246e+02
9.51918412913202246e+02
9.51918412913202246e+02
9.52025823803024196e+02
9.52025823803024196e+02
9.52133234692846145e+02
9.52133234692846145e+02
9.65003574953312750e+02
9.65003574953312750e+02
9.65003574953312750e+02
9.65003574953312750e+02
9.65003574953312750e+02
9.65003574953312750e+02
9.65003574953312750e+02
9.65003574953312750e+02
9.65003574953312750e+02
9.65003574953312750e+02
9.65424306768913084e+02
9.65608344442217685e+02
9.65792382115522059e+02
9.70892780499055220e+02
9.70892780499055220e+02
9.70892780499055220e+02
9.70892780499055220e+02
9.70892780499055220e+02
9.70892780499055220e+02
9.70892780499055220e+02
9.70892780499055220e+02
9.70892780499055220e+02
9.70892780499055220e+02
9.70892780499055220e+02
9.70892780499055220e+02
9.70892780499055220e+02
9.70892780499055220e+02
9.70892780499055220e+02
9.70892780499055220e+02
9.70892780499055220e+02
9.70892780499055220e+02
9.70892780499055220e+02
9.71302485589108642e+02
9.71421514899201952e+02
9.71540544209295263e+02
9.71540544209295263e+02
9.86128532190996793e+02
9.86128532190996793e+02
9.86128532190996793e+02
9.86128532190996793e+02
9.86128532190996793e+02
9.86128532190996793e+02
9.86128532190996793e+02
9.86128532190996793e+02
9.86128532190996793e+02
9.86128532190996793e+02
9.86128532190996793e+02
9.86128532190996793e+02
9.86128532190996793e+02
9.86128532190996793e+02
9.86128532190996793e+02
9.86128532190996793e+02
9.86128532190996793e+02
9.86128532190996793e+02
9.86598099061039420e+02
9.86598099061039420e+02
9.86598099061039420e+02
9.86745381404180762e+02
9.86745381404180762e+02
9.86745381404180762e+02
9.86745381404180762e+02
9.86892663747321876e+02
9.86892663747321876e+02
9.86892663747321876e+02
9.86892663747321876e+02
9.87039946090463218e+02
9.87039946090463218e+02
9.87170688321862599e+02
9.87170688321862599e+02
9.87284890441519792e+02
9.87284890441519792e+02
9.88261330997293953e+02
9.88354981708494734e+02
9.88354981708494734e+02
9.88635933842096620e+02
9.88729584553297400e+02
9.89010536686899286e+02
9.89104187398100066e+02
9.89291488820501399e+02
9.89478790242902733e+02
9.90303613694548631e+02
9.90303613694548631e+02
9.90303613694548631e+02
9.90303613694548631e+02
9.90303613694548631e+02
9.90303613694548631e+02
9.90303613694548631e+02
9.90303613694548631e+02
9.90303613694548631e+02
9.90303613694548631e+02
9.90303613694548631e+02
9.90303613694548631e+02
9.90303613694548631e+02
9.90303613694548631e+02
9.90303613694548631e+02
9.90303613694548631e+02
9.90303613694548631e+02
9.90303613694548631e+02
9.90303613694548631e+02
9.90761387342127705e+02
9.90761387342127705e+02
9.90850447970892219e+02
9.90939508599656847e+02
9.91028569228421361e+02
9.91028569228421361e+02
9.91117629857185989e+02
9.91117629857185989e+02
9.91206690485950503e+02
9.91384811743479645e+02
1.00170337417641315e+03
1.00170337417641315e+03
1.00170337417641315e+03
1.00170337417641315e+03
1.00170337417641315e+03
1.00170337417641315e+03
1.00170337417641315e+03
1.00170337417641315e+03
1.00170337417641315e+03
1.00170337417641315e+03
1.00170337417641315e+03
1.00170337417641315e+03
1.00170337417641315e+03
1.00170337417641315e+03
1.00170337417641315e+03
1.00170337417641315e+03
1.00170337417641315e+03
1.00170337417641315e+03
1.00170337417641315e+03
1.00170337417641315e+03
1.00170337417641315e+03
1.00170337417641315e+03
1.00170337417641315e+03
1.00170337417641315e+03
1.00170337417641315e+03
1.00170337417641315e+03
1.00170337417641315e+03
1.00170337417641315e+03
1.00170337417641315e+03
1.00299398713352718e+03
1.00299398713352718e+03
1.00299398713352718e+03
1.00299398713352718e+03
1.00299398713352718e+03
1.00299398713352718e+03
1.00299398713352718e+03
1.00299398713352718e+03
1.00299398713352718e+03
1.00299398713352718e+03
1.00299398713352718e+03
1.00299398713352718e+03
1.00299398713352718e+03
1.00299398713352718e+03
1.00299398713352718e+03
1.00299398713352718e+03
1.00299398713352718e+03
1.00299398713352718e+03
1.00299398713352718e+03
1.00299398713352718e+03
1.00299398713352718e+03
1.00299398713352718e+03
1.00299398713352718e+03
1.00299398713352718e+03
1.00399364061585641e+03
1.00399364061585641e+03
1.00399364061585641e+03
1.00998430143944620e+03
