6.4318130733853224e+01
6.4460117456265436e+01
6.4615021828109846e+01
6.4919056599386749e+01
6.4945607103691984e+01
6.5377587646924326e+01
6.6043920366478929e+01
6.6132430464000123e+01
6.6569669397891261e+01
6.7453447434223605e+01
6.7917112326680680e+01
6.9382371260141838e+01
6.9921755472020777e+01
6.9934032957400873e+01
6.9968534231622172e+01
7.0674683283440814e+01
7.0789929559352231e+01
7.0884960695845734e+01
7.1522752513744706e+01
7.1649942055223647e+01
7.2042519663652484e+01
7.2379050622048226e+01
7.3455209850436120e+01
7.3539377118229382e+01
