2.1036632758010518e+02
2.1056259631427284e+02
2.1098107199223284e+02
2.1153952675817416e+02
2.1171548106425894e+02
2.1189229155532271e+02
2.1202516871647768e+02
2.1217094313228830e+02
2.1229709370872865e+02
2.1254931312120436e+02
2.1260414454509973e+02
2.1285420985545480e+02
2.1329544724291040e+02
2.1353539239291723e+02
2.1445026766345566e+02
2.1489631154647179e+02
2.1494049532531594e+02
2.1498186537012262e+02
2.1524839309601708e+02
2.1549206960086735e+02
2.1569829452961909e+02
2.1592819088504251e+02
2.1618606534129378e+02
2.1630526255604153e+02
2.1651256679595951e+02
2.1662761877698932e+02
2.1681644912604435e+02
2.1689419043957164e+02
2.1710286918822635e+02
2.1721898889083027e+02
2.1729508171463266e+02
2.1740991976209031e+02
2.1768398139148982e+02
2.1800073797066943e+02
2.1808874450888652e+02
2.1877328489887975e+02
2.1903955873164847e+02
2.1922589364542631e+02
2.1946382399189619e+02
2.1955627444719025e+02
2.1960028868443314e+02
2.1977854132368915e+02
2.1994528455595969e+02
2.2011900441515775e+02
2.2053787843852930e+02
2.2157494584418774e+02
2.2164467535589310e+02
2.2206875828913886e+02
2.2248088211596442e+02
2.2294231720538653e+02
2.2310438443542094e+02
2.2316269192887586e+02
2.2325122995411780e+02
2.2381340029720445e+02
2.2414022628709719e+02
2.2443240865636142e+02
2.2462890223648654e+02
2.2486022418786968e+02
2.2491636731074007e+02
2.2513251253811336e+02
2.2516567620682449e+02
2.2549121128025973e+02
2.2614872150830192e+02
2.2676803008628303e+02
2.2710337515048465e+02
2.2712666832227202e+02
2.2742867054234807e+02
2.2774509210787235e+02
2.2781698830383303e+02
2.2792797542612647e+02
