9.87829746880436232e+00
2.02086515626828458e+01
3.32475545518760782e+01
3.95150435075585733e+01
4.88771279611950149e+01
5.97384702731924335e+01
6.70210944928334413e+01
7.66913190773900766e+01
7.68296923933711895e+01
7.69215537008716552e+01
7.69793408653734161e+01
7.70423761386425952e+01
7.71177799479470991e+01
7.72029711960285709e+01
8.28087574162006916e+01
8.76261205937019412e+01
8.89263464051264236e+01
1.08649207089781100e+02
1.10653065672107587e+02
1.19055026138838713e+02
1.36072956178884198e+02
1.37199089882871135e+02
1.52091956412387475e+02
1.58171739997947043e+02
1.63864416348378825e+02
1.68412701436532785e+02
1.87979988880019164e+02
1.93676894002865538e+02
1.93875246523100174e+02
1.93980710472174508e+02
1.98313755542302545e+02
2.02258574596052227e+02
2.02412943174421713e+02
2.02618987821070476e+02
2.26562047870760779e+02
2.26701494141235599e+02
2.38704520057282025e+02
2.38858285408184230e+02
2.40514605642016505e+02
2.40830283288763667e+02
2.41045669042087752e+02
2.41288497285498181e+02
2.47334924696860043e+02
2.61039930085736103e+02
2.61338545274292699e+02
2.61747726092407902e+02
2.61964906169023834e+02
2.68264988950020324e+02
2.68506450217283941e+02
2.77398618774148190e+02
2.77737282261674807e+02
2.77918824665724969e+02
2.78247245359589783e+02
2.86471785389558590e+02
2.97672483480385438e+02
2.98250373292535016e+02
2.98443403837220217e+02
2.98933595264676001e+02
3.12346891983416526e+02
3.13066003698742691e+02
3.16983007972161431e+02
3.17588714863745963e+02
3.18210753947739249e+02
3.18507741056611565e+02
3.18943455802832034e+02
3.19246516981513366e+02
3.36827830917572101e+02
3.37208672075218772e+02
3.37517387238248546e+02
3.37944439563597939e+02
3.38156206457783242e+02
3.38634980266073967e+02
3.50503667738415913e+02
3.50855957958346210e+02
3.51257253162778284e+02
3.59424843768392122e+02
3.59879856407377815e+02
3.60454392701494385e+02
3.60788789858491157e+02
3.61199913508834811e+02
3.61654515408506029e+02
3.62205051891203254e+02
3.62497294606551293e+02
3.62725641198074356e+02
3.63347178414837344e+02
3.79833907872198779e+02
3.80202164925777254e+02
3.80642857151786529e+02
3.81314465443434528e+02
3.82290373014703221e+02
3.82720535635954263e+02
3.83928857336520537e+02
3.85475224987896411e+02
3.85986582610903270e+02
3.87293799788033709e+02
4.08528682502190236e+02
4.08923762961956129e+02
4.09340809622566212e+02
4.09769810988428617e+02
4.10172898652598747e+02
4.10419928244722087e+02
4.10708301252962144e+02
4.11190548880875497e+02
4.23259038152618643e+02
4.23785904804066888e+02
4.24166001143595736e+02
4.43329407004348639e+02
4.43867670502890064e+02
4.44335758589955276e+02
4.46685203162264031e+02
4.47249306006200754e+02
4.57715998859844149e+02
4.60077598380816085e+02
4.60546411415798730e+02
4.60967456709721432e+02
4.62661530904687140e+02
4.66440708158447990e+02
4.66973665043787832e+02
4.67426385343954053e+02
4.67944725888403696e+02
4.68582634804628924e+02
4.69236832171943149e+02
4.69697024164452955e+02
4.70774561778959537e+02
4.71060527715448245e+02
5.02030341846234819e+02
5.02806047779322114e+02
5.03782054943410287e+02
5.04272890772744859e+02
5.10049403141507071e+02
5.11533306028918219e+02
5.12083697664013812e+02
5.12422968495093755e+02
5.12880472756937934e+02
5.13493628151683083e+02
5.13865784968605226e+02
5.14763716279180699e+02
5.15742446870729054e+02
5.16429458868203255e+02
5.18348544857499178e+02
5.18710943200812721e+02
5.19274503033242354e+02
5.20063962075522340e+02
5.20618530870349559e+02
5.22663464230696263e+02
5.24618776749166841e+02
5.25282811298567367e+02
5.25879442087245025e+02
5.26578559996248487e+02
5.27071611994660657e+02
5.47403866202873360e+02
5.49669244788589140e+02
5.59289877854682004e+02
5.61227219903463720e+02
5.61587202562822768e+02
5.62025734530262298e+02
5.62525291645560515e+02
5.62969960670707451e+02
5.63547872373121322e+02
5.64918340247712877e+02
5.65449888944259214e+02
5.66609036565295128e+02
5.67232227581029065e+02
5.70011246096414197e+02
5.70688365723060429e+02
5.71406134165454205e+02
5.71980569720554740e+02
5.72817686805522271e+02
5.73524704295517040e+02
5.73903962818379568e+02
5.74531825052656814e+02
5.74967703065104274e+02
5.75599339621898707e+02
5.94465323436786207e+02
5.94942411857821753e+02
6.20565572910926903e+02
6.21714073522031413e+02
6.22187713192033812e+02
6.22649255211534751e+02
6.23233343327068724e+02
6.23967377415818646e+02
6.24552287921985453e+02
6.24949405653745544e+02
6.32863589102086280e+02
6.33412071414108937e+02
6.34585539687888286e+02
6.35263720486629836e+02
6.36098915052111352e+02
6.36450226713584811e+02
6.36974343085929377e+02
6.62036549816696152e+02
6.63271757216290325e+02
6.63693084249506455e+02
6.64230807181715591e+02
6.82234120545345718e+02
6.82934996756987857e+02
6.83250735753656727e+02
6.83643140313511026e+02
6.84174070558044377e+02
6.93534922684983940e+02
6.95685865876356274e+02
6.96838717014831332e+02
6.97721221199790079e+02
6.98231861349525389e+02
6.98688562078927816e+02
6.99517282586129795e+02
7.00034265344889718e+02
7.02613025762093571e+02
7.04955993561061518e+02
7.38487303895559762e+02
7.39142846838157652e+02
7.39805811391727048e+02
7.40531437253901458e+02
7.41198728509060402e+02
7.41826375211694540e+02
7.42737063905458285e+02
7.43546424213830051e+02
7.44297915277596076e+02
7.45015268216843538e+02
7.50361445672479931e+02
7.52263513229178443e+02
7.54463279009926737e+02
7.55340805208727261e+02
7.56120201273124621e+02
7.59520503884880782e+02
7.63508615059107342e+02
7.65061537033285276e+02
7.65554487994010287e+02
7.66017752804396537e+02
7.66681736619059166e+02
7.67349332512804949e+02
7.92813060817805422e+02
7.93711887728902980e+02
7.97365275020448962e+02
8.03495180240263494e+02
8.03904043888592128e+02
8.04673396500316130e+02
8.05261784589687068e+02
8.05863221999566917e+02
8.06680308517410367e+02
8.07650359654016256e+02
8.08448395339479930e+02
8.09123460846722196e+02
8.09687202429817262e+02
8.10382454131663962e+02
8.36789724066092163e+02
8.37703913234246556e+02
8.38284740135074799e+02
8.38979686058185735e+02
8.39805672132653740e+02
8.40724777561659721e+02
8.42254697566870050e+02
8.43164747515202862e+02
8.43880359646141642e+02
8.44735288946404694e+02
8.45411946835551134e+02
8.50171199569879263e+02
8.51078313909810390e+02
8.51631773099621910e+02
8.52529280725518220e+02
8.55754882421398179e+02
8.56918057018269224e+02
8.59913597858133471e+02
8.61313376525151170e+02
8.65495430043204806e+02
8.66247701153154480e+02
8.71896352059218543e+02
8.72715653925853303e+02
8.73254230471866549e+02
8.73997665754692434e+02
8.74681689917031008e+02
8.75384601092039020e+02
8.76994875186508352e+02
8.77985570076406475e+02
8.78625208510648008e+02
8.79396316968302131e+02
8.80222667690451544e+02
8.81082236125188388e+02
9.04215450136637969e+02
9.05065448272243316e+02
9.05902380739051409e+02
9.06671946482694466e+02
9.08042260501499186e+02
9.08645614603508307e+02
9.09719893915198327e+02
9.10612802207258710e+02
9.32514104282474932e+02
9.33337986085526609e+02
9.34132322373670263e+02
9.49247167342562079e+02
9.50677761805445016e+02
9.51730581054007189e+02
9.52772342007442830e+02
9.53404829308015451e+02
9.54868198590115071e+02
9.56607345806571630e+02
9.62962951662783325e+02
9.64563015849863859e+02
9.70217455512109382e+02
9.71448183668260867e+02
9.86860933629335932e+02
9.87790587298247829e+02
9.88510389111821155e+02
9.89209515197263272e+02
9.90119369695882824e+02
9.90885714059060092e+02
9.91514838099591202e+02
9.92256170306801323e+02
9.93970844415163356e+02
9.97128864465240099e+02
9.99385017937161365e+02
1.00150405744608463e+03
