8.1177880156766108e+01
8.1766125954853493e+01
8.2347558579776106e+01
8.2543260391363674e+01
8.2677923020233806e+01
8.3157138034093606e+01
8.4334410545507865e+01
8.4407425780795364e+01
8.4597727316311051e+01
8.4791770369960531e+01
8.5047108718050239e+01
8.5510134523745933e+01
8.5685728328334960e+01
8.6050001844226244e+01
8.6456586020244103e+01
8.7213687218186237e+01
8.7276069567135849e+01
8.7830854766504757e+01
8.7876909139379165e+01
8.8232644836230975e+01
8.8327376963589799e+01
8.8974877314828092e+01
8.9339505514557416e+01
8.9424421813408401e+01
9.0325106818117305e+01
9.1284956460724644e+01
9.1759677903823885e+01
9.1815173639180429e+01
9.1880058530672684e+01
9.2119866435527967e+01
