5.2709726338355711e+00
7.8555271159008102e+00
1.0003926953582155e+01
1.1161805127462980e+01
1.3352141868358077e+01
1.4324787892962307e+01
1.5223280331139316e+01
1.6688012599909094e+01
1.7367155173227776e+01
1.8172025091688713e+01
2.0055245053374247e+01
2.0900515766917209e+01
2.2071698888729895e+01
2.2675759621984451e+01
2.5314125902746746e+01
2.5482290260371148e+01
2.5658536382402794e+01
2.5778879778492932e+01
2.7477746140835521e+01
2.7865516506800354e+01
2.8492267826420225e+01
2.9223699978560479e+01
3.0407869279241957e+01
3.0664061582949493e+01
3.1354482112952169e+01
3.2021224840997924e+01
3.3588626707581788e+01
3.3721766793496194e+01
3.4540812354486228e+01
3.5842124949223290e+01
3.6156660170597014e+01
3.6496870382364655e+01
3.7372618329276683e+01
3.7657644300766854e+01
3.9119327277182954e+01
3.9226418852522926e+01
3.9590781588162450e+01
4.0400928390948167e+01
4.0482362970597599e+01
4.1819635915052970e+01
4.2584619491123746e+01
4.2996048102558014e+01
4.3303551242855882e+01
4.4720196350905368e+01
4.5335668882987903e+01
4.6124986369580029e+01
4.6918243681727823e+01
4.7069383997690203e+01
4.7600067996001528e+01
4.7731400567369590e+01
4.7906143238191426e+01
4.7979942424897089e+01
4.8194546876174755e+01
4.8442907207046211e+01
4.9712324368140393e+01
4.9858750820732467e+01
5.0171703850185970e+01
5.0933129955097378e+01
5.2064657024110893e+01
5.2576071259187643e+01
5.3346457605508704e+01
5.4225000231692157e+01
5.4320482657568803e+01
5.4669709211918104e+01
5.5046061825764383e+01
5.5377589405389202e+01
5.5732354217355180e+01
5.5810979422050785e+01
5.6092313473442189e+01
5.7058261383748601e+01
5.7557017444348169e+01
5.7847613971433866e+01
5.8029209057312805e+01
5.8728543038604400e+01
5.9431847349331470e+01
6.0423993425345813e+01
6.1258129675399488e+01
6.1478805668848459e+01
6.1981387893899772e+01
6.2261282039858088e+01
6.2533710520249976e+01
6.3705811647508298e+01
6.4318129607994265e+01
6.4460101491862872e+01
6.4615018423948783e+01
6.4945607938004159e+01
6.5377581291559324e+01
6.6043898116978681e+01
6.6132430475676472e+01
6.6569667439874507e+01
6.7453435205306704e+01
6.7917104879008718e+01
6.9382215203339101e+01
6.9921756368379661e+01
7.0674693357380747e+01
7.0789933805169383e+01
7.0884965601507716e+01
7.1522754061691728e+01
7.1649953602469694e+01
7.2042515768395930e+01
7.2379047355068067e+01
7.3455199428895412e+01
7.3539390619701521e+01
7.3976463068237564e+01
7.4129972004227767e+01
7.4451836649072760e+01
7.4821403591845140e+01
7.5448370630055734e+01
7.5790451259733132e+01
7.6033720440753484e+01
7.6143844697589316e+01
7.7955056023667098e+01
7.8301912444535986e+01
7.8545057063107663e+01
7.9302534282069914e+01
7.9484014546647387e+01
7.9571065185957181e+01
7.9677472823748175e+01
8.0234993422180267e+01
8.0378132900734343e+01
8.1177888486049298e+01
8.1766125449094517e+01
8.2347533841624383e+01
8.2543283790436064e+01
8.2677929826517811e+01
8.3157114261157659e+01
8.4334405873941051e+01
8.4407419079160775e+01
8.4597724619472771e+01
8.4791779487793249e+01
8.5047119925921450e+01
8.5510178643416296e+01
8.5685724279243701e+01
8.6050005147218727e+01
8.6456571393004694e+01
8.7213720548073724e+01
8.7830849719016484e+01
8.8232674893009133e+01
8.8327869095452016e+01
8.8974861710409201e+01
8.9424406687275891e+01
9.0325098980696637e+01
9.1284955024360031e+01
9.1759621666343918e+01
9.1880052218523304e+01
9.2119875182510597e+01
9.2408509892815701e+01
9.2595669243818719e+01
9.3758883067400475e+01
9.4207980989551899e+01
9.4863776279557584e+01
9.5259988410472118e+01
9.5371778766638315e+01
9.5964400195415692e+01
9.6247076646926914e+01
9.6317983712342851e+01
9.7172948959428084e+01
9.7523148048965041e+01
9.7616888653101881e+01
1.0008264454354048e+02
1.0029192125620509e+02
1.0063793402862161e+02
1.0308399810021096e+02
1.0445264323479681e+02
1.0670106159817230e+02
1.0756374154352105e+02
1.0786556603920930e+02
1.0951371584639760e+02
1.1007119978679934e+02
1.1358539182386693e+02
1.1631143851499647e+02
1.1681720286128281e+02
1.1877001427580755e+02
1.2012445512403036e+02
1.2051373390868461e+02
1.3067514940993712e+02
1.3456269960174527e+02
1.5251732789852559e+02
