5.2709726228057656e+00
7.8555271121872012e+00
1.0003926790707485e+01
1.1161805504573501e+01
1.3352141679011279e+01
1.4324787650956321e+01
1.5223278861065889e+01
1.6688012581662829e+01
1.7367155224995027e+01
1.8172025188458829e+01
2.0055245673303453e+01
2.0900515787444128e+01
2.0930516442122126e+01
2.2071699605971684e+01
2.2675762195707673e+01
2.5314126022565080e+01
2.5482289039744519e+01
2.5658530256498000e+01
2.5778881322172086e+01
2.7477744761753815e+01
2.7865508850729622e+01
2.8492267980245700e+01
2.9223700227371260e+01
3.0407868657696515e+01
3.0664061542002106e+01
3.1354477100908188e+01
3.2021220634155107e+01
3.3588628572934788e+01
3.3721764980108858e+01
3.3762906127754306e+01
3.4540811887050261e+01
3.5842124659760977e+01
3.6156661844397945e+01
3.6496869787246375e+01
3.7372618965985076e+01
3.7657649340652469e+01
3.9119327181042713e+01
3.9226418609403730e+01
3.9590780900505116e+01
4.0400927566592152e+01
4.0482368090936234e+01
4.1819635205757372e+01
4.2584618118139666e+01
4.2996050101129661e+01
4.3303552260729070e+01
4.4720193728388047e+01
4.5335667916665521e+01
4.6125004255878039e+01
4.6918250882739194e+01
4.7069371894136374e+01
4.7600067976346793e+01
4.7731404306696618e+01
4.7906142189433879e+01
4.7979942311375702e+01
4.8194547048662258e+01
4.8442910538354141e+01
4.9712326191027721e+01
4.9858745944361495e+01
5.0171706101216579e+01
5.0933130644404166e+01
5.2064663354197599e+01
5.2576071744575756e+01
5.3346459971758662e+01
5.4225017584252797e+01
5.4320494675671327e+01
5.4669711024155667e+01
5.5046061638818273e+01
5.5377602782837705e+01
5.5732347910454436e+01
5.5810983611592604e+01
5.6092313612658998e+01
5.7058250082510185e+01
5.7557018998059618e+01
5.7847612517110385e+01
5.8029207638461465e+01
5.8728542756585405e+01
5.9431838653929525e+01
6.0423993848080130e+01
6.1273661738162573e+01
6.1478700154505248e+01
6.1981390764740972e+01
6.2253174002279600e+01
6.2533716293751134e+01
6.3705817393092104e+01
6.4318130568679194e+01
6.4460117160756980e+01
6.4615021001266342e+01
6.4919055741621591e+01
6.4945607655128740e+01
6.5377588072183400e+01
6.6043920679679644e+01
6.6132430174212629e+01
6.6569669217673322e+01
6.7453448951256306e+01
6.7917110480213324e+01
6.9382371219229981e+01
6.9934032347667866e+01
7.0674683464935839e+01
7.0789930053910481e+01
7.0884960889145987e+01
7.1522752031381174e+01
7.1649941944237511e+01
7.2042518645276033e+01
7.2379050888461251e+01
7.3455210039662660e+01
7.3539377301015378e+01
7.3976418352350166e+01
7.4129964756736683e+01
7.4451837663899596e+01
7.4821406445434647e+01
7.5448370914671230e+01
7.5790455018284860e+01
7.6033718709274282e+01
7.6143853615572610e+01
7.7915778840998854e+01
7.7955075238398138e+01
7.8301919127735047e+01
7.8545090771988271e+01
7.9302550778390213e+01
7.9343230468027826e+01
7.9484023328831725e+01
7.9571097635780504e+01
7.9677624121614031e+01
8.0234993260249468e+01
8.0378144335591529e+01
8.1177877438753043e+01
8.1766125936547411e+01
8.2347556965299731e+01
8.2543261844020336e+01
8.2677922851042311e+01
8.3157137466088599e+01
8.4334409237517292e+01
8.4407428805515849e+01
8.4597726200966292e+01
8.4791769961098993e+01
8.5047108994837856e+01
8.5515744206533043e+01
8.5685726538205699e+01
8.6050001486403119e+01
8.6456586337689657e+01
8.7213687525184540e+01
8.7276070741195781e+01
8.7830855915446747e+01
8.7876909401439107e+01
8.8232644173907133e+01
8.8327383066654306e+01
8.8974876290528186e+01
8.9339507312886440e+01
8.9424422166745671e+01
9.0325107672601675e+01
9.1284956849489745e+01
9.1759674707175392e+01
9.1815172676441108e+01
9.1880058606257705e+01
9.2119864955924740e+01
9.2408500051746472e+01
9.2595676210680992e+01
9.3759012348781027e+01
9.4208035881278050e+01
9.4863803861783012e+01
9.5046553940558312e+01
9.5200016662501199e+01
9.5259995268090947e+01
9.5371783096718900e+01
9.5580251117163456e+01
9.5964397990955462e+01
9.6247081106977362e+01
9.6317990242230081e+01
9.6903865563817149e+01
9.7017522734737824e+01
9.7172917611095414e+01
9.7523116751255387e+01
9.7617278471959651e+01
9.7807043590807680e+01
9.8939662883036419e+01
9.9158635794025273e+01
1.0008263130870851e+02
1.0029194146468581e+02
1.0049712115354318e+02
1.0063786542852010e+02
1.0117955745496492e+02
1.0163888372044939e+02
1.0172652492319403e+02
1.0195396695634642e+02
1.0236610666787567e+02
1.0273360688788492e+02
1.0308379464009543e+02
1.0321430034062466e+02
1.0429830185543163e+02
1.0440094276012675e+02
1.0445267668907913e+02
1.0530358767693825e+02
1.0540036728295510e+02
1.0634687583200642e+02
1.0670105732977537e+02
1.0676465979865947e+02
1.0719660384044717e+02
1.0746430730455015e+02
1.0756390948814413e+02
1.0786700330423227e+02
1.0848958257085918e+02
1.0919036454682433e+02
1.0951389607387375e+02
1.0989538002383921e+02
1.1007177863500445e+02
1.1034015399950179e+02
1.1190523112393534e+02
1.1197121963385717e+02
1.1219214148474514e+02
1.1277462791377796e+02
1.1282192119848068e+02
1.1303656885622233e+02
1.1358538141514327e+02
1.1413748183685800e+02
1.1434230935032492e+02
1.1453703634369946e+02
1.1507759143625928e+02
1.1524544974278371e+02
1.1582732214389556e+02
1.1631137582692543e+02
1.1681717410568990e+02
1.1717021409543139e+02
1.1727096531210780e+02
1.1782323846806302e+02
1.1804708544992425e+02
1.1816414225699904e+02
1.1876912340180716e+02
1.1924125970280683e+02
1.1932624482563256e+02
1.1955414816973750e+02
1.1989565425607383e+02
1.2000883938240760e+02
1.2010219763237738e+02
1.2051371363693416e+02
1.2082985844725276e+02
1.2164265154296370e+02
1.2218855667224805e+02
1.2293477169699811e+02
1.2342871623547181e+02
1.2363110196514960e+02
1.2373912043295699e+02
1.2428708110936320e+02
1.2494522147793668e+02
1.2503510198174584e+02
1.2526909162933033e+02
1.2580166465697432e+02
1.2642516212372880e+02
1.2656036313254157e+02
1.2671551804169148e+02
1.2690478396776201e+02
1.2699659423401116e+02
1.2820470653920447e+02
1.2930585026842772e+02
1.2948669017608776e+02
1.2981505913005128e+02
1.3001465939060580e+02
1.3021713253442729e+02
1.3067515217512775e+02
1.3075602941667393e+02
1.3080787412640626e+02
1.3093060924688066e+02
1.3137974719089792e+02
1.3146683652891630e+02
1.3168471962475448e+02
1.3182168429947271e+02
1.3198120621874730e+02
1.3204496992014757e+02
1.3303168334416162e+02
1.3314474386663639e+02
1.3350801296355468e+02
1.3360321413551054e+02
1.3382260277169897e+02
1.3395818601327517e+02
1.3449413796049285e+02
1.3456243751605396e+02
1.3487976248192069e+02
1.3501472070260226e+02
1.3530675336489102e+02
1.3535590341802717e+02
1.3615666324176723e+02
1.3638064837867950e+02
1.3650083276330142e+02
1.3698290620415943e+02
1.3714886308731704e+02
1.3734115519927215e+02
1.3778363444403473e+02
1.3852516045355765e+02
1.3864161858727451e+02
1.3876066141173661e+02
1.3929528778851096e+02
1.3989115715336123e+02
1.4052027995017116e+02
1.4124453367288376e+02
1.4151555823336801e+02
1.4170348906239019e+02
1.4196024125126678e+02
1.4215148201704054e+02
1.4292366045226089e+02
1.4380840586202825e+02
1.4394659103497796e+02
1.4423322173046779e+02
1.4442663812398627e+02
1.4451330713563229e+02
1.4459248654791540e+02
1.4471507243923378e+02
1.4475625573420697e+02
1.4494014894479545e+02
1.4504105589187114e+02
1.4540456571904514e+02
1.4586077128525787e+02
1.4625902047105944e+02
1.4636179871986602e+02
1.4679357154053830e+02
1.4684212187005198e+02
1.4690078769222544e+02
1.4699718613544769e+02
1.4800691502480743e+02
1.4839065920609193e+02
1.4849590011861861e+02
1.4879889346979968e+02
1.4919109084825652e+02
1.4942547735807995e+02
1.5104566981256608e+02
1.5113242372116352e+02
1.5169217206424264e+02
1.5176455205073194e+02
1.5223831724221009e+02
1.5251689873497170e+02
1.5256604901083927e+02
1.5272509716975352e+02
1.5336671018916388e+02
1.5346114763227217e+02
1.5358730748723019e+02
1.5387411549715964e+02
1.5413428686186208e+02
1.5419999972485820e+02
1.5481492358839128e+02
1.5498666145005683e+02
1.5519597227573976e+02
1.5560495415862522e+02
1.5585621287306822e+02
1.5599251522093491e+02
1.5632498495188784e+02
1.5654951285340593e+02
1.5664532904164182e+02
1.5686092660586212e+02
1.5783719401115550e+02
1.5832781564297139e+02
1.5840428245212573e+02
1.5853480646504369e+02
1.5867248144334516e+02
1.5938215573573822e+02
1.5989228846573636e+02
1.5995261794455971e+02
1.6047872677333203e+02
1.6076350963424937e+02
1.6107611047136368e+02
1.6123093076243646e+02
1.6130124054049918e+02
1.6239644480299773e+02
1.6307130869154761e+02
1.6362202642711364e+02
1.6403572343955597e+02
1.6412431772204340e+02
1.6525411335842304e+02
1.6536813710494886e+02
1.6553380532779909e+02
1.6560664043874786e+02
1.6567804587723452e+02
1.6590757274781635e+02
1.6606473448938542e+02
1.6654414077573617e+02
1.6670901387003443e+02
1.6684803595218239e+02
1.6694151809556718e+02
1.6720565909562620e+02
1.6735206244387379e+02
1.6762937033474159e+02
1.6790415537981892e+02
1.6813826367664518e+02
1.6841741571663667e+02
1.6863952715128971e+02
1.6894537084686061e+02
1.6943894876908263e+02
1.6954385576373190e+02
1.6999856959747248e+02
1.7046582847570721e+02
1.7053919853611043e+02
1.7088801478777432e+02
1.7207507310524329e+02
1.7217960782000469e+02
1.7265375853258479e+02
1.7281001594354274e+02
1.7292941546020464e+02
1.7301114252344783e+02
1.7310878442446503e+02
1.7324822025293011e+02
1.7342294669883387e+02
1.7365614788520693e+02
1.7373478230428657e+02
1.7391435893293649e+02
1.7436975929269937e+02
1.7447909716872138e+02
1.7525909411107489e+02
1.7532739530795234e+02
1.7610447255262062e+02
1.7616229074346265e+02
1.7628704974131600e+02
1.7745018356998889e+02
1.7751332563226967e+02
1.7760393213924934e+02
1.7776624670177668e+02
1.7788232622121168e+02
1.7811459874380276e+02
1.7855252656406324e+02
1.7865000529488191e+02
1.7884838842508478e+02
1.7894579211099554e+02
1.7902254419214776e+02
1.7933634729533736e+02
1.7970775977109525e+02
1.7980107177384394e+02
1.8015605031186456e+02
1.8036149109910832e+02
1.8058188292391435e+02
1.8073446151827420e+02
1.8089833443179131e+02
1.8116364987115148e+02
1.8125100244043421e+02
1.8167088884052555e+02
1.8178489049826521e+02
1.8280927017701549e+02
1.8290470935602059e+02
1.8297861797719122e+02
1.8338939144310089e+02
1.8347737365435916e+02
1.8372071072729921e+02
1.8415169042647614e+02
1.8429641188775585e+02
1.8488366652465950e+02
1.8556324839215321e+02
1.8567452589555811e+02
1.8593154613665047e+02
1.8613566906399947e+02
1.8639654054343524e+02
1.8661520189659691e+02
1.8717508035235767e+02
1.8725506151439379e+02
1.8746926807940184e+02
1.8781600750040479e+02
1.8795022051037188e+02
1.8814005159037521e+02
1.8826048879746705e+02
1.8851441021194313e+02
1.8860865883194765e+02
1.8890864654116007e+02
1.8906563658947260e+02
1.8922302370608497e+02
1.9002341194899859e+02
1.9010992751965443e+02
1.9032868307319313e+02
1.9048361059797546e+02
1.9131674096949595e+02
1.9141243577492477e+02
1.9178659144308031e+02
1.9194141974219394e+02
1.9229442318329043e+02
1.9244831030048749e+02
1.9257640749078911e+02
1.9268347503601439e+02
1.9328368362281122e+02
1.9366124342040911e+02
1.9390002246118266e+02
1.9420611643566633e+02
1.9428082927143609e+02
1.9448059934945906e+02
1.9504982701435168e+02
1.9569425351837870e+02
1.9602360685400495e+02
1.9626179182084644e+02
1.9648951389843251e+02
1.9667271496198231e+02
1.9705263497842839e+02
1.9712191776203051e+02
1.9762025670901278e+02
1.9802526284255129e+02
1.9813740885124926e+02
1.9848228143978224e+02
1.9853783015196623e+02
1.9906341801040924e+02
1.9925350280506055e+02
1.9993498217525251e+02
2.0035142597974450e+02
2.0049534691384909e+02
2.0072999436499293e+02
2.0127185705342308e+02
2.0165526837759637e+02
2.0185049773996647e+02
2.0194968169263294e+02
2.0228613749083829e+02
2.0247078963445261e+02
2.0257608314424917e+02
2.0298818795027540e+02
2.0305289905308959e+02
2.0312169247927176e+02
2.0320390562247061e+02
2.0328665161330133e+02
2.0341237294797844e+02
2.0350132348028356e+02
2.0490450798106954e+02
2.0522634713348060e+02
2.0531696163537410e+02
2.0546375610517759e+02
2.0622996540507845e+02
2.0629007076689371e+02
2.0643403574524655e+02
2.0658709415822730e+02
2.0671733023985161e+02
2.0746145709855111e+02
2.0784667258257619e+02
2.0792075093579967e+02
2.0824830998703246e+02
2.0838287123206459e+02
2.0846737181448961e+02
2.0852893457139092e+02
2.0878542796770071e+02
2.0896205122319523e+02
2.0909376785417822e+02
2.0930997148120110e+02
2.1036632275430046e+02
2.1056260969511419e+02
2.1098107744052624e+02
2.1153953162794141e+02
2.1171548670003526e+02
2.1189228874323055e+02
2.1202519709104962e+02
2.1217096830948157e+02
2.1229709580994972e+02
2.1260415173502435e+02
2.1285421817688299e+02
2.1329545225983881e+02
2.1353539664417900e+02
2.1445026134185568e+02
2.1498188277398083e+02
2.1524838401529098e+02
2.1549207154985822e+02
2.1569830000649290e+02
2.1592820997818455e+02
2.1618607119485392e+02
2.1630530275043100e+02
2.1651258833986839e+02
2.1662762127772876e+02
2.1681645882919361e+02
2.1689422271903419e+02
2.1710288022194959e+02
2.1721900822888381e+02
2.1729509512198487e+02
2.1740992346204442e+02
2.1768399277041061e+02
2.1800075279008513e+02
2.1808874469685821e+02
2.1877329144150877e+02
2.1903956607923598e+02
2.1922588584677305e+02
2.1946382085406950e+02
2.1955627784135672e+02
2.1960032143550225e+02
2.1977856263975642e+02
2.1994529051357941e+02
2.2011902347594224e+02
2.2053789536034469e+02
2.2157495295235645e+02
2.2164467849947050e+02
2.2206877581706908e+02
2.2248090092545377e+02
2.2294231482226118e+02
2.2310438626250058e+02
2.2325122249952221e+02
2.2381345161540906e+02
2.2414023278521449e+02
2.2443241064551003e+02
2.2462887117761457e+02
2.2491633945118244e+02
2.2516567477321101e+02
2.2549120655339630e+02
2.2614858159501782e+02
2.2676804712599323e+02
2.2712667478344952e+02
2.2743047058321912e+02
2.2774442090063340e+02
2.2781792589534751e+02
2.2792798071021238e+02
2.2866006539720681e+02
2.2876902737047592e+02
2.2881082765666784e+02
2.2911499227513917e+02
2.2925873754388294e+02
2.2968236564673956e+02
2.2982160263742608e+02
2.2987713964513532e+02
2.3010829766457289e+02
2.3029529194593007e+02
2.3088085030455332e+02
2.3097600138499831e+02
2.3120022811962704e+02
2.3128524710600215e+02
2.3172043364301217e+02
2.3217781179359943e+02
2.3249762314188573e+02
2.3268484624449724e+02
2.3293389034001342e+02
2.3346943020796209e+02
2.3361666402350920e+02
2.3374760129949902e+02
2.3382993768173569e+02
2.3393979101101087e+02
2.3419285563703798e+02
2.3426795759694295e+02
2.3501012888946133e+02
2.3517486452085512e+02
2.3543683625727326e+02
2.3604545167102754e+02
2.3637886871687513e+02
2.3674211522466399e+02
2.3679086553630864e+02
2.3730020036805686e+02
2.3737098391947183e+02
2.3779236640664732e+02
2.3837017614074378e+02
2.3895739020907169e+02
2.3910022824341240e+02
2.3921903381037458e+02
2.3933034682447246e+02
2.3974306301276164e+02
2.3987904392939313e+02
2.4013741088950781e+02
2.4048576484292317e+02
2.4062394833070053e+02
2.4082258644034223e+02
2.4091890442211010e+02
2.4116526470377769e+02
2.4156475638931664e+02
2.4218212390206355e+02
2.4253133685206299e+02
2.4262327425035056e+02
2.4268172535648776e+02
2.4334056698421227e+02
2.4368322651313420e+02
2.4389206740637175e+02
2.4416977204889332e+02
2.4430278174416702e+02
2.4488283900448636e+02
2.4515246878736079e+02
2.4529449304617094e+02
2.4576093464851323e+02
2.4603927374359594e+02
2.4630725837687652e+02
2.4654353403017825e+02
2.4678731506998312e+02
2.4739266186956405e+02
2.4757270230816607e+02
2.4831966674095696e+02
2.4864582891044432e+02
2.4872336648706835e+02
2.4884061645380723e+02
2.4904427777942723e+02
2.4927894182665929e+02
2.4944425170534936e+02
2.5093022380496342e+02
2.5099592935747086e+02
2.5172498342404336e+02
2.5188688150580123e+02
2.5291270263171538e+02
2.5329754029596657e+02
2.5363267926678498e+02
2.5374647343667789e+02
2.5407725097061848e+02
2.5458260299379634e+02
2.5467640361228987e+02
2.5481988913270280e+02
2.5527624703117573e+02
2.5584210009365364e+02
2.5608234063327546e+02
2.5634709593642083e+02
2.5668646664054944e+02
2.5705164755267668e+02
2.5754503299323801e+02
2.5817900166474328e+02
2.5856605700256739e+02
2.5907372304491025e+02
2.5915845568458724e+02
2.6004505920148063e+02
2.6073302601934199e+02
2.6092199779173842e+02
2.6230738261319016e+02
2.6254505588214704e+02
2.6275807419247019e+02
2.6299514132981545e+02
2.6342417340535633e+02
2.6359567936843359e+02
2.6385084168945531e+02
2.6409664365333236e+02
2.6432250290263323e+02
2.6445772583159169e+02
2.6459781483396762e+02
2.6540478725893121e+02
2.6557212243250171e+02
2.6568201085064032e+02
2.6595040073031959e+02
2.6690508572048128e+02
2.6723124538995006e+02
2.6824013973467208e+02
2.6883213602030975e+02
2.6901613343543983e+02
2.7033145472869063e+02
2.7058156377245137e+02
2.7067673975430836e+02
2.7121466990661168e+02
2.7152972165539575e+02
2.7170223575435153e+02
2.7212419736485157e+02
2.7244306903409210e+02
2.7304917850446014e+02
2.7363959053368274e+02
2.7401055318901189e+02
2.7427612790161686e+02
2.7459815862806704e+02
2.7519826864047860e+02
2.7556925930078080e+02
2.7603282265184777e+02
2.7887781457149237e+02
2.7917180712743732e+02
2.7942422573643876e+02
2.8001711979805270e+02
2.8011102864584427e+02
2.8051754727431842e+02
2.8102305390074446e+02
2.8215609075327626e+02
2.8228561429002599e+02
2.8246351691772094e+02
2.8274847947286571e+02
2.8371377763113134e+02
2.8378881917415379e+02
2.8436535663544970e+02
2.8456995217599666e+02
2.8599739133419405e+02
2.8640585360187333e+02
2.8696583285486105e+02
2.8921578620048484e+02
2.8958029929097040e+02
2.8973329854642623e+02
2.9000817238609625e+02
2.9024497618540533e+02
2.9076156379003271e+02
2.9094575773583506e+02
2.9173532183646660e+02
2.9211797345928142e+02
2.9277845002528369e+02
2.9450634068399813e+02
2.9484711422777974e+02
2.9544755345120484e+02
2.9624273606766178e+02
2.9654072393802454e+02
2.9670397606185196e+02
2.9723198737885031e+02
2.9829767931094318e+02
2.9871229935323004e+02
2.9909834379820637e+02
2.9942077921723518e+02
3.0074794951623932e+02
3.0243845416336404e+02
3.0388897665777841e+02
3.0531853623762788e+02
3.0650507981684461e+02
3.0677294236438047e+02
3.0855310351419905e+02
3.0907276746213051e+02
3.0937380068382544e+02
3.1074572804359565e+02
3.1147359380971125e+02
3.1300312537446689e+02
3.1696729983692239e+02
3.1714929452540838e+02
3.1756035193207896e+02
3.1898141895029795e+02
3.1961697004279785e+02
3.2024130286909502e+02
3.2165606168073509e+02
3.2285228095979534e+02
3.2550675894323496e+02
3.2908766473262932e+02
3.2993057332865595e+02
3.3343340240076617e+02
3.3358208539123933e+02
3.3569957553343113e+02
3.3610083229859396e+02
3.3981339121325198e+02
3.4514845191828800e+02
3.4604559092679489e+02
3.4671622664333148e+02
3.4991151181016551e+02
3.5061507660363424e+02
3.5319171432747100e+02
3.6228668976995613e+02
3.6386934630764756e+02
3.7089867273626191e+02
3.7479180135186937e+02
3.7538624841883308e+02
3.7821863801034306e+02
3.8162596850794682e+02
3.9322658727508588e+02
3.9611382401865069e+02
4.0565881154448437e+02
4.0760677212707481e+02
4.3856916122175522e+02
4.4175530472533001e+02
