1.5628461720003395e+02
1.5632498711568763e+02
1.5654951149202984e+02
1.5664533118109071e+02
1.5686093417603800e+02
1.5689568902699040e+02
1.5781894559679736e+02
1.5783719370160560e+02
1.5832781322726609e+02
1.5840428186343726e+02
1.5853480408574495e+02
1.5867247874522141e+02
1.5938215955433691e+02
1.5989228188139683e+02
1.5995261574153352e+02
1.6047872675887291e+02
1.6050426456144871e+02
1.6076350666141042e+02
1.6107611407870411e+02
1.6123092889787762e+02
1.6125849040800756e+02
1.6130124209996882e+02
1.6239644316981753e+02
1.6307131094823319e+02
1.6362202848328951e+02
1.6403572259774205e+02
1.6412431593367168e+02
1.6525411434662547e+02
1.6536813874487282e+02
1.6553380646719350e+02
1.6560664152306515e+02
1.6567804477740646e+02
1.6590757214553099e+02
1.6606473527901611e+02
1.6654414085349748e+02
1.6670901280970816e+02
1.6680232229695741e+02
1.6684803642318786e+02
1.6694151873541074e+02
1.6720565781015358e+02
1.6735206224128586e+02
1.6740780951649850e+02
1.6762937235842926e+02
1.6790415426183773e+02
1.6813826394050736e+02
1.6841741763078704e+02
1.6863952147357179e+02
1.6894536387447192e+02
1.6943894700777048e+02
1.6954385495830016e+02
1.6999857160641028e+02
1.7046582998555502e+02
1.7053919666550371e+02
1.7088801310813426e+02
1.7092170864354441e+02
