2.1036632243896591e+02
2.1056261291110670e+02
2.1098107729365094e+02
2.1153953629681436e+02
2.1171548564115503e+02
2.1189228406160038e+02
2.1202522109187382e+02
2.1217097775811331e+02
2.1229710147626147e+02
2.1254932101572908e+02
2.1260415032014484e+02
2.1285421533459260e+02
2.1329545050265429e+02
2.1353540189588907e+02
2.1445026050366428e+02
2.1489630555924370e+02
2.1494049734237984e+02
2.1498188461188809e+02
2.1524838325522060e+02
2.1549207377374978e+02
2.1569830434715715e+02
2.1592821185167551e+02
2.1618607208326048e+02
2.1630530894614259e+02
2.1651259740633654e+02
2.1662762124432351e+02
2.1681646429207177e+02
2.1689422364157880e+02
2.1710288789565632e+02
2.1721901006425134e+02
2.1729509689230920e+02
2.1740992382171396e+02
2.1768400263273517e+02
2.1800073800261276e+02
2.1808874656885192e+02
2.1877329587483985e+02
2.1903956598611123e+02
2.1922588888151651e+02
2.1946382939914244e+02
2.1955628286174269e+02
2.1960036015005895e+02
2.1977857036875437e+02
2.1994529596044930e+02
2.2011902188554615e+02
2.2053789861691052e+02
2.2157495731984915e+02
2.2164468295746428e+02
2.2206876794498851e+02
2.2248090416592174e+02
2.2294232524099166e+02
2.2310438740748774e+02
2.2316269379594496e+02
2.2325122076725600e+02
2.2329144682836355e+02
2.2381346237341563e+02
2.2414024072913816e+02
2.2443241476399015e+02
2.2462886747180093e+02
2.2486017435486428e+02
2.2491635944751692e+02
2.2514315011672423e+02
2.2516569177422920e+02
2.2549120483441845e+02
2.2614855556869423e+02
2.2617472926642407e+02
2.2676805502803458e+02
2.2710337896659965e+02
2.2712668001556040e+02
2.2738244179380678e+02
2.2743174115366102e+02
2.2774421146556091e+02
2.2781818329946947e+02
2.2792798464636633e+02
