1.6943895420435669e+02
1.6954385238436547e+02
1.6999856781127917e+02
1.7046583103583831e+02
1.7053919643831381e+02
1.7088801624651475e+02
1.7092170641660988e+02
1.7207506756680453e+02
1.7217960340672769e+02
1.7265374897934990e+02
1.7281001787605788e+02
1.7292941367093172e+02
1.7301113850863783e+02
1.7310876996237559e+02
1.7321089745788478e+02
1.7324822083911832e+02
1.7342294089208960e+02
1.7365615504757974e+02
1.7373477282679301e+02
1.7391435090607942e+02
1.7436976310409131e+02
1.7444738645185956e+02
1.7447909835927771e+02
1.7525909720676498e+02
1.7532732664795620e+02
1.7610446946482804e+02
1.7616228539749901e+02
1.7625971271643223e+02
1.7628704564467679e+02
1.7745018277434883e+02
1.7751332740392024e+02
1.7760392901932099e+02
1.7776624648851876e+02
1.7788232296093747e+02
1.7811460074499300e+02
1.7855252397736189e+02
1.7865000766559356e+02
1.7886507548211804e+02
1.7894578833284805e+02
1.7902254944667601e+02
1.7933635058193269e+02
1.7970775551797269e+02
1.7980107197171128e+02
1.8015600585017094e+02
1.8036149241838166e+02
1.8058189584757071e+02
1.8073446164724581e+02
1.8089833743161921e+02
1.8116365272815901e+02
1.8125100715330643e+02
1.8165652819350132e+02
1.8178488696327440e+02
1.8280928059893364e+02
1.8290471494602212e+02
1.8297861761769414e+02
1.8338939420890668e+02
1.8347736755735639e+02
1.8372071036059413e+02
1.8415168983745014e+02
1.8426901566277289e+02
1.8429642045995399e+02
1.8488366235876308e+02
