5.27285018696323249e+00
7.85854693976715168e+00
1.00080336757497079e+01
1.11664309257169201e+01
1.33578684598407058e+01
1.43293023570773066e+01
1.52300438411386949e+01
1.66955250102741815e+01
1.73749456550111638e+01
1.81780394792706090e+01
2.00647428091316122e+01
2.09102643827498547e+01
2.09378998748800456e+01
2.20820568615091837e+01
2.26836932445781159e+01
2.53263121144778971e+01
2.54916787991334957e+01
2.56714100521108612e+01
2.57913742915943871e+01
2.74912706416198347e+01
2.78758769956550907e+01
2.85015131270825393e+01
2.92351565670553484e+01
3.04230246175509649e+01
3.06759466493942838e+01
3.13703062146749510e+01
3.20382063426024004e+01
3.36059784273806557e+01
3.37332979496218570e+01
3.37763057129497213e+01
3.45549691022518175e+01
3.58604475009097570e+01
3.61753833199740882e+01
3.65118151824285775e+01
3.73862433976644795e+01
3.76776030764357159e+01
3.91411993191047785e+01
3.92434306835380227e+01
3.96051349518380107e+01
4.03994943938314250e+01
4.04228769146080822e+01
4.04998569451519401e+01
4.18418652540990266e+01
4.26075886150326752e+01
4.30147754887621900e+01
4.33202383780438964e+01
4.47451951134078598e+01
4.53563049197464210e+01
4.61429603298516966e+01
4.69459110716949297e+01
4.70909071077242771e+01
4.76174446850556379e+01
4.77532608249362269e+01
4.79335730650307212e+01
4.79998867779268039e+01
4.82208299333470833e+01
4.84698286062674413e+01
4.97405040907238600e+01
4.98792265947299640e+01
5.01950498254321147e+01
5.09576292170234879e+01
5.20897342621962238e+01
5.26073020343843751e+01
5.33689114276214198e+01
5.42462034887031450e+01
5.43470009969213095e+01
5.46938664990065178e+01
5.50774996651203992e+01
5.54120341743786327e+01
5.57648021596373482e+01
5.58386254312189578e+01
5.61263199245207147e+01
5.70834181473643127e+01
5.75915127782805456e+01
5.78770118481722236e+01
5.80582584168055504e+01
5.87529954669989465e+01
5.94622602850214008e+01
6.04529952709244824e+01
6.12969185158290202e+01
6.13017216000248908e+01
6.15045372300886370e+01
6.20107762051996545e+01
6.22857361786760180e+01
6.22979610953784828e+01
6.25713677135664597e+01
6.37450263898330363e+01
6.43526716404903425e+01
6.45025032887043892e+01
6.46498184820356130e+01
6.49501013001457892e+01
6.49874973876521551e+01
6.54129939633636468e+01
6.60734997463812306e+01
6.61746055218388278e+01
6.66056739373958067e+01
6.74904333643094958e+01
6.79520117130297905e+01
6.94141421890554824e+01
6.99566638199667352e+01
6.99698619489590357e+01
7.00120267901028086e+01
7.07196439975100191e+01
7.08383369280164885e+01
7.09250391925162660e+01
7.15572903336756241e+01
7.16822093693373859e+01
7.20837684086116610e+01
7.24264664971019272e+01
7.34934838515465430e+01
7.35819527425860826e+01
7.40123595505219498e+01
7.41735403503976158e+01
7.41922814550828207e+01
7.45031408116271905e+01
7.48634612934647521e+01
7.54998940054765626e+01
7.58349868447074300e+01
7.60759385905660110e+01
7.61888489629874215e+01
7.79659325148095235e+01
7.79942418448752335e+01
7.83537749164924548e+01
7.85889051625460553e+01
7.93462143322464186e+01
7.93915764235496511e+01
7.95379133309511559e+01
7.96127596812724505e+01
7.97165908571031991e+01
8.02842742444721580e+01
8.04275256583038782e+01
8.12380140290479034e+01
8.18235308785605184e+01
8.23988870077637472e+01
8.25870045543084359e+01
8.27251516121315120e+01
8.32075571550497557e+01
8.43887791738940933e+01
8.44706178640109187e+01
8.46603326733256694e+01
8.48428873536019807e+01
8.50916903243676757e+01
8.55706387998468472e+01
8.55730958144202702e+01
8.57406508240165124e+01
8.60988132228324474e+01
8.65159799380386971e+01
8.72619283816640348e+01
8.73377651419407215e+01
8.78844416184535362e+01
8.79343241788289731e+01
8.82830934421404834e+01
8.83747630368441861e+01
8.90395566150201461e+01
8.93985707262899041e+01
8.94791022028278036e+01
9.03858496621843557e+01
9.13459512496041270e+01
9.18132621923535623e+01
9.18772288638740520e+01
9.19496485175807692e+01
9.21805284655665673e+01
9.24830158489942846e+01
9.26539497066743394e+01
9.38125994517608319e+01
9.42701421254728302e+01
9.49223295490533303e+01
9.51149707322281017e+01
9.52674791520643396e+01
9.53368324486689858e+01
9.54479472924741685e+01
9.56472002581166976e+01
9.56845167517710991e+01
9.60313547848679718e+01
9.63148014382901323e+01
9.63949292101610240e+01
9.69775007668232405e+01
9.70861277072011148e+01
9.72324490153742005e+01
9.75842575720915022e+01
9.76749301331207676e+01
9.78727136548343992e+01
9.90105270725490811e+01
9.92364362996517855e+01
1.00144499572951915e+02
1.00360243036317897e+02
1.00569865035932679e+02
1.00698017544731343e+02
1.01254409083395871e+02
1.01704440208006645e+02
1.01799569705811166e+02
1.02029259972335524e+02
1.02434849160200343e+02
1.02818276445237345e+02
1.03148710840024137e+02
1.03286328606719863e+02
1.04360297871886772e+02
1.04373678034781221e+02
1.04481948083039725e+02
1.04544761664649215e+02
1.05382854780913291e+02
1.05484230416176132e+02
1.06428451131877694e+02
1.06778364853145874e+02
1.06793978078632705e+02
1.06857513290846356e+02
1.06859777835832162e+02
1.07284657891999061e+02
1.07531212859847983e+02
1.07547567876060796e+02
1.07634555005792180e+02
1.07918965493339741e+02
1.07960841456885177e+02
1.08570077928818250e+02
1.09275557353926160e+02
1.09588031278893453e+02
1.09983331215162110e+02
1.10138997426540556e+02
1.10144425708823093e+02
1.10427509520477031e+02
1.11990518401898555e+02
1.12053620648737862e+02
1.12081264234469629e+02
1.12272608409418183e+02
1.12865773043373636e+02
1.12914372072551743e+02
1.13115057801162209e+02
1.13678595984021683e+02
1.14229734976270791e+02
1.14427352801829855e+02
1.14443087623369991e+02
1.14459494235154992e+02
1.14626109725348144e+02
1.15169475996656971e+02
1.15339964459646765e+02
1.15927476619882896e+02
1.16393439235765214e+02
1.16903194035471813e+02
1.17267787498093512e+02
1.17384397596368999e+02
1.17922935108688108e+02
1.18137401597000945e+02
1.18268811402346287e+02
1.18269689552759516e+02
1.18846758549889799e+02
1.18881479179099998e+02
1.18893127971888759e+02
1.19332542087098716e+02
1.19428441094712596e+02
1.19643719646764239e+02
1.19994656889258962e+02
1.20113473891512555e+02
1.20204948896859733e+02
1.20210480839087595e+02
1.20261861822783288e+02
1.20610760249588921e+02
1.20934524268729561e+02
1.21756082638693542e+02
1.22287548736167366e+02
1.23041517996993633e+02
1.23526969082791155e+02
1.23726598911549758e+02
1.23849441249388690e+02
1.24365454645235985e+02
1.24385884818808421e+02
1.24397774738342179e+02
1.25059076384854706e+02
1.25138139822368061e+02
1.25383327241279531e+02
1.25914134455628812e+02
1.26523451400324632e+02
1.26672344311151448e+02
1.26674326934913921e+02
1.26840905970174134e+02
1.27024262647740159e+02
1.27099513319346016e+02
1.28321508992519540e+02
1.29415725080402268e+02
1.29592166187792344e+02
1.29941772784438996e+02
1.30136310211541854e+02
1.30325345078248233e+02
1.30800794513127101e+02
1.30880779823056628e+02
1.30913261413865740e+02
1.30956387653711545e+02
1.31046051553722208e+02
1.31481371513300701e+02
1.31497341616969806e+02
1.31515791976464527e+02
1.31592646704740105e+02
1.31808632687760195e+02
1.31946827208873060e+02
1.32106844071648425e+02
1.32166550212523703e+02
1.33150511997065735e+02
1.33284401370714932e+02
1.33635158661004994e+02
1.33716128262979169e+02
1.33949104922597400e+02
1.34095035486650403e+02
1.34624671352661011e+02
1.34674143659023144e+02
1.34695159748786438e+02
1.34995822794819759e+02
1.35144581105226393e+02
1.35426375107922297e+02
1.35476399719258325e+02
1.36291995094770897e+02
1.36505146922325480e+02
1.36635269807104464e+02
1.37117102376904228e+02
1.37266894087966790e+02
1.37473541030406409e+02
1.37907174302660366e+02
1.38666366945299615e+02
1.38784365954527715e+02
1.38897290693292547e+02
1.39430629847907255e+02
1.40030159366087048e+02
1.40031321560043324e+02
1.40656796211277310e+02
1.41378088031466092e+02
1.41617834906117764e+02
1.41646264034597863e+02
1.41852329480139275e+02
1.42098506543318052e+02
1.42268145589764202e+02
1.42300184545765546e+02
1.42309072543887055e+02
1.43072144014641935e+02
1.43959319468832945e+02
1.44096504604880295e+02
1.44372713607701058e+02
1.44561054350300935e+02
1.44602667651604349e+02
1.44656407726030636e+02
1.44747540227898213e+02
1.44757046132939479e+02
1.44868586677255820e+02
1.44905486974486593e+02
1.45093202443474439e+02
1.45110811412875790e+02
1.45211639438072780e+02
1.45538257052233291e+02
1.46015535552453656e+02
1.46401591923132941e+02
1.46515566048957027e+02
1.46934615496996514e+02
1.47012013677077078e+02
1.47056946379499237e+02
1.47162619478080956e+02
1.48126529025365556e+02
1.48168359996460310e+02
1.48540893382833502e+02
1.48637319368524089e+02
1.48958602529238163e+02
1.49339142975736223e+02
1.49588828823471829e+02
1.51216014795301561e+02
1.51296533776996142e+02
1.51858555925311236e+02
1.51926096740031142e+02
1.52406698694716056e+02
1.52667749409693016e+02
1.52719403297735880e+02
1.52752539171139091e+02
1.52891477361082991e+02
1.53543672450930046e+02
1.53619144572830095e+02
1.53765648707369451e+02
1.53780358046674962e+02
1.54032339485333523e+02
1.54036938739916508e+02
1.54289404487768934e+02
1.54357687911145035e+02
1.54386921011614078e+02
1.54988498082751590e+02
1.55158841044305575e+02
1.55379239841909509e+02
1.55770918580561442e+02
1.56017162128820473e+02
1.56170584841050839e+02
1.56461264747339783e+02
1.56506415022321363e+02
1.56730908661788135e+02
1.56816993530853324e+02
1.57020823845436922e+02
1.57076173206687741e+02
1.57989199203997146e+02
1.58008912668514483e+02
1.58032364321458601e+02
1.58510081968178866e+02
1.58598981182489268e+02
1.58602354334531100e+02
1.58721804657061540e+02
1.58856157697992842e+02
1.58859073038690468e+02
1.59553230058826387e+02
1.60100081831183843e+02
1.60141771425768155e+02
1.60649298912187106e+02
1.60696554421640485e+02
1.60963992270500057e+02
1.61257854261596549e+02
1.61409194924011928e+02
1.61426770563496603e+02
1.61449318053716723e+02
1.61481831623533424e+02
1.62586207352478539e+02
1.63269035749118643e+02
1.63814417738391768e+02
1.64214256129814032e+02
1.64306835904697522e+02
1.64328141431695428e+02
1.65456284312585609e+02
1.65570521820658570e+02
1.65744439968558481e+02
1.65808995386753708e+02
1.65888559495904616e+02
1.66104806819487294e+02
1.66255591785542720e+02
1.66748164670832637e+02
1.66912421194946177e+02
1.66989500433657952e+02
1.67052168318713058e+02
1.67153944684314581e+02
1.67403354690332208e+02
1.67548714618895332e+02
1.67621385709166077e+02
1.67820884549480695e+02
1.68096097159391576e+02
1.68348264190302103e+02
1.68626411886404952e+02
1.68866381343572954e+02
1.69136503161823327e+02
1.69159118432111597e+02
1.69645210090802976e+02
1.69761460784635005e+02
1.70200986831152790e+02
1.70683974372110555e+02
1.70756648923804391e+02
1.71108629050078520e+02
1.71138299498074105e+02
1.72278355889950888e+02
1.72391247631467451e+02
1.72861223705171568e+02
1.73051079106759687e+02
1.73051323761717185e+02
1.73156383722437909e+02
1.73237902382707546e+02
1.73314040007716670e+02
1.73436567884234648e+02
1.73457525344091010e+02
1.73627619061687341e+02
1.73885016924551536e+02
1.73962977195547126e+02
1.74128314936730590e+02
1.74597344378444546e+02
1.74667005519216588e+02
1.74703040484522006e+02
1.75501306742076423e+02
1.75544200290436123e+02
1.75579642877891473e+02
1.76332390750667088e+02
1.76375435596914940e+02
1.76505118364401284e+02
1.76510127273082901e+02
1.77690338658069322e+02
1.77748389937911242e+02
1.77837610645713056e+02
1.77995614456201679e+02
1.78126880434874010e+02
1.78364708819012918e+02
1.78804518628471698e+02
1.78900385663645380e+02
1.79084234729505397e+02
1.79105761949224586e+02
1.79188198094583953e+02
1.79262522359023990e+02
1.79565904013860347e+02
1.79941734994544419e+02
1.80047535348178855e+02
1.80382157341036049e+02
1.80615221805826252e+02
1.80811623236541351e+02
1.80983434160722680e+02
1.81146838117391923e+02
1.81410080442719533e+02
1.81490838045396885e+02
1.81900332970492144e+02
1.81906051907348655e+02
1.82018898350490673e+02
1.83050565705989527e+02
1.83151887951528948e+02
1.83239228681188990e+02
1.83654652692342069e+02
1.83739083778487867e+02
1.83979562799023228e+02
1.84409140599848342e+02
1.84535986574721704e+02
1.84545769627467735e+02
1.85145525952155594e+02
1.85810681328249359e+02
1.85915914850555140e+02
1.86199904697813025e+02
1.86397860288229396e+02
1.86643956733823956e+02
1.86865470499734727e+02
1.87440215250949962e+02
1.87508178139209491e+02
1.87514729392944133e+02
1.87742598755545885e+02
1.88102872543977583e+02
1.88104293835766384e+02
1.88178260496787033e+02
1.88224237358328452e+02
1.88411573712253983e+02
1.88536688469651324e+02
1.88779017005048132e+02
1.88886460689985114e+02
1.89161676054298397e+02
1.89323948036102053e+02
1.89493489349502028e+02
1.90298887398936813e+02
1.90313954747987026e+02
1.90385124472022170e+02
1.90599774821871392e+02
1.90775106868261815e+02
1.91621809701432340e+02
1.91637610674815875e+02
1.91706510474963977e+02
1.92070392167579286e+02
1.92218004274052788e+02
1.92244009393044621e+02
1.92591272357363067e+02
1.92619434073002083e+02
1.92729768117413585e+02
1.92867497052584469e+02
1.92960089816208495e+02
1.93553239979061999e+02
1.93560976567337292e+02
1.93610239658379015e+02
1.93929284372555486e+02
1.94173853492196258e+02
1.94478910846055214e+02
1.94574214434241242e+02
1.94783256749120767e+02
1.94823280213757442e+02
1.95301322185619085e+02
1.95324814000529756e+02
1.95977821804020749e+02
1.96314230774243072e+02
1.96550299977935964e+02
1.96793948471037197e+02
1.96957476751384121e+02
1.97349693155213430e+02
1.97405549757237651e+02
1.97445457104714791e+02
1.97927433345877034e+02
1.98330141943024159e+02
1.98451468734581198e+02
1.98775972424581880e+02
1.98822990907509535e+02
1.98873066787017507e+02
1.99372183247479256e+02
1.99572255825057539e+02
2.00250770136916145e+02
2.00648208699303439e+02
2.00808696842333774e+02
2.01066783323833022e+02
2.01559437818148552e+02
2.01574759342164384e+02
2.01923626969704173e+02
2.01971532194607590e+02
2.01993793174752312e+02
2.02164507676639090e+02
2.02275970411865472e+02
2.02587510752063963e+02
2.02776893354794851e+02
2.02899130542057833e+02
2.03310203956928035e+02
2.03370763506501049e+02
2.03445525461283637e+02
2.03527029299488703e+02
2.03605172194147343e+02
2.03756594620731590e+02
2.03758772826632423e+02
2.03789800553784119e+02
2.03816792222484992e+02
2.03820583379760507e+02
2.03876571109524775e+02
2.05230083088130755e+02
2.05251283588898048e+02
2.05575544252174467e+02
2.05649270972018655e+02
2.05790608827688231e+02
2.05791015021893543e+02
2.05812394288828642e+02
2.06547555986740321e+02
2.06617954836697834e+02
2.06786231803473868e+02
2.06901189940478815e+02
2.06975261457459112e+02
2.07052043269079320e+02
2.07810537746587755e+02
2.08195599263731793e+02
2.08214256234353968e+02
2.08251395313338804e+02
2.08613021155709191e+02
2.08639466185863085e+02
2.08730781448899052e+02
2.08819061894612418e+02
2.08874065155531355e+02
2.09119985377559487e+02
2.09291351196346170e+02
2.09420722984807554e+02
2.09671451211496901e+02
2.10710412145404803e+02
2.10898146348336439e+02
2.11343715143811494e+02
2.11891678021069140e+02
2.12075960724904405e+02
2.12247893457991324e+02
2.12362244345600857e+02
2.12363629061702738e+02
2.12535143007028836e+02
2.12644032573239571e+02
2.12911448564751282e+02
2.12968060175156353e+02
2.13224315834255378e+02
2.13663830719738371e+02
2.13913037729144975e+02
2.14819894052894938e+02
2.14821526789726306e+02
2.15264976472054371e+02
2.15310412326012909e+02
2.15337687052839840e+02
2.15616930092415487e+02
2.15844741223417657e+02
2.16077550387769662e+02
2.16294395597571793e+02
2.16545960326284643e+02
2.16578100159834861e+02
2.16663711179771042e+02
2.16874940394566494e+02
2.16992720395542392e+02
2.17196258818940123e+02
2.17272278583816671e+02
2.17491274018396950e+02
2.17575352542604719e+02
2.17670911179588728e+02
2.17790643954144656e+02
2.18068459954366176e+02
2.18409181768870013e+02
2.18480456982997197e+02
2.19156188576662373e+02
2.19447805399024247e+02
2.19633024703059931e+02
2.19854616834329988e+02
2.19944516767709786e+02
2.19987973494249815e+02
2.19997224720020625e+02
2.19998549074157722e+02
2.20010356942414717e+02
2.20012338937768845e+02
2.20015305498277712e+02
2.20153428052528284e+02
2.20189554795058598e+02
2.20328215471918156e+02
2.20489991937602809e+02
2.20926309294626293e+02
2.21967824802907074e+02
2.22062269921493225e+02
2.22064004796477491e+02
2.22483811290440144e+02
2.22874427518417065e+02
2.22885793327349262e+02
2.23350372832019701e+02
2.23527847820643217e+02
2.23569792020879987e+02
2.23648288851543043e+02
2.23708684206339200e+02
2.24202109875961185e+02
2.24555512491844866e+02
2.24829116789704187e+02
2.25025385308334677e+02
2.25291191635917443e+02
2.25358553133342895e+02
2.25540156090590472e+02
2.25567632525784262e+02
2.25603203707384580e+02
2.25913078637140103e+02
2.26545816442375582e+02
2.26583666201208672e+02
2.27195954248586986e+02
2.27522720426997722e+02
2.27549906834738465e+02
2.27809421740698980e+02
2.27857269343228495e+02
2.28159986003510483e+02
2.28183373409835099e+02
2.28244266340743707e+02
2.28356624950304877e+02
2.29081049940849084e+02
2.29200644700235586e+02
2.29242885760221327e+02
2.29486155274891615e+02
2.29529277561794572e+02
2.29690603595821301e+02
2.30134635427413741e+02
2.30269008437006761e+02
2.30300173356257716e+02
2.30553778391736671e+02
2.30718640858494155e+02
2.31301053093838448e+02
2.31400228026496848e+02
2.31508518242450066e+02
2.31557911599958373e+02
2.31630124975238147e+02
2.31632233350457398e+02
2.31721346453455652e+02
2.32161213605285639e+02
2.32632802969509157e+02
2.32947811901788242e+02
2.33123464084473568e+02
2.33394239096853966e+02
2.33927324688903610e+02
2.34093454616471064e+02
2.34216021526104271e+02
2.34278692903227352e+02
2.34305849619320782e+02
2.34381724604914780e+02
2.34675129983384153e+02
2.34693970813858726e+02
2.34703860956938456e+02
2.34817952149324185e+02
2.35441387287402534e+02
2.35495709758196824e+02
2.35647020828976252e+02
2.35896561947216270e+02
2.36538905041480263e+02
2.36799953666373085e+02
2.36808030864973915e+02
2.36870812133522890e+02
2.36872642764477632e+02
2.36921328381458693e+02
2.37213183641681667e+02
2.37253282335608844e+02
2.37774921340193885e+02
2.37865698841922097e+02
2.38255136621516840e+02
2.38714183172548132e+02
2.38843907542815771e+02
2.38921150974867857e+02
2.39419515304138969e+02
2.39591060029672462e+02
2.39682957605179325e+02
2.39760573054922418e+02
2.39798045534603347e+02
2.40205976932294305e+02
2.40317313361888154e+02
2.40373637919980581e+02
2.40644633433768121e+02
2.40994128972024242e+02
2.41054398733502808e+02
2.41093643468187082e+02
2.41099482027181068e+02
2.41300322523960688e+02
2.41391418727398843e+02
2.41449201658932481e+02
2.41653849526843032e+02
2.41654361696458039e+02
2.41680187361386970e+02
2.42066991615960916e+02
2.42682137727537395e+02
2.43059865263503184e+02
2.43134316217558364e+02
2.43206392892534836e+02
2.43737980596946528e+02
2.43759052377002035e+02
2.43777949068092283e+02
2.43826980356018140e+02
2.44081197181140084e+02
2.44188996810282390e+02
2.44398351661989068e+02
2.44664457534907484e+02
2.44816905385549887e+02
2.45393974130073190e+02
2.45644100014100758e+02
2.45824887866995851e+02
2.46268509284508013e+02
2.46544504256545594e+02
2.46552724313529154e+02
2.46612189469169948e+02
2.46801205420986548e+02
2.46809534484871449e+02
2.47052391074856814e+02
2.47128650615931377e+02
2.47306797833994750e+02
2.47852627122762073e+02
2.47929882088469014e+02
2.48110156286058555e+02
2.48792183876516617e+02
2.48843191429782763e+02
2.48945269754899442e+02
2.49201934523915753e+02
2.49240418733861475e+02
2.49395949741812331e+02
2.49557063268570118e+02
2.49842000684295868e+02
2.49920136519302133e+02
2.49971386822718898e+02
2.49992010210618417e+02
2.50172883004288025e+02
2.50289951726747546e+02
2.50481699164332582e+02
2.51498347780817937e+02
2.51537351147510719e+02
2.52267218678171275e+02
2.52451316263036176e+02
2.52472306326496494e+02
2.53477909505512173e+02
2.53837182307553832e+02
2.54194454102398282e+02
2.54204243862758801e+02
2.54204950385992646e+02
2.54292639157635136e+02
2.54312643107623671e+02
2.54330066461686044e+02
2.54334411828303558e+02
2.54394544444565867e+02
2.54553483787407515e+02
2.54565348988588454e+02
2.54615022121201861e+02
2.54659814143444379e+02
2.54743281302536445e+02
2.54929600441354609e+02
2.55149927612100583e+02
2.55228339023541878e+02
2.55415110641255154e+02
2.55465793071941533e+02
2.55831772755389068e+02
2.55869934904477248e+02
2.56378047083143144e+02
2.56404611444418947e+02
2.56411758184044913e+02
2.56599132014031625e+02
2.56665213305351813e+02
2.56899510118839430e+02
2.56972606773516247e+02
2.57260157019184305e+02
2.57591301740519270e+02
2.57636907822591581e+02
2.57644610416758553e+02
2.58111930652146100e+02
2.58350810821132484e+02
2.58746504191632710e+02
2.58772225788931337e+02
2.58886881395795569e+02
2.58921613077206075e+02
2.59173576163939913e+02
2.59653479959956258e+02
2.59691743750255284e+02
2.59749408975025631e+02
2.60387514893076514e+02
2.60620425686930446e+02
2.60686456379762888e+02
2.60821344274594651e+02
2.61253121642940130e+02
2.61328953664609173e+02
2.61329568119892713e+02
2.61413271612410426e+02
2.61536145711469771e+02
2.62158164350281027e+02
2.62225862720769896e+02
2.62899439329451866e+02
2.63117040069540280e+02
2.63153344307078214e+02
2.63373168930333236e+02
2.63593582131186167e+02
2.64034363356428514e+02
2.64207730468098021e+02
2.64271606175954616e+02
2.64452361831400822e+02
2.64694734131314817e+02
2.64700047786380765e+02
2.64745056359160060e+02
2.64760912877417013e+02
2.64908248551882252e+02
2.64972642529903396e+02
2.65061862604958435e+02
2.65247282939420018e+02
2.65335474111601002e+02
2.66062134684114199e+02
2.66216548581718371e+02
2.66303627007632087e+02
2.66325360189307446e+02
2.66409672491757988e+02
2.66556399582704046e+02
2.67145579392219304e+02
2.67292172301609753e+02
2.67533133550961225e+02
2.67737570379669194e+02
2.67862732267320553e+02
2.67864419488451745e+02
2.67925782243536162e+02
2.67943280011724596e+02
2.68212999083267164e+02
2.68869780511233159e+02
2.68906865230318260e+02
2.69476912546905396e+02
2.69486651317569169e+02
2.69619794138645943e+02
2.69643141074658104e+02
2.70259182328329700e+02
2.70980851931415771e+02
2.71067370165401371e+02
2.71201550779068270e+02
2.71255825639682257e+02
2.71326103024316353e+02
2.71333529952470997e+02
2.71436985443503659e+02
2.71609221032791993e+02
2.71658771555615147e+02
2.71706672523315319e+02
2.71726562809898837e+02
2.71887100267813253e+02
2.71964262529421319e+02
2.72203666089857450e+02
2.72208968124623141e+02
2.72394601758686292e+02
2.72397827503376163e+02
2.72775827452967064e+02
2.73094844457498084e+02
2.73159473448451024e+02
2.73227596007584168e+02
2.73237858212685296e+02
2.73729481087728402e+02
2.73779207245078908e+02
2.74167547401378613e+02
2.74180000326526340e+02
2.74301213234232137e+02
2.74655840261076833e+02
2.74664511544717982e+02
2.74687056191819693e+02
2.74688507638348199e+02
2.74990868328525494e+02
2.75274381011670869e+02
2.75693467533907153e+02
2.75759364314256970e+02
2.75872979582146627e+02
2.76239203292619891e+02
2.76335508318302175e+02
2.76653964760120289e+02
2.76726930390518248e+02
2.77513554248656590e+02
2.77705908400116755e+02
2.77976228141538911e+02
2.78056916093251800e+02
2.78414806405335924e+02
2.78471274934611472e+02
2.79063087293643491e+02
2.79575264933673509e+02
2.79595915732964841e+02
2.79599793002947251e+02
2.79682339689196340e+02
2.79862141758691564e+02
2.79871008775297241e+02
2.79939031975603484e+02
2.80174580873168793e+02
2.80218145079679175e+02
2.80771074179376853e+02
2.80775836631947641e+02
2.80856759498098313e+02
2.80904642292351127e+02
2.81100410492195635e+02
2.81222600321795596e+02
2.81414545802197892e+02
2.81729588994943924e+02
2.82204872441917757e+02
2.82261914216000775e+02
2.82585274345867504e+02
2.82888229566338282e+02
2.82974779404618403e+02
2.83012141160534497e+02
2.83024430796382319e+02
2.83089544247118852e+02
2.83188257458827024e+02
2.83194382370414758e+02
2.83488939238659043e+02
2.83512200115679263e+02
2.84241934956154012e+02
2.84473346110344039e+02
2.84521761546428877e+02
2.84884189888317451e+02
2.84992399659988280e+02
2.85001286033311260e+02
2.85131782565960975e+02
2.85200610089872782e+02
2.85299458654638613e+02
2.85300143023512021e+02
2.85582191251703193e+02
2.85649239804988781e+02
2.85704406647098210e+02
2.85812241513214929e+02
2.86128013123685662e+02
2.86703206607641221e+02
2.86752898528982143e+02
2.87190708136229603e+02
2.87589806460321029e+02
2.87641704382488797e+02
2.87658396867883482e+02
2.87749119407065677e+02
2.88098397574712180e+02
2.88528886764035576e+02
2.88805167806258453e+02
2.88807178958683153e+02
2.88965856817356155e+02
2.89199840083860920e+02
2.89469519665563439e+02
2.89676349122296699e+02
2.89978279642728182e+02
2.90023369447794948e+02
2.90315140506252817e+02
2.90346506330962029e+02
2.90410315316072570e+02
2.90506764155786186e+02
2.90620265186359859e+02
2.90640331750837959e+02
2.90809800804159863e+02
2.90811374870097779e+02
2.91050122377348487e+02
2.91061864552698978e+02
2.91066992379087424e+02
2.91083828513515300e+02
2.91091536438687569e+02
2.91535173363784963e+02
2.91541904298690838e+02
2.91731248031469647e+02
2.91790163379625938e+02
2.92437876648709334e+02
2.92516696679829352e+02
2.92520437033949179e+02
2.92679938610362967e+02
2.92754132981911937e+02
2.92929145622293447e+02
2.93593225995773594e+02
2.94389431494898474e+02
2.94472142665334957e+02
2.94901166264234234e+02
2.95055550773140624e+02
2.95222744234303661e+02
2.95311881827500315e+02
2.95313585231882485e+02
2.95316002266053033e+02
2.95367546354375804e+02
2.95663890331507389e+02
2.95716448613183445e+02
2.95961931867999681e+02
2.96270708051330871e+02
2.96340399397440137e+02
2.96767575584138910e+02
2.97109461998115762e+02
2.97165987115687869e+02
2.97407250987585201e+02
2.97417351008745925e+02
2.97440858427305841e+02
2.97525887672393594e+02
2.97625835746692132e+02
2.97629219727373822e+02
2.97730533312272655e+02
2.98054866116880760e+02
2.98536314848324309e+02
2.98729207613480185e+02
2.98737964634640832e+02
2.99145447348179744e+02
2.99328292262410912e+02
2.99599337916966022e+02
2.99621982821167876e+02
2.99976447905729572e+02
3.00321868611140758e+02
3.00537621590855963e+02
3.00553342415422037e+02
3.00560993286571716e+02
3.00593254124186160e+02
3.00630897157092988e+02
3.00669430280369454e+02
3.00807789702948412e+02
3.00842301314731515e+02
3.01108528525680526e+02
3.01117583124641442e+02
3.01226364844095656e+02
3.01593301593742297e+02
3.01905470435496568e+02
3.02182974272516333e+02
3.02301558117492164e+02
3.02607190271472405e+02
3.02877052329473315e+02
3.03157263144120691e+02
3.03338427646473804e+02
3.03550253430596285e+02
3.03816375076191321e+02
3.04020404538886680e+02
3.04196695524580377e+02
3.04210399158892301e+02
3.04256439600139686e+02
3.04385368355790888e+02
3.04641959266811114e+02
3.04692130218761747e+02
3.04723944420779503e+02
3.04789712059121939e+02
3.04808114078770473e+02
3.05553098331127785e+02
3.05910959913267163e+02
3.06202197061435811e+02
3.06204085292054970e+02
3.06369948635875119e+02
3.06563199917142072e+02
3.06707393179614826e+02
3.06857781456574401e+02
3.07001388558435224e+02
3.07366694660698101e+02
3.07398593079476143e+02
3.07564580044882348e+02
3.07575890258105346e+02
3.07676796905219476e+02
3.07807890480751723e+02
3.08080212864542716e+02
3.08114400795700533e+02
3.08130998578889546e+02
3.08187337039890622e+02
3.08451543857006868e+02
3.08462050493563481e+02
3.08783529613179780e+02
3.09417818399230725e+02
3.09466598178865866e+02
3.09793534275612103e+02
3.10017967661985438e+02
3.10019435896393247e+02
3.10135492385774171e+02
3.10335291173932319e+02
3.10340679215245700e+02
3.10545694290242352e+02
3.10851516798793625e+02
3.11626752628458178e+02
3.11681961563650191e+02
3.12074095387351122e+02
3.12428004356532711e+02
3.12740047605865129e+02
3.12867697374059219e+02
3.12911306993004303e+02
3.12915126012076712e+02
3.12921493768167011e+02
3.12993428420739917e+02
3.13018324457706910e+02
3.13187959764083757e+02
3.13478332409047425e+02
3.13667601830323804e+02
3.13885242246723578e+02
3.13945317054292673e+02
3.13979546388288782e+02
3.14000926327153536e+02
3.14427278569127736e+02
3.14525581569830535e+02
3.14634276952594121e+02
3.14652401735753301e+02
3.14764406220396495e+02
3.14771500828168541e+02
3.15034474675873128e+02
3.15048362550192962e+02
3.15228760300695342e+02
3.15355161437852416e+02
3.15570738361679332e+02
3.15600326303600184e+02
3.15721681007408563e+02
3.16060827629626715e+02
3.16345699607691245e+02
3.16412972640563737e+02
3.16960867017922965e+02
3.17499007425593106e+02
3.17745498750796685e+02
3.17830901697431727e+02
3.17840753567127365e+02
3.17873167987774877e+02
3.17948032412962561e+02
3.18133575466267985e+02
3.18276491573220369e+02
3.18543898200789272e+02
3.18661332568316709e+02
3.18740911016083487e+02
3.18886901906074968e+02
3.18927450672923328e+02
3.19242829903977054e+02
3.19443423819651400e+02
3.19608146617212867e+02
3.19609220817391076e+02
3.19623693079239615e+02
3.20021932858949299e+02
3.20137551538454204e+02
3.20210358038313473e+02
3.20551434642785807e+02
3.20621536737065355e+02
3.21046244594224220e+02
3.21275692250201132e+02
3.21377006022993498e+02
3.21391453189561730e+02
3.21415169226837065e+02
3.21715396546753254e+02
3.21811130246789673e+02
3.22365998025164231e+02
3.22434321209503366e+02
3.22476950377812102e+02
3.22679083757120736e+02
3.22729147569988299e+02
3.23087299889253245e+02
3.23442174385130954e+02
3.23461217374733621e+02
3.23706069089046764e+02
3.23790841861235094e+02
3.23884915212751139e+02
3.23947480458108771e+02
3.24246690351557504e+02
3.24369064777432300e+02
3.24511341222305873e+02
3.24888696034182658e+02
3.24890472207228129e+02
3.24908385660961414e+02
3.25594425217267883e+02
3.25616252775946634e+02
3.25727107769284316e+02
3.25753227434226801e+02
3.25790524333360850e+02
3.25822256461172572e+02
3.25872305016723203e+02
3.26045766803102310e+02
3.26428350963059756e+02
3.26431756210161780e+02
3.26514516510676060e+02
3.26579327816495663e+02
3.26738825784819028e+02
3.27087959446058107e+02
3.27168736636532003e+02
3.27839012848021810e+02
3.27905917601451847e+02
3.27991639257861152e+02
3.28222575114552910e+02
3.28679040449000127e+02
3.29117423420309422e+02
3.29197088029740826e+02
3.29218171493127954e+02
3.29422501217903630e+02
3.29429829787713516e+02
3.29825893812995673e+02
3.29838230922591322e+02
3.30212575934881386e+02
3.30224661678934865e+02
3.31011872580051943e+02
3.31021454928919184e+02
3.31041651733112701e+02
3.31052574590306961e+02
3.31078868943755595e+02
3.31128777811762518e+02
3.31234883934371908e+02
3.31286403029214512e+02
3.31536869653773181e+02
3.31546954316731217e+02
3.31801859369055535e+02
3.31949212228693568e+02
3.31953226518954409e+02
3.32762362646804149e+02
3.32775819652454572e+02
3.32933462499118434e+02
3.33153160318757273e+02
3.33210785873937994e+02
3.33408522531496260e+02
3.33449720366953898e+02
3.33475082416628425e+02
3.33701656046623782e+02
3.33770825222546705e+02
3.33847099423524242e+02
3.34045791429058966e+02
3.34228840983499992e+02
3.34259229323145519e+02
3.34286393735329113e+02
3.34500095022447681e+02
3.34563070963034079e+02
3.34707582377644087e+02
3.34754179914120584e+02
3.34853086410885567e+02
3.34970396801023128e+02
3.35013671559907152e+02
3.35175767104767431e+02
3.35181146829210036e+02
3.35332991455946171e+02
3.36153468861387751e+02
3.36864794197448418e+02
3.37077069274391363e+02
3.37129781470141779e+02
3.37237984454398486e+02
3.37240534310664600e+02
3.37295209909571668e+02
3.37359792707521706e+02
3.37457835803289072e+02
3.37469875700139653e+02
3.37534202526585602e+02
3.37580520465525581e+02
3.37923178471680046e+02
3.37957611383578296e+02
3.37983160399974679e+02
3.38391197439675295e+02
3.38674352953168807e+02
3.38777260528767613e+02
3.39191095150922877e+02
3.39204597044136165e+02
3.39241752215570841e+02
3.39405248462841996e+02
3.39783057090018360e+02
3.40209298818171703e+02
3.40212104174834565e+02
3.40219045551432714e+02
3.40777550221332945e+02
3.40964267773214488e+02
3.40993671205114708e+02
3.41435051013464602e+02
3.42206101898897430e+02
3.42388360111816041e+02
3.42559357576043794e+02
3.43095107442840288e+02
3.43262434124529591e+02
3.43365268868964279e+02
3.43564793508771004e+02
3.43632758411186899e+02
3.43917253082836794e+02
3.43922331018702494e+02
3.44016447946998483e+02
3.44084073100755006e+02
3.44112843519056128e+02
3.44131665266504626e+02
3.44248137522625598e+02
3.44263385151613704e+02
3.44302906257605230e+02
3.44718647262243962e+02
3.44774490930867557e+02
3.44904280567171213e+02
3.44924265692020924e+02
3.45034023360566778e+02
3.45146100747684329e+02
3.45256559777039797e+02
3.45375700275077577e+02
3.45402563269704217e+02
3.45729782901296289e+02
3.45751331933408551e+02
3.45961536474521097e+02
3.46331906239314833e+02
3.46396130899009165e+02
3.46526989966333133e+02
3.46531468206818033e+02
3.46589356184380222e+02
3.46597021396452192e+02
3.46807275268975047e+02
3.47288822990587676e+02
3.47290934831552192e+02
3.47389896654915901e+02
3.47772398690563989e+02
3.47950042002053181e+02
3.47970403688627187e+02
3.48314101502221035e+02
3.48401946302989813e+02
3.48754625326576615e+02
3.48776308760910467e+02
3.49045794557093870e+02
3.49094120805882710e+02
3.49464306840891538e+02
3.49468144467993284e+02
3.49755476956643065e+02
3.49772631347764332e+02
3.49963982532002660e+02
3.50001871117709925e+02
3.50058495387359130e+02
3.50247160038052300e+02
3.50258646653891105e+02
3.50696775234792312e+02
3.50718066718730313e+02
3.50793103674065321e+02
3.51176232488534936e+02
3.51203273670515841e+02
3.51333730043955882e+02
3.51463980853570376e+02
3.51798299874021382e+02
3.51911821274360932e+02
3.52119439399656414e+02
3.52234649051633539e+02
3.52267216069905373e+02
3.52285027662731466e+02
3.52506212912641558e+02
3.52675688738161909e+02
3.53096460381997417e+02
3.53141164573491096e+02
3.53155451620952761e+02
3.53581701628539065e+02
3.53890039250680559e+02
3.53977263807556596e+02
3.54070394564425499e+02
3.54126518848015564e+02
3.54158643421480065e+02
3.54180274097722531e+02
3.54235558393770987e+02
3.54365130513115503e+02
3.54440569534860344e+02
3.54501960999923313e+02
3.54508801975593087e+02
3.54660057737278180e+02
3.54884933298043791e+02
3.55219822684828046e+02
3.55220386744009204e+02
3.55684040059236452e+02
3.55757304877216995e+02
3.55954034680403197e+02
3.56075884527485698e+02
3.56146175871084097e+02
3.56283628779469950e+02
3.56296365198113563e+02
3.56524124351491992e+02
3.56941467640257429e+02
3.57004178328573914e+02
3.57514935081959834e+02
3.57645862074428862e+02
3.57663547014673725e+02
3.57749512262895848e+02
3.57777009270633528e+02
3.57990718851179963e+02
3.58364212650430886e+02
3.58752674310621956e+02
3.58820039508544426e+02
3.58854409043357975e+02
3.59140753205073906e+02
3.59263516602018342e+02
3.59427808262580697e+02
3.59878007544206639e+02
3.59973382373088953e+02
3.60112603291119626e+02
3.60334048598354343e+02
3.61163608237125459e+02
3.61179945574670285e+02
3.61405094363715875e+02
3.61411659489234125e+02
3.61561027956628550e+02
3.61567934147098924e+02
3.61982841906301076e+02
3.62133657055835556e+02
3.62799427596769192e+02
3.63069067310628554e+02
3.63097701708218210e+02
3.63247547741929338e+02
3.63372026456690492e+02
3.63704090109194055e+02
3.64231835249110304e+02
3.64240310178789741e+02
3.64421369760051221e+02
3.64437775253789084e+02
3.64543907313769694e+02
3.64642637284676994e+02
3.64645844601944191e+02
3.64667205453005693e+02
3.64687505413313374e+02
3.64757682610056293e+02
3.64783045137956890e+02
3.65033924494534347e+02
3.65162759873037430e+02
3.65168674407641731e+02
3.65271666554173862e+02
3.65286602062218947e+02
3.65648579821194005e+02
3.65733478585483510e+02
3.66005057381171980e+02
3.66041822843856949e+02
3.66051510595029868e+02
3.66148505969362589e+02
3.66198563495705514e+02
3.66379493588090497e+02
3.66894998100328735e+02
3.67162430478541921e+02
3.67184101570710538e+02
3.67224065643630865e+02
3.67228075730630678e+02
3.67242949350096012e+02
3.67595396582318756e+02
3.67607229117027543e+02
3.68001134769182784e+02
3.68179869927635991e+02
3.68295975922743196e+02
3.68400325446153204e+02
3.68630327959252156e+02
3.68764366537773128e+02
3.68942768493447090e+02
3.69064577117197643e+02
3.69318972276939462e+02
3.69424440207759574e+02
3.69518473770629441e+02
3.69520915290323956e+02
3.69558349207028641e+02
3.69628249185213292e+02
3.69656254741954172e+02
3.69730198183667312e+02
3.70242007053397856e+02
3.70748688901168009e+02
3.70853986707949787e+02
3.70975351191415029e+02
3.71274015076246883e+02
3.71291181644209871e+02
3.71599928224489133e+02
3.71748944691439704e+02
3.71750890989574145e+02
3.71801242902875629e+02
3.71812325622621074e+02
3.71859011799651910e+02
3.71889063770491646e+02
3.72244047993936704e+02
3.72296482773899186e+02
3.72403597753133624e+02
3.72518191497128498e+02
3.72523757355014766e+02
3.72655323893464072e+02
3.73295218727557597e+02
3.73314729514271278e+02
3.73396075191374109e+02
3.73786495372193940e+02
3.73849731325179846e+02
3.73854312453479963e+02
3.74014772546856022e+02
3.74251057449139637e+02
3.74469471883188930e+02
3.74483553516787993e+02
3.74547205279136961e+02
3.74835197630433697e+02
3.74983867187050180e+02
3.75223128033207843e+02
3.75339540849497553e+02
3.75824610952646822e+02
3.75901285965693262e+02
3.75934947960100203e+02
3.76037271162876721e+02
3.76065082602397297e+02
3.76347745172165276e+02
3.76675654351428363e+02
3.76755236364290795e+02
3.76769497721014147e+02
3.76940522920539138e+02
3.76944613116690448e+02
3.76975893241767778e+02
3.77039921675638311e+02
3.77048041719215178e+02
3.77114858569268222e+02
3.77165815778604440e+02
3.77171846662529163e+02
3.77558092333790285e+02
3.77738619675427344e+02
3.77960321252005031e+02
3.77989110564137263e+02
3.78317093802956663e+02
3.78422574927213134e+02
3.79423339487503711e+02
3.79465129213432533e+02
3.79467874202502571e+02
3.79500414225048360e+02
3.79677604724790513e+02
3.79725228280291049e+02
3.79737667107750497e+02
3.79787759326004732e+02
3.79806196372251463e+02
3.80765764389317667e+02
3.80823276243264274e+02
3.81312714296729268e+02
3.81559109959681223e+02
3.81640325250882142e+02
3.81926073198160907e+02
3.82427314113300611e+02
3.82527118468309197e+02
3.82546116091135616e+02
3.82548202127524235e+02
3.82699700193625915e+02
3.82708020595133632e+02
3.82716773581981897e+02
3.82749597766714658e+02
3.82883877900070217e+02
3.83196657347109465e+02
3.83204262193901116e+02
3.83245340192427534e+02
3.83337393661428848e+02
3.83626885414011724e+02
3.83737346379652877e+02
3.83993430809656047e+02
3.84158825692877372e+02
3.84171930835040257e+02
3.84352557402438890e+02
3.84833209416312855e+02
3.85002899234870711e+02
3.85181008337697847e+02
3.85386140439984956e+02
3.85411335799787480e+02
3.86008390691452860e+02
3.86109349217081331e+02
3.86200032527157418e+02
3.86230202606227238e+02
3.86239920222741432e+02
3.86253377920969740e+02
3.86353869701504721e+02
3.86376115876728647e+02
3.86390742952195239e+02
3.86577885113807838e+02
3.86807216667292266e+02
3.86904207273406882e+02
3.86943434611045461e+02
3.87853058698307848e+02
3.88154885480566350e+02
3.88189198441033227e+02
3.88196712448054200e+02
3.88508351901594722e+02
3.88520244562628761e+02
3.88740977676281432e+02
3.88787713676954240e+02
3.88819667691256370e+02
3.89239045993164666e+02
3.89303446602157692e+02
3.89374815661716013e+02
3.89397003953878482e+02
3.89756056299177374e+02
3.89788019523212711e+02
3.89805951057365974e+02
3.89850149410461995e+02
3.90412104841501161e+02
3.90885192223283127e+02
3.90931236566465486e+02
3.90948008483456931e+02
3.90986595047681647e+02
3.90992943153803765e+02
3.90996680854956992e+02
3.91288208554768460e+02
3.91333665288613872e+02
3.91346679379842556e+02
3.91377508908775667e+02
3.91446042439026769e+02
3.92033807703966545e+02
3.92129374274295401e+02
3.92149889128313703e+02
3.92383889314068369e+02
3.92607697411143306e+02
3.92629128556483693e+02
3.92811728091784005e+02
3.92918913263129241e+02
3.92927889933249332e+02
3.93048023871021940e+02
3.93069720551176317e+02
3.93173412058443489e+02
3.93289329369963241e+02
3.93368312747390632e+02
3.93503972201942474e+02
3.93533312957173791e+02
3.93607874341406614e+02
3.93939903383095213e+02
3.94418280230286655e+02
3.94672437098316209e+02
3.94944651532458067e+02
3.95006371129649551e+02
3.95071849487672466e+02
3.95141239296709159e+02
3.95156321335465520e+02
3.95166897397485343e+02
3.95196198467258284e+02
3.95337884936784405e+02
3.95586612262375525e+02
3.96040468881458480e+02
3.96089966846771631e+02
3.96231795927575945e+02
3.96322271815984720e+02
3.96415781431936125e+02
3.96505467745462227e+02
3.96521751834585302e+02
3.96534188421133535e+02
3.96542836427133011e+02
3.96610275793087681e+02
3.96843793307856970e+02
3.96878737389296873e+02
3.97507987351634540e+02
3.97920556283499252e+02
3.97962643935119445e+02
3.97982973751576424e+02
3.97985467831745154e+02
3.98040993929770025e+02
3.98087595188328692e+02
3.98164750176961093e+02
3.98325194117729211e+02
3.98365820837440424e+02
3.99415165681432370e+02
3.99595647740167465e+02
4.00173633288971359e+02
4.00191514772484368e+02
4.00204072698504547e+02
4.00683104616641060e+02
4.01214343811235722e+02
4.01338133685277910e+02
4.01368590110143600e+02
4.01474791462216444e+02
4.01480828447323802e+02
4.01486838689002639e+02
4.01833774076685415e+02
4.01851209886428364e+02
4.02136405757377133e+02
4.02175128790410895e+02
4.02298558551439271e+02
4.02695925553068776e+02
4.02700924097745599e+02
4.02732899943324412e+02
4.03042416810023212e+02
4.03073600351783568e+02
4.03194772746648709e+02
4.03226660420590520e+02
4.03281133124016947e+02
4.03323532628159796e+02
4.03443127961107336e+02
4.03450594070667023e+02
4.03861569823560444e+02
4.03968369736280067e+02
4.04193488922877236e+02
4.04276860044483271e+02
4.04611925021559330e+02
4.04964413720176594e+02
4.05353344557976186e+02
4.05587449779493284e+02
4.05599887914071985e+02
4.05750113808311312e+02
4.05762887530405692e+02
4.05767945603538976e+02
4.05785776629997940e+02
4.05958506830773388e+02
4.05964528611383457e+02
4.05995051398804833e+02
4.06010332651812348e+02
4.06438577353088135e+02
4.06520642423714662e+02
4.07116535673945805e+02
4.07146212873092793e+02
4.07300701299474611e+02
4.07329279317967803e+02
4.07574950195417102e+02
4.07597339652929634e+02
4.07652584237010387e+02
4.08044168191842516e+02
4.08145863753759556e+02
4.08173698761275034e+02
4.08377408779067196e+02
4.08435407338563664e+02
4.08610250039876689e+02
4.08737559514551378e+02
4.08747424236036977e+02
4.09405395952398351e+02
4.09556523202197127e+02
4.09680852756247930e+02
4.10165681869295838e+02
4.10176134974665501e+02
4.10351340735752956e+02
4.10573192108347371e+02
4.10678132825000716e+02
4.10713144999727717e+02
4.10888529590216649e+02
4.10890614153015690e+02
4.11278043371410206e+02
4.11295049716461108e+02
4.11385465628948168e+02
4.11440926318618551e+02
4.11491237748634489e+02
4.11722843642236569e+02
4.11802673376719895e+02
4.11864244518855457e+02
4.11985249814387998e+02
4.12149987702759631e+02
4.12188610892969848e+02
4.12197831621268676e+02
4.12308911515454440e+02
4.12318580541092899e+02
4.12433630729378137e+02
4.12480559765926500e+02
4.13118053317802833e+02
4.13126382636198116e+02
4.13161478835213700e+02
4.13169847354795706e+02
4.13328578331222900e+02
4.13411798879046728e+02
4.13675314847532945e+02
4.13689525376145468e+02
4.13855215596242942e+02
4.13863382475927040e+02
4.14052142118807581e+02
4.14110885521292062e+02
4.14280533983432406e+02
4.14369402819057029e+02
4.14521907281996789e+02
4.14545421277262676e+02
4.14657742300507266e+02
4.14806871156090779e+02
4.15174868856242881e+02
4.15178879031945371e+02
4.15192406495242551e+02
4.15425407823253749e+02
4.15510604413229771e+02
4.15837751923713824e+02
4.15851980670919431e+02
4.15867738226633094e+02
4.15986059844394049e+02
4.16070581044512267e+02
4.16372982624282088e+02
4.16668473233523287e+02
4.16673775786531337e+02
4.16948661516255527e+02
4.16961734502353409e+02
4.17080403689337174e+02
4.17092702587836811e+02
4.17167477853977687e+02
4.17308154930842136e+02
4.17450052263875705e+02
4.17452611656312854e+02
4.17707689506534336e+02
4.17721129604000964e+02
4.17874454636639371e+02
4.18195523357382399e+02
4.18723295099652262e+02
4.18844020271735474e+02
4.18906341442834673e+02
4.18936726392167657e+02
4.19413142781940451e+02
4.19557786510260655e+02
4.19612226342632709e+02
4.19670277019809589e+02
4.20615826274362519e+02
4.20998604665755408e+02
4.21029728232781849e+02
4.21034310390782252e+02
4.21049540303179640e+02
4.21076858742712204e+02
4.21169085669602453e+02
4.21415649455717357e+02
4.21435721046344327e+02
4.21641454325897826e+02
4.21739839425434127e+02
4.22319051833896197e+02
4.22370784542395370e+02
4.22622319884513217e+02
4.22686584861020435e+02
4.22737632547552948e+02
4.22848500182386658e+02
4.23454377501370743e+02
4.23625470857257483e+02
4.23631997242762282e+02
4.23634259738968638e+02
4.23959443713699500e+02
4.23961988999076880e+02
4.24046516432107353e+02
4.24072728274008739e+02
4.24202715048249615e+02
4.24240267120274837e+02
4.24251702223536142e+02
4.24277850415359694e+02
4.24363651993225915e+02
4.25219634141086203e+02
4.25226679471147122e+02
4.25652779199689633e+02
4.25742135903825670e+02
4.25789097982579449e+02
4.25801234948108970e+02
4.25805913540406607e+02
4.26291307417280052e+02
4.26368322665149890e+02
4.26377891073252613e+02
4.26407792857234085e+02
4.26487187788741494e+02
4.26903580257892088e+02
4.27104286102298772e+02
4.27110854103123586e+02
4.27696500775224990e+02
4.27833065218670129e+02
4.28349252673946125e+02
4.28378085820532249e+02
4.28454220121839114e+02
4.28498912682087735e+02
4.28561575951697023e+02
4.28584339468940243e+02
4.28596743715814341e+02
4.28707061397716473e+02
4.28800465587094209e+02
4.28815301495357346e+02
4.28932336571325720e+02
4.29187628928444781e+02
4.29364701872053558e+02
4.29379748454484286e+02
4.29850733572264119e+02
4.29932548195031984e+02
4.30047336802607845e+02
4.30139288648230718e+02
4.30197379797602309e+02
4.30212002245815540e+02
4.30388753418308056e+02
4.30521469691188088e+02
4.30708482145376365e+02
4.31160754459086490e+02
4.31439028052528556e+02
4.31446396792017254e+02
4.31476878829130442e+02
4.31516302580722481e+02
4.31594264782222979e+02
4.31784517570396190e+02
4.31864240965237798e+02
4.32303772464159522e+02
4.32318253273536641e+02
4.32327659485790548e+02
4.32446282618516364e+02
4.32609042646159935e+02
4.32705664201070249e+02
4.32992409333994090e+02
4.33082070918424165e+02
4.33168507087396563e+02
4.33178507642242266e+02
4.33245262232476648e+02
4.33449124944293544e+02
4.33541703659277061e+02
4.33740451951008311e+02
4.34038825585480708e+02
4.34482261448291297e+02
4.34866207757725078e+02
4.34905539431087846e+02
4.34916499185523719e+02
4.34995111586895405e+02
4.35046696530617851e+02
4.35491280559691063e+02
4.35584588495340483e+02
4.35657140537718760e+02
4.35665674715337047e+02
4.36047130973282663e+02
4.36073097574523672e+02
4.36431718829353201e+02
4.36646917296298852e+02
4.36748346798552006e+02
4.36772561723534011e+02
4.36804030731330442e+02
4.36833758378765026e+02
4.36894005471501089e+02
4.37091479059749702e+02
4.37162210247891437e+02
4.37233158310966246e+02
4.37436874689585466e+02
4.37575439230451479e+02
4.37780443464788164e+02
4.38037789183693405e+02
4.38049695656388394e+02
4.38056294494750205e+02
4.38072164383664983e+02
4.38095975138678398e+02
4.38205526984562425e+02
4.38294996075377014e+02
4.38622727830239057e+02
4.38756441697042021e+02
4.38789387822232584e+02
4.38821174979808347e+02
4.39274214084269886e+02
4.39301298113042378e+02
4.39644135750259579e+02
4.39712373912260830e+02
4.39747730622476638e+02
4.39954083076578968e+02
4.40070427736368231e+02
4.40310236518410875e+02
4.40545215970576919e+02
4.40679918390952821e+02
4.40829701173981675e+02
4.40966340043829803e+02
4.40975578505624981e+02
4.41086096359077260e+02
4.41220854147399507e+02
4.41251103231848106e+02
4.41446281538169217e+02
4.41513510206947444e+02
4.41771115530678514e+02
4.41844533683830605e+02
4.41888614798108847e+02
4.41897310481026352e+02
4.42022025884573054e+02
4.42046525901491691e+02
4.42382725066220246e+02
4.42398268506531679e+02
4.42803090106320724e+02
4.43393376972631870e+02
4.43447906741001759e+02
4.43726433689165106e+02
4.43940051116255290e+02
4.44171885339290611e+02
4.44194147167547385e+02
4.44453167125717926e+02
4.44535101806573209e+02
4.44564435666327881e+02
4.44571885959139195e+02
4.44669003705569480e+02
4.44787797879410903e+02
4.44905627585228444e+02
4.45178019079116211e+02
4.45314592953186093e+02
4.45322349134312958e+02
4.45345547125677626e+02
4.45735858419078113e+02
4.45760167347682227e+02
4.45813077962246211e+02
4.46051982455879113e+02
4.46096643065421802e+02
4.46186377434745509e+02
4.46213319324096517e+02
4.46387539366174849e+02
4.46480876081007580e+02
4.46492080795975596e+02
4.46570772126549571e+02
4.46973008749280609e+02
4.47012909927475221e+02
4.47231511672142744e+02
4.47284508055316678e+02
4.47339389876742189e+02
4.47493642196346855e+02
4.47567009350369290e+02
4.47594483675621575e+02
4.47673983527097846e+02
4.47725003497431999e+02
4.47740150078082593e+02
4.47835153903486002e+02
4.47904318684165844e+02
4.47941200787108130e+02
4.48686098097982494e+02
4.48983063279247290e+02
