1.4423322017303198e+02
1.4442663979182859e+02
1.4445228221250858e+02
1.4451330740473216e+02
1.4458231333189732e+02
1.4471507163905497e+02
1.4475625466606633e+02
1.4494014769391180e+02
1.4496111895652456e+02
1.4504105759785347e+02
1.4540456292187719e+02
1.4586077314599791e+02
1.4625901966698598e+02
1.4636179927215875e+02
1.4679357232594307e+02
1.4684211977315078e+02
1.4690078843460466e+02
1.4699718537338703e+02
1.4797899057680451e+02
1.4800691683297902e+02
1.4839065979290257e+02
1.4849590213164859e+02
1.4879889452664963e+02
1.4919109167705253e+02
1.4942547694226562e+02
1.5104566813552120e+02
1.5113242697158327e+02
1.5169217312886266e+02
1.5176455315954726e+02
1.5223831396196044e+02
1.5251689676816852e+02
1.5256605135187311e+02
1.5272509746750086e+02
1.5336671066734314e+02
1.5346114951290619e+02
1.5358730750239911e+02
1.5361526358947404e+02
1.5384582474153879e+02
1.5387411558007958e+02
1.5413429139837129e+02
1.5419999416613530e+02
1.5481492129385168e+02
1.5498666003573246e+02
1.5519597254229728e+02
1.5560495433600434e+02
1.5585621150268364e+02
1.5599251705503158e+02
1.5628461667585310e+02
1.5632498718999057e+02
1.5654951122180901e+02
1.5664533180092735e+02
1.5686093543125315e+02
1.5689568923112483e+02
1.5781894480368123e+02
1.5783719342123450e+02
1.5832781102605833e+02
1.5839895622702178e+02
1.5853480471182323e+02
1.5867248025263240e+02
